0.6200724
-0.1956927
-0.5016788
-0.2052829
0.07963279
0.1441247
-0.1450512
-0.001004423
-0.1855271
0.04124236
0.03477824
0.1738101
-0.1606725
-0.2542647
-0.4483225
-0.07506153
0.2135772
0.3619245
0.2602142
0.061354
-0.141161
-0.369792
-0.5093781
-0.2960687
-0.4033105
-0.2850041
-0.4213073
-0.1983718
-0.03218003
-0.3115158
-0.2886359
-0.3888715
-0.1959594
-0.2272222
-0.3952536
-0.3010982
-0.2849979
-0.3985863
-0.2263387
0.084063
-0.1479396
0.1483101
0.1323905
-0.3212106
-0.04815189
0.2768148
0.1709441
-0.005826073
0.2369823
0.2454421
0.2436567
0.2458055
0.1489717
0.2877144
0.1738197
0.3936881
0.4173989
0.4419125
0.3465612
0.3850798
-0.2416937
0.04669005
-0.03166322
-0.4222058
-0.5829152
-0.5086228
-0.3567601
0.4131623
0.3392992
-0.1554804
-0.2112471
0.08846396
0.1499487
0.04565648
-0.04794257
0.03931628
-0.01415882
0.007872099
-0.06561947
0.1874226
0.149802
-0.1965753
-0.1790913
0.01107227
-0.343515
-0.07627819
-0.3098001
0.04626979
0.0108301
-0.09234174
0.2557059
-0.3065296
0.1627298
0.2215465
0.02802979
-0.03056358
0.1063321
0.2681392
0.1981867
0.1531116
0.2483394
0.1092808
0.1646311
-0.06587339
-0.0674438
0.4125394
-0.07870865
0.04362232
-0.07687763
-0.02039428
0.2002419
0.2864974
0.1548019
0.05899486
0.111681
-0.08089204
-0.2711777
-0.07112399
-0.04188044
-0.01029085
-0.1330313
-0.09513631
-0.01013091
-0.04128273
0.02626992
0.04233421
-0.0142728
-0.1774816
-0.2987242
0.05538857
0.153894
0.3732011
0.4272305
0.1132033
-0.06456656
-0.2262108
-0.3432523
-0.2052052
-0.3062151
0.03126213
-0.1296553
-0.2094804
-0.05040071
-0.3269127
-0.2985206
-0.4292288
-0.2360908
-0.2878138
-0.3209075
-0.08878259
-0.09465831
-0.3638771
0.00912968
0.03151204
-0.1270977
0.00967377
-0.1198464
-0.3811073
-0.1853324
0.1254271
0.09430681
-0.05593522
0.1613405
0.2495243
0.2164581
0.1780144
0.2746863
0.1727181
0.1649757
0.5339733
0.5550609
0.174276
0.1672451
0.1686489
-0.1775048
0.04219158
-0.04177919
-0.3494101
-0.5471101
-0.501352
-0.3689994
0.469426
0.3753467
0.1265824
-0.09154457
0.1924475
0.3905149
0.03182768
-0.034042
0.2296696
0.306795
0.2979895
0.1075204
0.1125312
0.2527601
-0.02330254
0.01886797
-0.1391886
-0.1690312
-0.1207265
-0.1071416
-0.05178973
0.1860163
-0.0591545
0.1897911
-0.1678476
0.1151108
0.2413212
-0.0223549
0.02916451
0.1736528
0.07262395
0.1864057
0.1235426
-0.1892401
0.04842147
0.002546207
-0.02753132
0.05140012
0.2517058
-0.143273
-0.004205677
-0.08573104
0.1733933
0.29069
0.2321906
0.1491834
0.159927
0.1905463
0.5467284
0.2289991
-0.2406649
0.2310847
-0.193503
0.1783546
0.1043213
0.206756
-0.2477724
0.1785299
0.1261423
0.5681808
0.1312996
0.2233623
0.09914434
0.2113538
0.2220129
0.09665843
0.1183786
0.790813
0.6019256
0.5105405
0.5469024
0.40027
0.385474
0.1841837
0.09033696
0.5304955
0.5159877
0.163005
-0.1397222
0.1608979
-0.01442447
-0.158117
-0.09929916
-0.2434652
-0.3312882
-0.3477405
-0.1970081
-0.276662
-0.4288636
0.2243564
-0.3708642
-0.5954123
-0.4319969
-0.3959344
-0.5760019
-0.5683191
-0.6164771
-0.5144341
-0.4267475
-0.6739136
-0.6064061
-0.0588645
0.01908823
-0.6015969
-0.691356
-0.5313587
-0.2284033
-0.03177633
-0.2055539
0.6662206
0.2961399
0.3000102
-0.2032692
-0.0249125
0.08067099
0.5943645
0.4964757
0.2641684
0.06296669
0.1165517
0.09614413
0.1631743
-0.06837365
-0.1472196
0.1909604
0.1108178
0.07706055
0.006697484
-0.2034803
0.2627019
0.1479461
-0.006150459
0.1955969
-0.2351357
-0.3184623
0.05503743
0.3222265
0.4672604
0.5113862
0.03575587
-0.06350659
-0.07466621
-0.09471801
-0.4490238
-0.4024996
-0.2767464
-0.06456211
-0.2733538
-0.01485776
0.08253975
0.2718666
-0.1387312
-0.3720451
0.1045405
0.06203555
-0.1505892
0.1519914
-0.3594176
-0.1103312
0.08953353
0.1103762
0.3653279
0.06619551
0.2445216
0.4152986
0.1448862
0.3718049
0.04491265
-0.07553853
-0.1370224
0.1611689
0.3425519
0.5135812
-0.03599944
-0.05309041
0.09603224
0.1994371
0.03737766
0.27108
0.5619398
0.5681971
0.3128564
0.5113321
0.2240096
0.3976854
0.03970839
0.151128
0.2114585
0.3783861
0.2337468
0.1894688
0.3445873
0.182731
-0.01535911
-0.04965181
0.04292697
0.102597
-0.2577679
-0.1089143
-0.3129666
-0.4356102
0.03313456
-0.2437522
-0.603546
-0.4822839
-0.4413185
-0.6355671
-0.5982611
-0.6693032
-0.5765081
-0.4652402
-0.6944795
-0.6489963
-0.0921218
-0.1330806
-0.4973698
-0.3323932
-0.3821245
0.3408143
0.0229171
0.0114115
0.3787428
0.5406637
0.411604
0.1572324
-0.1842363
-0.1277249
0.4367222
0.3161674
0.1703355
0.189655
0.03391036
0.1624974
0.1033668
0.0007743033
-0.02211454
0.1156483
-0.07759659
0.06898029
0.1064956
0.2184791
-0.2218067
0.1524048
-0.01292367
0.1251528
-0.2039299
-0.1357479
0.2833785
-0.08449844
0.5005638
0.06525711
-0.19485
-0.1880683
-0.1530309
-0.1914365
-0.5484663
-0.5529594
-0.1355825
-0.3062211
-0.3569096
-0.270845
-0.1329357
-0.1298361
-0.3821951
-0.3369166
0.1420005
-0.09205766
-0.03061964
-0.226011
-0.4487548
-0.3146343
-0.2683582
0.08827647
0.3369284
0.2799966
0.1047621
0.434758
0.5020765
-0.2537164
-0.4665387
-0.09321524
-0.06964267
0.2395358
0.1200573
-0.1287567
0.1059329
-0.06676765
0.2160436
-0.2025797
0.2416375
0.1321502
0.06274177
0.1123597
0.2455909
0.1581688
0.3226872
-0.1489216
-0.1212473
-0.05815458
0.03474444
-0.02607642
0.01670448
0.1843048
0.1470629
-0.06907114
-0.2495734
0.09206569
-0.03024759
-0.170023
-0.1032745
-0.2093547
-0.3752725
-0.04649897
-0.256272
-0.3766272
-0.4461937
0.01441133
-0.4777035
-0.4837142
-0.4707683
-0.450595
-0.4158012
-0.6093291
-0.5528206
-0.01647411
0.08351141
0.05636222
-0.02789238
0.06496629
0.2918354
-0.03294981
0.03783123
0.3278297
0.2348457
0.2871272
-0.01876751
0.1977763
0.2232024
0.1421412
0.1140131
0.04027545
0.03443315
-0.06062485
0.1693799
0.01482981
-0.05959619
0.01310697
0.04324374
0.0343951
0.05792589
-0.1379729
0.2789205
-0.1648286
-5.394574e-05
-0.04811536
-0.07148652
-0.1610662
-0.069801
-0.06331195
0.2556606
0.165881
0.1749478
0.1784207
-0.09079631
0.05998284
-0.1283896
-0.2512369
-0.2479445
-0.2119265
-0.3763569
-0.09913232
-0.1738086
-0.2546947
-0.1407993
-0.3012509
0.13238
-0.04880199
0.1484732
0.2309832
-0.2227225
-0.2546242
-0.03645541
-0.111182
0.1568841
0.2053516
0.3833651
0.451776
0.4388029
-0.2080336
-0.2431439
-0.2295772
-0.2185585
-0.1110818
-0.01079594
-0.159588
0.1585177
0.04193898
0.03455638
0.05785624
0.1463701
-0.3841478
-0.4342213
-0.1900233
0.001247501
-0.436899
-0.1743327
0.02444175
0.1039707
-0.2592224
-0.04041597
0.09334407
0.2269711
-0.05998236
-0.006941766
-0.2810995
-0.3480404
0.102575
-0.07846005
0.03983572
-0.3733687
-0.02999193
-0.0005685058
-0.1151792
0.03942096
-0.07171878
-0.199953
0.05112982
-0.1707099
-0.2841413
-0.2660247
-0.2818937
-0.3557849
-0.2124438
-0.282389
0.1493497
0.2603502
0.3292643
0.4234379
0.4166908
0.5341541
0.1442726
0.3735632
-0.1045446
0.01281806
-0.1649311
-0.03705081
0.2260188
0.07057777
-0.1798091
-0.09495572
-0.0711117
-0.02591679
0.03892034
0.03695588
-0.3004076
-0.102198
0.06102907
-0.0106514
0.08182388
0.1283772
-0.01947549
0.2228886
-0.4013137
-0.4038723
0.08440905
-0.2016886
-0.231362
-0.0196353
0.03672824
-0.1931054
-0.2956451
-0.2417988
0.2243977
0.05109158
0.1638583
0.05271962
0.05926185
-0.08385247
0.2096822
-0.008240293
0.05561411
-0.02645436
-0.3006176
-0.4807006
-0.1474365
0.1621611
0.0836244
0.1159028
0.05259411
-0.2081909
-0.1309608
-0.1780225
-0.1274372
0.1341041
0.5139964
0.2936352
0.3978664
0.1099337
-0.04861903
0.2779047
0.02589293
-0.06941133
0.09326266
-0.1782775
0.308272
0.232081
0.3409256
-0.02502476
0.08636524
-0.1109321
-0.03567106
-0.06609346
-0.07141223
-0.2498289
-0.1883719
0.07436175
0.2450333
-0.1721777
-0.07293487
-0.01336412
0.1998244
0.1950605
0.07358099
-0.11751
-0.2399917
-0.09269056
-0.1066691
-0.07325606
-0.1485454
0.2128201
-0.01439062
-0.152513
0.0756532
-0.04301479
-0.1262324
-0.1821432
-0.2294112
-0.3222644
-0.3564787
-0.1654715
-0.2912001
-0.2739659
-0.3633773
-0.03773679
-0.004507618
0.25283
0.1628866
0.4101273
0.2239019
0.07239218
0.1844273
0.005219491
-0.1087003
-0.005610748
-0.1473373
0.0888084
-0.04487003
-0.0005171001
0.005757513
-0.07928447
0.1372345
-0.1526048
-0.03902801
0.0321328
0.02408368
0.02251703
0.2368528
0.05597147
0.1434184
-0.01239557
0.3380858
-0.447347
-0.4408764
-0.1237911
-0.4623591
0.006843816
-0.1692072
-0.1058132
0.1763685
-0.08731767
0.10775
-0.003955454
-0.4729813
-0.3159705
-0.3625634
-0.1716937
-0.2482856
0.05942015
-0.03567325
-0.2317026
-0.05420569
-0.425562
-0.2027818
-0.1321483
-0.2216112
0.247685
-0.3593756
0.1115857
-0.1579381
-0.09900221
-0.2165264
-0.170426
0.1065165
0.2322356
0.4662962
-0.009184487
0.332949
0.1289756
0.1562338
-0.2767663
0.2682019
-0.3590847
-0.06810662
-0.106472
0.004251083
-0.02934923
0.1229783
-0.32586
-0.1334684
-0.2513682
-0.1230222
-0.4143929
-0.1833238
-0.01639773
0.1694096
-0.398361
-0.1872569
0.09621105
0.3482826
0.1366593
0.217433
0.03840435
-0.2134149
0.1284144
0.1893553
-0.05428733
-0.1454027
0.08091072
0.08287877
-0.2945942
0.2276491
0.01647221
-0.02076278
-0.1466357
-0.1042108
-0.06354032
-0.1632914
-0.1196179
-0.1082066
-0.09254699
-0.1558247
-0.1700638
-0.2610278
0.25835
0.4325759
0.4535285
0.6982512
0.08479843
0.3512286
-0.1542242
0.138138
-0.0214537
0.1915476
-0.2303224
-0.3712014
-0.1240688
-0.212034
-0.169591
0.1712963
-0.09594659
0.03687147
-0.1947157
0.0009567169
0.02624433
0.1409109
-0.1760379
0.01237466
-0.003443224
0.4662697
-0.667788
-0.3421683
-0.1238105
-0.304342
0.03651406
0.1040836
0.3164394
-0.3127383
-0.02692001
-0.3189088
-0.1608715
-0.3580349
-0.08144698
-0.2072308
-0.1722874
-0.1909024
0.3720253
-0.08761147
-0.1626278
-0.1642654
-0.3573626
-0.43354
-0.2479927
-0.06530155
0.1364008
-0.2207495
0.1964605
-0.2361819
-0.187756
-0.3208849
-0.3907137
-0.01797301
0.59572
-0.1686172
-0.248104
0.1405691
0.03692241
0.264742
0.07270425
-0.2891437
-0.06427943
-0.09374661
-0.1501313
0.004564998
0.3856132
0.00904026
-0.144934
-0.04952998
0.05410695
-0.06589413
-0.09785272
-0.06334089
-0.181701
-0.1357172
-0.02333303
-0.2130993
-0.2150746
0.09497974
-0.06283033
-0.1670318
-0.3740226
-0.08003803
-0.297465
-0.1085265
-0.2497859
-0.05590783
-0.1947117
-0.2080032
-0.250132
-0.1799074
-0.2191703
-0.1103026
-0.2970658
-0.3119652
-0.3818327
-0.2150654
-0.2987773
-0.3669802
-0.3716383
-0.149917
-0.1151581
0.08513529
-0.01423847
0.1123966
0.2399083
-0.1383245
-0.08783966
0.2739037
0.1095931
-0.05340394
-0.3311935
0.2092621
0.1031663
0.2142511
0.01936086
0.02499495
-0.03556072
0.03986138
0.05178008
-0.04048137
-0.2207427
0.024507
0.1321825
0.04443993
-0.0150832
-0.02681074
-0.03303587
-0.1447915
-0.267362
-0.08163262
-0.1486517
-0.05086992
-0.1681093
0.1795945
0.3333176
0.1292167
0.2200509
0.1845452
-0.08042889
0.03785166
-0.1889713
-0.175057
-0.2742652
0.007381229
-0.02835559
-0.2514391
-0.1531653
-0.4735575
-0.2721017
-0.3082996
0.09944723
0.02876176
0.07280274
0.01594762
-0.04222695
-0.2521707
-0.2976945
-0.117647
0.093282
-0.4285941
-0.2348571
0.07333914
0.1994892
0.1093569
0.2914919
-0.3567527
-0.06211544
-0.1964694
0.05136005
-0.02825014
0.2506632
-0.06484719
0.02063546
0.06609401
0.1394782
-0.03339566
0.06413984
-0.1902294
-0.1181299
-0.2310437
-0.08549945
-0.2727284
-0.1222218
0.1942953
0.1980152
0.05847744
-0.09762633
0.04282847
0.04641919
-0.08149522
-0.2292337
-0.111919
-0.2952662
-0.384618
-0.2769582
-0.2587534
-0.3447885
-0.1855761
-0.2886388
-0.3109249
-0.3071081
-0.168332
-0.1807344
-0.3382148
-0.318025
-0.07461751
-0.08276471
0.02835903
0.102467
0.1626317
0.3959584
-0.1743082
-0.0258296
0.1409973
0.1672935
-0.08020532
-0.2936222
0.07704033
-0.09570535
0.1950837
0.1013251
-0.2392479
0.1053224
-0.1370021
-0.06823058
0.02797643
-0.005645084
0.05796278
0.2379947
-0.1629386
-0.04366121
0.0105415
0.2338906
-0.5262964
-0.2284196
-0.2695568
-0.3168192
-0.06207239
0.05691026
0.2164573
0.06832895
0.1624162
-0.005073913
0.1299587
-0.3568222
-0.1041154
-0.298156
-0.1818275
-0.3627591
0.1406921
-0.1815678
-0.3550961
-0.2867222
-0.4582625
-0.391093
-0.3432138
-0.01260269
0.1735807
-0.1610983
0.1245569
-0.07265488
-0.2651354
-0.2881397
-0.05647146
0.3778573
0.2904885
0.2212468
-0.07074923
0.04216968
-0.1229549
0.200377
-0.09762282
0.3929495
-0.000990397
-0.2923475
-0.2103954
0.1590343
0.06725385
-0.3274722
-0.2506902
-0.1277668
-0.08951405
0.1186604
-0.05474383
0.07852633
0.1169396
0.3653101
0.1061973
-0.1004157
-0.04309937
0.02858354
-0.1266705
-0.04002975
-0.09969718
-0.1683671
-0.04650552
-0.002147068
-0.008438141
0.2238236
0.1889137
-0.06276982
0.04141996
-0.08977131
-0.03574013
-0.09840399
-0.15783
-0.1821649
-0.1087355
-0.01192565
-0.03724648
-0.09928753
-0.0238098
-0.1526235
-0.1191129
-0.08486211
-0.02756233
0.3394891
0.1644252
0.1603421
0.02930167
0.07790457
0.2061306
-0.09836587
-0.2772234
0.1149714
-0.1698212
0.3218324
-0.02805952
0.2240174
-0.1132091
0.06457627
0.1150879
0.1721321
-0.1536334
0.07606983
0.009502172
0.013804
0.02218091
0.2617322
0.01245158
0.07521592
0.3013124
0.1587875
-0.02503077
0.1665364
0.2218825
0.03316135
0.09335922
-0.1448093
0.1645363
0.1385316
0.2529679
-0.08901057
0.03666357
0.08767985
0.09746346
0.1109982
0.03965153
0.1635303
0.1928478
-0.1388551
-0.116441
-0.1552877
0.1195535
0.1325296
0.1110073
0.007648912
-0.1339332
-0.03946798
-0.1874589
0.3203215
0.3745561
-0.3188753
-0.01097951
0.02024601
-0.2031944
-0.02945763
-0.1493982
-0.07206803
-0.1940474
-0.1797713
0.05654767
-0.2173165
-0.3025828
-0.1354007
-0.1254296
0.06409841
0.005585427
-0.1012943
-0.1805692
0.05626576
-0.007771978
-0.2700337
-0.123889
0.04643817
-0.02094162
0.007243354
0.04806384
-0.05569777
0.1251486
0.1393547
0.3047423
-0.0978432
0.3187748
0.2905669
0.4054551
-0.07169355
0.4039213
0.4992141
0.4050595
0.2151258
0.2740574
0.381562
0.4221873
-0.2603781
-0.3237552
0.1493568
0.2958004
0.1566038
0.09128828
0.06027959
0.1884041
-0.2342082
0.02806214
-0.1132128
0.3308096
-0.2675781
-0.3572649
-0.1576535
-0.245964
0.02960402
0.2430096
0.007328769
-0.2805645
-0.1165857
0.08668273
-0.03219143
-0.1988357
-0.2120198
-0.1849011
-0.05485615
0.03732767
-0.05050094
0.07114903
-0.04527757
0.150115
0.0724047
0.08762128
0.03968649
-0.3069369
-0.1963103
-0.3598011
-0.3469016
0.1208868
0.02225705
0.1855075
0.06396854
0.2344125
0.2461405
0.07601753
0.08691425
0.1030455
0.2791726
0.1214404
0.01405998
-0.09531898
-0.1491703
0.04838257
0.02671816
0.107188
0.3089841
-0.08294175
-0.02126548
-0.2936901
0.6211631
-0.1559126
-0.3353502
0.05745817
-0.0963553
-0.2728594
-0.1190393
-0.044387
-0.1493953
-0.1101443
0.06937815
-0.1059165
-0.2563055
-0.1377317
-0.1250212
-0.04336733
0.07876543
-0.1401919
0.007804645
-0.1717845
-0.4116581
-0.2056209
-0.06545107
-0.08947172
-0.216837
-0.1950678
-0.2827339
-0.06351796
-0.05164609
0.2086836
0.1726388
0.03799947
0.1617624
0.006321996
0.1435726
-0.07908352
0.2565891
0.110403
0.1624052
0.05518831
-0.01646518
0.1272796
0.1024608
-0.3624018
-0.2358007
0.1081821
-0.07579032
0.1342914
-0.1076677
-0.168433
-0.02688561
0.1192147
0.06260192
-0.1934377
-0.1874187
-0.07371584
-0.3038773
-0.02314491
-0.1335712
-0.1283019
-0.06410991
-0.1081306
-0.05606955
-0.1390024
-0.1756122
-0.3354499
-0.1381923
-0.0871659
-0.2468061
-0.2934791
-0.2309952
-0.04895284
-0.1726182
-0.2849304
-0.2060945
0.145378
0.02144018
-0.08037522
0.2636825
-0.05763636
0.1846872
-0.0004952483
0.1121623
0.1423527
0.1249773
0.06050979
0.1605728
0.09436558
0.0587144
-0.1237363
0.1236092
0.2878575
0.4067985
-0.01115303
-0.04686418
-0.0822823
0.1923432
0.1729757
0.4062387
0.075806
-0.03940555
0.3301598
0.02897006
-0.076363
0.142638
-0.08377676
-0.2512507
-0.2883679
-0.01715688
0.06632706
-0.007888501
0.04101945
0.3959319
0.1116399
0.03515928
0.1602539
0.2328166
-0.1919312
-0.01350516
-0.1429945
-0.05129703
-0.2126638
-0.4802625
-0.1790614
-0.02298582
-0.1315524
-0.003143753
-0.06453633
-0.09133963
-0.03643538
0.07715793
0.01874004
-0.03604954
-0.07796284
-0.07918595
-0.1669166
0.01085187
-0.1964884
0.1617005
0.1728905
0.154301
0.05827676
0.05444699
0.05742158
0.09526924
-0.3582153
-0.3379744
-0.1475707
-0.1824332
-0.187819
-0.09923592
-0.4577895
-0.2936315
0.05975527
0.2579902
-0.101389
-0.05733866
-0.1102896
-0.3134286
0.07939213
0.0197335
-0.1759425
-0.02102713
-0.2666944
-0.07157055
-0.05219138
-0.1356831
-0.2587793
-0.04534709
-0.3137642
-0.212067
-0.1666813
-0.1866286
-0.04264035
0.2879046
-0.2026815
0.03601148
0.06623153
0.01762756
-0.03519799
0.03172061
0.1047027
-0.07557563
-0.1959733
0.06623172
-0.1056561
-0.07019052
-0.1340191
0.002589833
-0.03038742
-0.1636879
-0.2705174
-0.08784391
0.3050614
0.2436997
-0.05096018
-0.1881836
-0.0779403
0.08749688
-0.1019998
0.1555156
0.03146494
-0.09267911
0.2763253
0.0229808
0.4116624
-0.008001045
0.06927384
0.2035975
0.07568778
0.1315221
0.2296253
0.669285
0.3539617
0.4275921
0.5157731
0.4514684
0.2313524
0.1462163
-0.006304027
0.4599487
0.2753333
0.05549485
-0.112473
0.2915639
-0.005913708
-0.04518506
0.01260675
-0.1278325
-0.2414597
-0.2389418
-0.05849992
-0.2005002
-0.4191461
0.1087653
-0.4946783
-0.3938875
-0.3570705
-0.190764
-0.5817331
-0.461323
-0.5017216
-0.2748539
-0.2290971
-0.5359401
-0.4519937
-0.01115301
-0.003093777
-0.5766832
-0.5134362
-0.6057518
-0.204925
-0.1112575
-0.3408587
0.4766485
0.2216718
0.3038765
-0.2550223
0.08133655
0.2607636
0.5277156
0.3339783
0.1665014
0.009312267
0.2243976
0.106676
0.3171312
-0.1060693
-0.03387804
0.1229478
0.1107414
0.1134833
0.3540905
-0.1583815
0.3559579
0.3023821
0.1473472
0.1906577
-0.2501627
-0.460714
0.1279486
0.184428
0.336731
0.2285242
0.0733047
-0.1320644
-0.162579
-0.2287475
-0.2926721
-0.3341104
-0.2841942
-0.072999
-0.08847658
-0.1548275
-0.1721741
-0.1248946
-0.1606094
-0.3306079
0.1870341
-0.001341655
-0.1934319
0.03601081
-0.2236406
-0.1882145
-0.09244531
-0.000424656
-0.2986687
-0.06014436
0.1462991
0.1280093
0.04606256
0.2145037
0.3611214
0.404218
0.3009909
0.4226598
0.2584063
0.2772967
0.006111232
-0.01423221
0.1332101
-0.07572883
0.1358492
0.08405794
0.4285509
0.2224788
0.1092465
0.2354276
0.1855352
0.1703034
0.1051347
0.1584411
-0.1243352
-0.3179747
-0.146943
-0.3180114
-0.2287755
-0.3212136
-0.2807986
-0.4551882
-0.1740949
-0.3532358
-0.05089743
-0.071862
-0.2564476
-0.2752461
-0.03987203
-0.3370684
-0.3455769
-0.1895485
-0.3243593
0.1152353
-0.2612507
-0.2198709
0.1237813
0.1982158
0.2867867
0.07820902
-0.1175785
-0.07520382
0.2661498
0.1917448
-0.03777789
0.06778855
-0.178563
0.1607935
0.2625906
-0.04035001
0.1578778
0.3611778
-0.2039409
0.06878522
0.4839762
0.2493633
-0.0935797
0.3421857
0.2511813
0.1029085
-0.04859429
-0.2492761
0.2347057
-0.1992342
0.2514259
-0.2327073
-0.2762397
-0.3946589
-0.4722641
-0.5310093
-0.3197206
-0.3677939
-0.1778661
-0.2505855
-0.2608352
-0.2829799
-0.4016941
-0.3670827
-0.1146568
-0.3541881
0.2534366
-0.376302
-0.2790497
-0.2888203
-0.2634437
-0.2965474
-0.3319237
-0.05756075
0.3018053
0.1371995
0.1775515
0.02343262
-0.2549551
0.246873
0.2052295
0.2565787
0.1312892
0.1386161
0.1426895
0.3851485
0.4084702
0.5505752
0.5002349
0.4313777
0.1199253
-0.3532903
-0.2149095
-0.1337328
0.01611508
-0.188493
-0.2607056
-0.02794459
-0.1993966
-0.09027648
-0.1241866
0.3274013
0.05423697
-0.1538429
-0.1460586
-0.01412911
0.02215111
-0.1248553
-0.02453251
-0.2752024
-0.1944258
-0.1329931
-0.04720807
0.2999696
0.3450859
-0.1432108
-0.229674
-0.2572393
-0.3437
0.4107755
0.2700912
0.02418142
0.01900769
0.04458162
0.1625585
0.1573266
0.1008725
0.01865097
0.2820634
0.2602244
0.2062477
0.1333996
-0.1190322
0.18101
0.1624055
-0.03043698
-0.147971
0.4610556
0.1016073
0.009684405
-0.1403917
0.2133081
-0.0314015
0.2348398
0.1517571
-0.4033551
-0.2161203
-0.3007249
-0.03096005
-0.1419399
0.02717463
0.1401878
0.2943967
0.2530631
0.4716102
0.05581605
0.2361406
-0.2108464
-0.06117462
0.2595744
0.4128032
0.4738016
0.5529659
-0.07777183
0.01695293
0.05075154
0.2725955
0.01921345
0.3598497
0.1083656
0.2309968
0.4211587
-0.04029294
0.3252585
0.4669121
0.09564589
0.01752762
-0.05968877
-0.1146976
0.0956749
0.03817521
0.01255695
-0.01002427
0.3173931
0.5495637
0.128615
-0.06152384
0.02973465
0.3432716
0.04752301
-0.08465708
-0.3370124
-0.04764021
-0.366651
-0.2017571
0.1892544
0.02511281
-0.03988006
-0.1085635
-0.16775
-0.1320047
-0.07750303
-0.2147815
-0.145151
-0.1963323
-0.246989
-0.1804792
-0.09545814
-0.2081943
-0.2155628
-0.2352264
0.33002
0.4785336
0.1405787
0.1426417
0.1850352
-0.04764505
0.342685
0.4047355
-0.1635824
-0.3022186
-0.05206875
-0.05959942
0.06453332
0.3111502
-0.02990152
0.2151214
0.07415264
0.3705059
0.07494903
-0.1104138
0.1428605
0.07704502
0.03346308
0.2634126
0.4963353
0.626315
0.2093061
0.3499585
-0.09637395
-0.07084608
0.2127359
-0.2088349
-0.2252819
-0.09885577
-0.4163853
-0.1931065
-0.3576623
-0.1305987
-0.03775877
-0.3609783
-0.4041208
-0.1949736
-0.03302098
-0.1269227
-0.06439653
-0.001827455
0.0831356
0.1195512
-0.143189
-0.1977138
0.188163
-0.1045586
0.2156406
-0.3535105
-0.1848738
-0.05323595
-0.0572044
0.05897632
-0.02546204
0.06317925
0.6365749
-0.0132523
-0.1260981
0.1758623
-0.1036285
-0.1144824
0.009473584
-0.03337044
-0.0546565
0.0983146
0.1615835
0.1059989
0.01133022
0.06224351
0.1340183
-0.04899785
-0.3433176
-0.2670979
-0.1988161
-0.2649886
-0.2157633
-0.09130588
-0.2134074
-0.06514766
-0.2637243
-0.08214516
-0.1635066
-0.100121
-0.1724055
-0.2525042
-0.2838814
-0.2114674
-0.264779
-0.1340561
-0.08734611
-0.1712556
-0.1972692
0.3732662
0.4259464
-0.09366451
0.01187556
-0.08988537
-0.1616772
0.316783
0.03567808
-0.07327143
-0.3582677
-0.1855614
-0.1418822
0.3553813
0.2966894
0.2351415
0.1377705
0.5274627
0.3286893
0.2521751
-0.04485614
0.2833552
0.2774135
0.2840227
0.2060207
0.2464166
0.3982737
0.196616
0.1061483
0.1261477
-0.07587384
0.2264036
0.03293606
-0.1130423
-0.1964771
0.01247284
0.1514042
-0.1032987
0.02953409
0.04698364
-0.0944451
-0.1856676
-0.02255664
-0.1636891
-0.1570156
-0.07068684
-0.02898923
0.1328502
-0.02931451
-0.2065637
-0.1087489
0.03065817
-0.2926345
0.2218833
-0.1740429
-0.174699
-0.03356764
0.09315539
-0.09327518
-0.1370688
0.07065962
0.1154482
-0.03030437
0.06512446
0.001634127
0.1005653
0.08993913
0.1101321
0.1866683
0.03800492
0.2921897
-0.03024458
-0.04803082
-0.09215825
0.07086988
-0.07173377
-0.2461444
-0.2832971
-0.2090782
-0.2574718
-0.1653974
-0.05759988
-0.1063068
-0.2135716
-0.30988
-0.2186213
-0.3142845
-0.2804063
-0.3396131
-0.2789405
-0.2748102
-0.1931591
-0.2159291
-0.1378664
-0.08713717
-0.2589116
-0.283336
0.3763637
0.5292417
0.07998224
0.08657907
0.02696985
-0.1330608
0.1814257
0.08029687
-0.1361687
-0.2623295
-0.1469456
-0.1597221
0.3831942
0.3750736
0.1771268
0.1477977
0.2894051
0.3475783
0.04749512
-0.08620866
0.1740978
0.1788318
0.01963212
0.2304664
0.1823511
0.3627096
0.09627156
0.2655098
-0.0942279
-0.03637436
0.1564177
-0.1862963
-0.2559347
-0.05593012
-0.2005331
0.00884199
-0.2360607
-0.05082814
0.04903298
-0.1885099
-0.2482691
-0.05636436
-0.2137105
-0.09464259
-0.0531753
-0.2445247
-0.0106466
-0.06567585
-0.1331566
-0.07025949
0.06135577
-0.2849722
0.2232053
-0.1821478
-0.1269023
0.006967223
-0.00421447
-0.0168169
0.01573648
0.1236035
0.2659358
0.01270219
-0.01275818
0.3113185
0.2323167
0.1860199
0.1772082
0.03878862
0.2537119
0.04860884
0.05669789
-0.1485133
-0.09077138
-0.03008374
-0.1088739
-0.1668448
0.07885522
-0.1073791
0.001600505
0.07340783
-0.1546595
-0.02929968
0.07558098
-0.1191714
-0.1642794
-0.1055491
-0.02530513
-0.22494
-0.05230339
0.04307568
0.05016127
0.06454241
0.112137
0.05085415
0.04386312
0.0714314
0.1506031
-0.07443677
-0.1465238
-0.09487994
-0.1012159
-0.08127477
-0.02612302
-0.1079921
-0.04384355
-0.132637
-0.1691589
0.08215283
0.1887529
0.04275555
0.06935117
-0.02402031
0.09699916
0.0547465
0.1466956
-0.01765702
0.01854588
-0.150671
0.1103132
0.001580911
0.04230777
-0.02108789
-0.1352828
0.005637405
0.04807362
0.09511478
-0.0519362
-0.1291767
-0.00714238
-0.1719037
-0.1823462
-0.01063274
0.0963975
0.1672219
-0.08539551
-0.112581
-0.106759
-0.1198439
-0.02686843
0.1073056
0.0424004
-0.1233727
0.06309164
0.09803995
0.00378229
0.1233608
-0.1317831
0.2681878
-0.05415487
-0.2433731
0.06529015
-0.01043208
-0.006940792
0.06337974
-0.0303807
0.05637764
0.07642543
0.1539576
0.1829412
0.3759628
0.3308244
-0.2764066
-0.2796508
-0.1954742
-0.1934531
-0.1642641
0.01277228
0.1871092
0.1257479
-0.05430233
0.07580842
-0.05429733
0.1910253
0.1991774
0.2083288
-0.1170583
-0.2196912
-0.09764877
-0.3194644
-0.2831842
-0.2170682
0.06244687
-0.3836206
-0.2154029
-0.3914226
-0.1644846
-0.3118919
-0.3519567
-0.4262863
-0.03331567
-0.07153965
0.03281532
0.03332921
0.03171811
0.2212677
-0.1344893
-0.04999068
0.09831852
0.2613376
0.3023997
0.08125887
0.002507345
0.1431202
0.4068252
-0.0624717
-0.1385999
-0.1345194
-0.09969277
-0.01601661
0.1001387
-0.03833286
0.2843888
0.04492871
-0.1012039
0.07276346
0.2340244
0.2126213
-0.08128662
0.06900826
0.01326753
0.1058711
0.001350648
-0.05976946
0.08472855
0.03901461
0.1591317
0.1029189
-0.219032
-0.1361536
-0.2830043
-0.3120796
-0.2903787
-0.3421042
-0.1909831
-0.1429494
-0.4088074
-0.2933881
-0.3800777
-0.3183458
-0.2030662
-0.1831909
-0.3129533
-0.125591
-0.1162891
-0.365269
-0.4618103
-0.4046609
-0.2422592
-0.2411525
0.7579341
0.6000163
0.6598939
0.5414545
0.4407721
0.2165197
0.04735278
0.7410584
0.5936622
0.2637863
-0.103674
0.2646029
-0.004501987
-0.05223779
0.1040432
-0.1156787
-0.2601272
-0.3210557
-0.0856167
-0.2471225
-0.3780759
0.3262489
-0.3328913
-0.4544086
-0.3522958
-0.3397493
-0.5005347
-0.4180436
-0.4815761
-0.3701459
-0.2525392
-0.5512942
-0.4357416
-0.008435825
-0.1352545
-0.8119522
-0.7958536
-0.8076717
-0.3203145
-0.05344427
-0.3548856
0.6047431
0.3805228
0.4407874
-0.03872569
-0.09641157
0.1033185
0.5565046
0.5509123
0.3288078
0.05608068
0.1075773
0.1070609
0.290023
-0.06661633
-0.09693982
0.1230925
0.04072495
0.01247286
0.1722465
-0.285535
0.3780514
0.3957381
0.1478662
0.366834
-0.2770181
-0.4557489
0.1034892
0.1716986
0.5334951
0.3565327
-0.07676247
0.001015645
-0.1140314
-0.07479467
-0.4073672
-0.3606876
-0.4024123
-0.07365768
-0.1432569
-0.005517331
0.1649404
0.2865973
-0.08017408
-0.3223123
0.1600144
0.0274135
-0.2764118
0.09416031
-0.2062819
0.02460502
0.07910283
0.07277047
0.5431811
0.5177389
0.5071694
0.5173514
0.1030444
0.02765401
0.5419996
0.4707579
0.2712364
-0.02803511
0.1971834
0.2062207
0.02439364
0.2074587
0.02868242
-0.06350751
-0.2968678
0.05799365
-0.2474849
-0.274094
0.2542726
-0.2226012
-0.441573
-0.3201372
-0.382403
-0.3518486
-0.3003208
-0.3436851
-0.2999709
-0.2599738
-0.4279204
-0.3307609
-0.2024798
-0.291209
-0.6405522
-0.623128
-0.6594828
-0.1873861
-0.1228922
-0.2295083
0.4387328
0.5921099
0.4899004
0.2652867
-0.3026622
-0.2198266
0.3637474
0.4566593
0.040737
0.01165367
-0.2383298
0.02886338
0.09638754
0.03741939
-0.1884269
-0.01904515
-0.09262797
-0.08726928
0.08800548
-0.1329301
0.2358753
0.5576494
-0.04207617
0.3409713
-0.1953186
-0.2776241
0.0474538
0.004019677
0.4871336
0.1650475
-0.2215693
-0.05023134
-0.2223842
-0.1160396
-0.4782263
-0.2987137
-0.3659941
-0.06462418
-0.3035862
0.01602363
0.2910201
0.2465586
-0.1150731
-0.3111907
0.1003894
-0.04586922
-0.1871469
0.01323721
-0.1930697
-0.05181157
0.1567349
-0.001606148
0.8284242
0.5917372
0.525093
0.1172884
0.2014122
0.6509818
0.4458025
0.221061
-0.06870219
0.1752538
0.03608953
-0.07081297
0.3111554
-0.1189499
-0.2319935
-0.1247412
-0.05002129
-0.07298907
-0.1160602
0.3206342
-0.2257464
-0.3011158
-0.277688
-0.1987604
-0.3004471
-0.2115352
-0.2616309
-0.2707143
-0.172732
-0.4062629
-0.345029
0.0216277
-0.08734463
-0.4458178
-0.5741474
-0.4815564
-0.3977238
-0.1914188
-0.305036
0.3755289
0.2924996
0.4480177
-0.02862233
-0.01035381
0.1987053
0.3187421
0.5977047
0.08354329
0.1647597
-0.1847538
0.06865529
0.2138029
-0.04760823
-0.2512163
0.1853996
0.09948093
0.0310383
0.0993544
-0.2048274
0.242077
0.3120179
0.1762306
0.1385432
-0.5075037
-0.4320997
-0.2251847
-0.018527
0.1862332
0.2133499
0.01744469
-0.0852955
-0.1931622
-0.1553284
-0.3037037
-0.2263818
-0.3356467
-0.1211346
-0.1381224
0.05002476
0.1238597
0.2195216
0.05926533
-0.251793
0.2457938
-0.009217209
-0.3696707
0.08012578
-0.1069576
0.1826001
0.2904582
-0.06089557
0.4453262
0.4962793
0.1011932
0.1351839
0.6043806
0.5140188
0.3046946
0.01035207
0.2182335
0.07462862
-0.2471869
0.1212012
-0.1070382
-0.2289502
-0.2535101
-0.1761382
-0.1451311
-0.2413093
0.37061
-0.2756455
-0.4451463
-0.4316824
-0.1685829
-0.5293981
-0.378325
-0.5132667
-0.4201873
-0.364676
-0.5520027
-0.5153983
-0.04282789
-0.1593336
-0.5310372
-0.5883943
-0.5208383
-0.1456278
-0.09692018
-0.2171434
0.5058851
0.4160203
0.4675026
0.04225031
-0.05634552
0.0806157
0.3924501
0.5536301
0.1719756
0.0686657
-0.03266796
0.1636691
0.07556863
-0.1322889
-0.2755691
0.1584774
0.0314478
0.04457611
0.07414335
-0.1193366
0.2226996
0.3282287
0.194699
0.2011724
-0.4660493
-0.3779071
-0.01633966
-0.05050563
0.3514107
0.1578408
0.02061961
-0.08655226
-0.140122
-0.1843926
-0.3661131
-0.3715104
-0.2898703
-0.07053266
-0.1400619
0.002685403
0.02943455
0.03167384
-0.0590201
-0.1182787
0.2321592
0.06693549
-0.4069791
-0.05222421
-0.3211636
0.05385672
0.08700374
-0.06293718
0.6709241
-0.01344214
-0.06977775
0.3771833
0.06470796
-0.1067338
-0.2667803
0.06095006
-0.005513263
0.08792347
0.4484189
-0.1929611
0.08457452
-0.01729607
0.2712221
-0.2538473
-0.2541916
0.06734313
-0.4145387
-0.3138081
-0.1803475
-0.123613
-0.221724
-0.01799612
-0.1072123
-0.01212478
0.07394
-0.2292015
-0.1279782
0.04458446
-0.07721728
-0.4503431
-0.5475392
-0.5124183
-0.4263396
-0.1291003
-0.3747361
0.3083389
0.1937595
0.3476392
-0.02057874
0.06969479
0.3150244
0.52089
0.3380798
0.08022527
0.08495819
-0.05526781
-0.0386799
0.4795084
0.2206306
0.1171676
0.1199624
-0.09536431
-0.04149316
0.2681697
-0.03812537
0.4147528
0.526014
0.1187367
0.312223
-0.137545
-0.1209669
-0.2129723
0.1263884
0.2324312
0.1952432
-0.2629692
-0.06412256
-0.2864566
-0.1036303
-0.2772611
-0.1164742
-0.3145909
-0.2878172
-0.1696267
-0.09255983
0.1278582
0.1705013
-0.04740839
-0.1263106
-0.05451986
-0.08464571
-0.2456495
0.06638405
-0.08956068
-0.001280724
0.2318906
-0.09807822
-0.1348114
-0.07998118
0.2602726
0.1137541
0.1823759
-0.03478925
0.03273066
0.1902675
-0.1194891
0.1919022
0.06354413
0.08707861
-0.08107878
0.129266
-0.3208513
-0.3271795
0.1048077
-0.2696439
-0.506905
-0.3782463
-0.1917002
-0.3251742
-0.157652
-0.2206116
-0.3096749
-0.1524241
-0.379246
-0.2993095
-0.1935545
-0.136932
-0.4045717
-0.3983802
-0.4090206
-0.122546
-0.05234303
-0.1245496
0.3507059
0.3534567
0.396274
0.2066856
-0.08971058
0.04792263
0.3944135
0.2292965
0.06713869
0.01742538
-0.1012567
-0.07604391
0.1701903
0.152435
0.03192934
0.1043588
-0.05986461
0.06126252
0.01746701
0.04722551
0.2599755
0.5685499
0.1310283
0.456253
-0.1142231
0.05486818
-0.1719878
-0.06150781
0.2682757
0.06954322
-0.2558363
0.1142414
-0.1517694
-0.04166682
-0.4895527
-0.2796118
-0.4375784
-0.4059266
-0.2559349
-0.3124362
0.2145187
0.143621
-0.05694818
-0.107072
-0.1797836
0.1441649
-0.3104115
-0.05371441
-0.2690399
-0.1186135
0.07197345
-0.08556286
0.6098395
0.5485282
0.3609895
0.3324729
0.2325973
-0.05972895
-0.09634113
-0.008526781
0.0921981
-0.06574371
-0.2837966
0.06424571
-0.02937765
0.05681977
0.1380539
0.3011757
0.2225866
0.0774434
0.08462045
-0.1284411
0.04525157
-0.08737098
-0.02855157
-0.01554271
0.009158687
-0.05452536
0.05778574
0.03075871
0.08485959
-0.1464433
-0.2079338
-0.09612843
-0.09845304
0.2962449
0.2088375
0.09345171
-0.0655763
0.006548746
0.02161592
-0.05095691
0.1286896
-0.09431397
0.3066358
0.09618757
0.08594331
0.1352167
-0.07868158
-0.009692478
0.01921939
-0.111072
0.1470379
0.3097339
0.1545857
0.313017
0.04261269
0.1023698
-0.03423629
0.3105179
-0.02259884
-0.219456
-0.3192796
-0.2271096
-0.329458
-0.1898779
-0.2439243
-0.1321768
-0.02586396
-0.02399396
0.06578917
0.1302661
0.1694745
0.04917607
0.03697166
0.2224025
0.2701374
0.1366891
0.1158954
-0.103325
0.01035982
0.2861554
-0.1051972
-0.1509443
-0.008667334
0.07485371
-0.03280836
0.01467303
-0.02445064
0.3596219
0.2783516
0.2288911
0.3020673
-0.0474267
-0.1173996
-0.2406603
-0.01112994
-0.2489835
-0.2647644
0.03709633
-0.1719285
0.210978
0.1561889
0.1313487
0.2389046
0.0439429
-0.02368356
-0.2820853
-0.002429574
-0.1360948
-0.01446435
-0.0732326
-0.04588732
-0.06726343
-0.02893484
0.1444743
0.250772
-0.08928594
-0.09556563
-0.02143603
-0.08265179
0.3049441
0.2918104
-0.1817286
-0.1391158
-0.1609419
-0.08326166
-0.01187139
0.14502
-0.1792918
0.3533156
0.08156414
0.3856764
0.07823283
0.1326414
0.06065511
0.06213354
-0.2074788
0.1450707
0.4314998
0.3282349
0.182227
0.09934829
-0.1723557
-0.1388636
0.160437
-0.3032368
-0.2744644
-0.2686168
-0.3337438
-0.340852
-0.2463536
-0.1688406
0.05391979
-0.186476
-0.1344955
0.03117275
0.02997002
0.09402544
0.001198926
-0.05814722
0.2461732
0.2678661
0.2176759
0.09503417
0.04626949
-0.126995
0.5106858
-0.1875443
-0.1241311
0.09989181
0.1809228
0.1366105
0.1337751
0.1756795
0.7330908
0.490531
0.07064827
0.03887265
-0.1229379
-0.05471383
0.1807516
-0.1671611
-0.4098233
-0.180225
-0.1496709
-0.01983693
-0.06743977
0.5217518
-0.008174221
-0.1243895
-0.1309925
-0.2302186
-0.2009514
-0.2337799
-0.2086473
-0.2146737
-0.1255253
-0.2938652
-0.1658722
0.02595038
-0.03013592
-0.5465753
-0.6317913
-0.6097123
-0.4495134
0.1465832
-0.1081748
0.4027429
0.2157824
0.3037013
0.05053391
-0.0229364
0.1160888
0.243827
0.6708123
0.2539654
0.126457
0.09835553
0.05978931
0.1991383
0.003670811
-0.2250911
0.1163266
0.2787581
0.01768337
0.1819905
-0.3299102
0.420219
0.2205206
0.2340779
0.1926527
-0.3782375
-0.5265987
-0.1693317
-0.06209914
0.1729938
0.1262827
0.02720732
0.08359464
0.006476393
0.08646457
-0.06867467
-0.06101362
-0.3009825
0.1233525
0.1637107
0.3319318
0.3428375
0.3831496
-0.02606072
-0.1167094
0.2969887
0.1064135
-0.2896654
0.1539141
0.04989822
0.192313
0.2567231
-0.0362166
0.4683609
0.06699956
0.03436166
-0.06865909
-0.05654555
-0.08096608
-0.07733833
-0.2948683
-0.4163855
-0.3499725
-0.06759919
-0.1121788
0.5614061
0.102354
-0.2422166
-0.1638918
-0.2110275
-0.2040121
-0.3908343
-0.301487
-0.4422852
-0.3335766
-0.375514
-0.2725546
-0.01783547
0.05922737
-0.4680912
-0.5824229
-0.50267
-0.1668417
0.1764845
-0.005929008
0.4800161
0.4329336
0.2797816
0.07677112
-0.01541672
-0.041093
0.1862413
0.5822442
0.3191096
0.05167135
0.1272704
0.1615451
-0.02870837
0.007839769
-0.2846266
-0.06478777
0.2226386
-0.1355633
-0.1196545
-0.3129415
0.1946781
-0.02794822
0.0137349
0.1460144
-0.4022704
-0.3569468
0.01025169
0.04300394
0.3060636
0.2387973
0.1885877
0.2701732
0.3352304
0.3121793
-0.1323653
-0.08223349
-0.1317557
0.07026557
0.07862875
0.2501373
0.3999219
0.4314601
-0.1780318
-0.003993805
0.1917062
0.2948935
0.03113619
0.2021234
-0.03646223
0.07246095
0.3052023
0.07305264
0.5893068
0.07403757
0.1749485
-0.01223853
-0.04035884
0.2278281
-0.04525542
-0.1523794
-0.1445126
-0.06969947
-0.06100512
0.4799135
0.2652296
-0.1948729
-0.2360366
-0.06289247
-0.2258451
-0.3107342
-0.3187132
-0.4488086
-0.388527
-0.2832093
-0.2786193
-0.04054381
-0.08543312
-0.2116467
-0.1180172
-0.0984659
0.1537325
0.4118228
0.3406489
0.246882
0.3954114
0.4842805
0.5594098
-0.2580035
-0.2149949
-0.03889769
0.2515741
0.1353271
-0.02159137
0.1001051
0.1137777
-0.1228533
0.04882104
-0.02361168
-0.02821087
0.2822708
0.05459946
0.0697154
0.04779629
0.1566179
0.05819523
0.1781231
0.3012094
-0.192605
-0.2619644
0.06230375
-0.2429022
0.1125427
-0.1055636
-0.01648004
0.1338135
0.185474
0.1310948
-0.1782214
-0.08989666
-0.1047362
0.03087694
0.1228752
0.1361709
0.1590492
0.08541642
-0.1637012
-0.07357844
0.04295485
0.212111
-0.0262481
-0.08844437
-0.1983661
0.002078626
-0.1315206
-0.2155037
0.317549
0.346839
0.02928186
-0.0274068
0.139554
0.2540065
-0.04330826
-0.04555415
-0.01129102
-0.03015175
0.04834689
0.2532263
-0.01404055
-0.2062154
-0.02675336
-0.2367249
-0.3052205
-0.2545013
-0.2726762
-0.285009
-0.2269969
-0.2505944
0.07881901
0.1540659
0.1252242
0.3356956
0.2473361
0.4454579
0.5836058
0.5971232
-0.1129226
0.1514914
0.3525137
0.555413
-0.3794765
-0.07391993
-0.1462018
0.0605083
0.01402339
0.1746257
0.04929023
0.01274998
-0.04382634
0.2762309
0.1491021
0.09065234
0.3434212
0.3692637
0.1196671
0.5038543
-0.1829695
-0.06175583
0.04639211
0.0405801
-0.05405627
0.0300151
-0.0038178
-0.3868882
-0.01756997
-0.1979034
-0.034804
-0.3113002
-0.1263271
-0.1822773
-0.2198389
-0.2681644
0.03493437
0.05996677
0.01027521
0.03361313
-0.1902818
-0.3699831
-0.07504372
-0.06611878
0.1229539
-0.2505573
0.04064956
-0.4062587
-0.1822392
-0.07461017
-0.4101873
-0.09823687
0.5456475
0.3262621
0.2350934
0.1285727
0.3048058
0.1069403
0.2052513
-0.1176867
-0.2575181
-0.1094575
-0.1153882
-0.2015249
-0.3939265
-0.2970363
-0.3630732
-0.4306503
-0.3913582
-0.2142043
-0.2133177
-0.307575
-0.3512252
-0.03712958
-0.2046209
-0.1687221
-0.1606179
-0.1091328
0.2338971
-0.06919596
-0.08490269
0.3085771
0.3043116
0.5356654
0.1472557
-0.2960032
0.08420741
0.2382942
0.1999409
-0.1316069
0.02717107
-0.1412643
0.1728432
0.3121985
0.02812141
0.1331257
0.2733642
0.06090853
0.2344936
0.2651497
0.2427398
-0.01288513
0.1509405
0.08536106
-0.001009715
0.2165055
-0.03758344
0.08800276
0.02351509
0.3845802
0.2138608
0.002069006
-0.5051511
-0.368692
-0.5472695
-0.357934
-0.5416104
-0.08169912
0.01349436
-0.3876424
-0.2135038
-0.5067362
-0.374015
-0.1587856
-0.2161731
0.3665854
-0.4819787
-0.08580087
-0.3437327
-0.3490571
-0.10534
-0.4195514
0.09429486
0.3334397
0.1710049
0.2504112
0.4114976
0.008679025
0.07680265
-0.2126535
-0.1408883
-0.07392876
0.06515804
-0.2745871
-0.3077829
-0.08142092
-0.1857745
-0.2438202
-0.2006864
-0.1874753
-0.1161175
-0.1562684
-0.1365326
-0.1302742
-0.2551907
-0.08550034
-0.05249469
0.1118878
0.3583795
0.07784601
0.1078828
0.2484236
0.3445781
0.4145774
0.3158164
-0.5105524
-0.2673755
0.007750693
-0.1172454
-0.3848984
-0.1623397
-0.1837378
0.08913129
0.01969161
0.07953241
0.2501057
-0.01746614
-0.0672299
0.05635072
0.1001767
0.3871325
-0.1013189
0.2134564
-0.09508767
0.1808586
0.2615697
0.3098544
0.1583091
-0.1383771
0.3234909
0.07239835
-0.0490112
-0.3353746
-0.1257931
-0.2707142
-0.3831381
-0.3182235
0.0067011
-0.01176969
-0.2794522
-0.2952034
-0.2393795
-0.2814551
-0.1893939
-0.05474198
0.06277513
-0.2488043
0.1013225
-0.2537547
-0.4532978
-0.1533117
-0.3173242
0.09927859
0.5005213
0.4673327
0.5481547
0.1960447
0.3284777
-0.1061442
-0.06531472
-0.103408
0.0011861
0.1055038
0.1367327
-0.01369022
0.1021904
0.08711195
0.1405598
0.2133315
0.3356606
0.214425
0.2489957
-0.04845781
-0.1577359
-0.02774115
-0.02997201
0.0005325654
0.03557546
-0.154148
-0.1638547
0.00341089
0.02410554
0.1849912
0.1003011
-0.1265366
-0.05520991
-0.02262338
-0.05375162
-0.2341865
-0.03009462
-0.1220558
0.01603488
0.1387076
0.2092224
0.3260569
0.02229846
-0.2063182
-0.2172056
0.3228925
0.2256995
-0.1264627
-0.03626342
-0.06377062
0.01378831
0.3269037
0.241413
0.1802629
0.02767494
0.1026786
0.06578235
0.004443606
-0.1173212
0.1060308
-0.07311934
0.04879657
0.06261061
0.1185534
-0.0440878
-0.0325139
-0.1490548
-0.1981886
0.04515295
-0.2132013
-0.001859585
0.0004336565
-0.1711225
0.4944049
-0.0867909
-0.006040003
-0.0337908
-0.1409215
-0.051105
0.1282814
0.4477654
0.4250325
0.5022356
0.01465524
0.05364938
0.03198916
0.01398094
0.1372671
0.1502387
0.06634304
0.1692186
0.2210545
0.2245983
0.3105256
0.3619157
0.2567843
0.2582153
0.02936593
-0.1534448
-0.1770545
-0.2102021
-0.207619
-0.2398998
-0.2039694
-0.2142068
-0.06618735
-0.05068331
0.2107703
0.1150906
-0.07058047
0.0501667
0.007557602
0.157856
-0.2513882
0.00367454
-0.3251651
-0.09943403
0.3186143
0.2530941
0.1554751
0.1087963
-0.1585499
-0.04174635
0.4303659
0.08116885
0.09713021
0.3419176
0.09728041
0.02650754
0.08249638
0.08360537
-0.1899307
-0.1822746
0.01191917
-0.1056038
-0.3460013
-0.1498366
-0.2909353
-0.2027767
0.08095954
0.02596834
-0.1029765
-0.1235571
-0.1766466
-0.06158017
0.01779534
0.06328111
0.05984313
-0.001411644
0.1027671
-0.2905636
-0.1106765
-0.1147751
0.07595535
0.01888075
0.108394
-0.161873
0.3691245
0.03305567
0.218763
-0.08667554
0.03246352
0.08685491
0.1076895
0.001191687
0.03669577
0.2237665
-0.02353703
-0.01608085
0.02049379
-0.01564638
0.006511811
0.08993081
0.05475593
-0.3324002
-0.2576747
0.05138749
0.1206375
0.07250998
0.2232275
-0.2550168
-0.08811832
-0.05216004
0.1448093
0.2140732
0.2136277
-0.1351752
-0.2403383
-0.2852497
-0.2335495
-0.2394794
-0.3727221
-0.1416295
-0.02674388
-0.4057623
-0.1490773
0.1196716
-0.1156139
-0.3241599
-0.2748137
0.07315365
0.1456148
-0.1620928
0.01344762
0.0758439
0.1982421
0.1710544
0.1232205
0.134232
-0.2330897
0.03261679
-0.1765583
-0.06521046
0.2096892
0.1348064
-0.03312758
-0.09082905
-0.07528737
-0.1553497
-0.143873
-0.09841278
-0.3160456
-0.08676196
-0.049155
-0.05000611
0.08688458
-0.1092574
0.1145512
0.2140898
-0.2112768
-0.1115853
-0.04502233
-0.2608078
-0.09341146
0.2857029
0.4455839
-0.09909169
-0.09868036
-0.2634055
-0.02824305
0.01687665
0.0632354
0.1170061
0.05917034
0.09032565
0.1160092
0.1455322
0.1482247
0.2052557
0.1595197
0.03675987
-0.1026126
0.1101487
0.2384889
0.2167914
0.3433589
-0.05128203
0.07847893
-0.2094516
0.09269999
0.132906
0.2807794
-0.1929995
-0.09965136
-0.04773981
-0.2676392
-0.2663262
-0.05424158
-0.1066832
0.08883468
0.1142014
0.3163008
0.3496186
0.04607839
-0.298821
-0.1156561
0.1860794
0.430254
-0.2298042
0.02584838
-0.1187399
0.02689866
0.4367767
0.5310746
0.1912216
-0.1925998
0.1951514
-0.1080881
-0.2742946
-0.1929339
-0.1196596
-0.178193
-0.01574136
-0.08622065
0.1410371
-0.1765133
-0.1731922
-0.2784831
-0.1726472
-0.2522321
-0.04398391
0.05700349
-0.2196237
-0.2918153
0.2612866
-0.2585392
-0.1482279
-0.1545211
-0.3461236
-0.06555434
0.5407492
0.1104351
0.08148017
-0.1226953
-0.008205891
0.1727647
0.08765699
0.09771442
0.1788682
0.1603985
0.1577946
0.3160851
0.11778
0.3045919
0.1517042
0.166446
-0.006015046
0.2892078
0.2290947
0.2568279
0.01857577
-0.1319928
0.09117471
-0.3599901
-0.2893152
-0.1831647
-0.01467736
0.1742349
0.1330651
-0.09176026
-0.1911917
-0.281548
-0.08663128
-0.2821826
-0.02775015
0.1586498
-0.08103144
0.1709961
0.2198631
0.007493159
0.1486399
0.3213868
0.1481531
-0.1135968
-0.0807459
0.2582846
-0.2932498
0.3487406
0.1181938
-0.1722304
-0.1906129
-0.2735851
-0.226192
-0.2444169
-0.07695537
-0.2636418
-0.2634353
0.3423323
0.1007904
-0.04032036
-0.03485557
-0.02330418
-0.004991223
-0.2061122
-0.1069396
0.1167416
-0.0819181
-0.05853528
-0.2084422
-0.1842229
-0.1741034
-0.06842584
0.03203172
-0.1440634
-0.2190022
0.03064675
0.04161699
-0.01495618
0.01221155
0.1569492
0.1923088
0.2078336
0.1945431
0.2211685
0.1779713
0.2995615
0.1306806
0.2334648
0.1428673
-0.1873933
-0.2719653
0.06968633
0.05661355
0.03385605
-0.09094477
-0.2510586
-0.1165147
-0.124662
-0.04707248
0.1558425
0.1758692
-0.1021548
0.04720099
-0.02786138
-0.2318743
-0.2095555
-0.2090387
-0.2393128
-0.09135919
0.104338
0.002479232
0.08860474
0.11559
-0.1834223
-0.008479274
0.2795084
0.1594843
0.1521415
0.2615206
0.1054659
-0.02302495
0.398671
0.2042292
-0.099782
-0.08423446
-0.01594995
-0.1188603
-0.5018603
0.009429738
-0.3261155
-0.2659531
0.1891768
0.04697493
-0.2174902
-0.1384255
-0.07801218
-0.1705201
-0.0308762
0.01086013
0.2067955
-0.02524233
-0.3460735
-0.2058937
-0.07528875
-0.127453
-0.01719257
0.003620798
-0.1277784
-0.4262989
0.6174011
0.2896002
0.5007802
0.6809828
0.5796633
0.3269113
0.3696816
0.3793017
0.3196955
0.3373581
0.1681689
0.3759581
0.3020553
-0.1393469
-0.1821311
0.2355586
0.08645527
0.1920417
-0.2117242
-0.1868377
-0.09567213
-0.3465317
-0.2861539
-0.257246
-0.175362
0.1080161
-0.1521662
-0.2821516
-0.01075874
-0.06867244
0.01470999
-0.1208523
-0.04465274
-0.03801634
-0.06351824
-0.1837564
-0.01036794
-0.06301596
-0.09493768
-0.09585573
-0.1564754
-0.1962317
-0.2734014
-0.06231444
-0.3329914
0.04548438
-0.2885931
-0.2275698
0.07341004
-0.2113328
-0.06106938
0.02422063
-0.06932194
-0.1129421
-0.06931975
0.4048877
0.3447771
-0.1231747
-0.03276177
0.2461777
0.09642498
0.1160822
0.1573529
0.2381304
0.0613189
-0.003448159
-0.1187731
-0.07477637
0.07538686
0.5067906
0.2410129
0.1919295
-0.1013669
0.3253502
0.6530037
0.7246537
0.7694656
0.3371692
0.6332413
0.5776255
0.5748696
0.4601511
0.3890168
0.5763152
0.5419286
-0.1874315
-0.2333979
0.3223023
0.2252487
0.2789658
-0.09266136
-0.07810789
0.07678886
-0.3069422
-0.1535921
-0.1790519
0.08584314
-0.04946567
-0.2971613
-0.4407693
-0.2153459
-0.157821
-0.1019457
-0.07951874
-0.06297767
-0.3854518
-0.1225184
-0.3829659
-0.125215
-0.2542064
-0.2341022
-0.2202742
-0.1925314
-0.04389501
-0.1635493
-0.008334045
-0.2232623
-0.0347559
0.01375109
-0.3163572
-0.2953768
-0.4457977
-0.2940773
-0.1276497
0.1015279
0.05298704
0.1724156
0.4108751
0.5149174
0.2297348
0.2454618
0.2464274
0.1832945
0.2627452
0.1191424
0.3559831
0.3216059
0.01730379
0.06996752
-0.06130943
0.09448449
0.5220443
0.291954
0.1884952
-0.1983298
0.4951274
0.09527048
0.1928511
0.3175459
0.04813393
-0.1044423
-0.1042623
-0.2542079
-0.2804633
-0.1126476
-0.1076054
-0.1805472
-0.1496285
-0.2450757
-0.3987184
-0.278772
-0.171392
0.08891939
-0.003094315
0.402304
0.3639623
0.3552608
0.2515891
-0.07953945
-0.149139
0.03587017
0.2682265
0.2302426
-0.2759222
0.02752556
0.1394201
-0.1879166
-0.09245002
-0.2887732
-0.1480983
0.1150838
-0.225943
-0.1452404
-0.3571987
0.3538805
0.06456463
0.09842328
0.2180694
-0.2140719
-0.3800192
-0.1489585
-0.003163077
0.04971775
0.04051273
-0.0443285
0.4330895
0.3326798
0.3174272
0.08703923
0.1777918
-0.2702409
0.06711812
0.2258422
0.2178546
0.4224235
0.4416618
-0.05128942
0.07781398
-0.1526421
0.4515819
-0.0544082
0.01785631
0.05873306
0.1400349
0.2809515
-0.2407853
0.5932562
0.5669931
0.3253157
0.5763787
0.3310434
0.4162763
0.1183459
0.1515461
0.3944496
0.3854331
-0.1845032
-0.1943271
0.2459276
0.1993133
0.3136175
0.1634353
0.2273669
0.2992469
-0.07731545
0.01711546
-0.005301272
0.3240437
-0.2220623
-0.3000163
-0.4233159
-0.09489097
0.006935764
-0.07736386
-0.06058131
0.08823426
-0.2332777
0.1423015
-0.08978468
-0.1180785
0.06639921
-0.1502759
-0.2537839
-0.07853051
-0.07042412
-0.2132829
-0.1060108
-0.08506778
0.08102473
0.032014
-0.1732002
-0.2538235
-0.2258903
-0.2220509
-0.09946117
0.2197137
0.2976263
0.3165945
0.2770614
0.3336911
0.1332239
0.08874817
0.279534
0.1716913
0.2949181
0.2061573
0.05789167
0.2515442
-0.0472642
0.1706128
0.166572
0.02004394
0.3494968
0.09948298
0.1123923
-0.1003127
0.8379852
0.4291199
0.7170903
0.7008701
0.7101772
0.6800903
0.5848695
0.7334462
0.6897184
-0.0371118
-0.1014525
0.4117986
0.3440581
0.2774307
-0.1843347
-0.1322113
-0.01270453
-0.4918765
-0.4535408
-0.3508059
-0.05318349
0.06893416
-0.085502
-0.4755212
-0.2012688
-0.09953336
-0.01516318
-0.1017148
-0.01245004
-0.07876198
0.08726676
-0.05978328
0.02430173
-0.1142012
-0.1720893
-0.03891219
-0.1667599
-0.1053622
-0.2680838
0.001231517
-0.2952392
0.1395106
-0.02050797
-0.2255718
-0.1623282
-0.443152
-0.2817821
-0.05303741
0.01208786
0.04346519
0.1140878
0.6058826
0.4978549
0.1434238
0.2248543
0.337991
0.2627396
0.09535234
0.07592302
0.4403245
0.2604066
0.009982636
-0.09375065
0.1029199
0.0594863
0.653265
0.2508518
0.1454242
-0.1053076
0.419698
0.7481936
0.7342595
0.731981
0.6535701
0.6156942
0.7149613
0.7304689
-0.1336279
-0.1786862
0.2822002
0.2109083
0.1719937
-0.2175504
-0.2259
-0.09864577
-0.3725218
-0.3468023
-0.367162
-0.08089926
0.01914213
-0.1954561
-0.3940383
-0.2679793
-0.1079425
-0.1130929
-0.004710057
-0.03996963
-0.2083145
0.01576774
-0.1036151
-0.1060659
-0.3068556
-0.3337204
-0.08855952
-0.2714889
-0.06086582
-0.2113713
-0.1046953
-0.1560818
0.1459117
0.07856593
-0.1747436
-0.1558039
-0.3655696
-0.2555569
-0.2271459
0.224267
0.1387976
0.2627283
0.5573695
0.547049
0.182995
0.157433
0.2707804
0.1196716
0.2662133
0.2484216
0.3774783
0.2103967
-0.2261897
0.07270287
0.1427127
0.1477653
0.599959
0.1403769
0.1808093
-0.1898304
0.3388577
0.3407171
0.2845049
0.2609132
0.08580631
0.3129136
0.2532783
-0.04671217
-0.04440511
0.3567496
0.2839545
0.2488567
-0.005282754
-0.1161087
0.0243231
-0.162997
-0.15475
-0.01693585
0.07324792
0.04429017
-0.08449814
-0.3540416
-0.4163648
-0.1609732
-0.4826674
0.04872343
-0.1140011
-0.2180099
-0.1709451
0.06364627
-0.2385597
-0.2281906
-0.3463894
-0.1191552
-0.05399631
-0.003557495
-0.2362621
0.108805
-0.04372223
-0.006639002
-0.0160384
-0.09794196
-0.007050699
-0.2904481
-0.1979273
-0.104908
0.2826191
0.3076922
0.2631084
0.507721
0.3903364
-0.09331495
0.01973055
0.2657659
0.11227
0.07523247
0.1448737
0.1420541
0.3466023
-0.4741528
0.2902971
0.1638968
-0.00368188
0.1602695
0.1262084
0.1856454
-0.2084641
0.7559888
0.898315
0.6267147
0.635105
0.8079037
0.8475557
-0.05761103
-0.1004295
0.3604101
0.2950697
0.2694008
-0.21508
-0.103884
-0.03013039
-0.3896759
-0.2852333
-0.363091
0.02000981
-0.02695625
-0.1397335
-0.4939152
-0.2735349
-0.1766175
-0.1210922
-0.05569071
-0.1771745
-0.09643077
0.07521716
-0.09340001
-0.147347
-0.1632855
-0.2589268
-0.207211
-0.2791385
-0.007725581
-0.1570185
-0.05896942
-0.136751
0.1840097
0.2951917
-0.2912754
-0.1635121
-0.4426368
-0.3028204
-0.09780819
0.2844558
0.2160455
0.3606353
0.5613353
0.5515952
0.2862022
0.1964624
0.2463948
0.2072782
0.3466958
0.2932305
0.3033061
0.3549834
-0.1538187
0.0813471
0.06773317
0.2643084
0.5749292
0.2513116
0.354781
-0.01224226
0.8628123
0.7970891
0.7897462
0.8513471
0.8360376
-0.05637164
-0.21992
0.3036486
0.2379056
0.1834071
-0.3155113
-0.2336532
-0.2001369
-0.4877763
-0.441036
-0.4010521
-0.05654192
-0.02168784
-0.1178646
-0.3787874
-0.2777985
-0.169698
-0.02167137
-0.1033393
-0.1686342
-0.1149825
0.03934581
-0.06086814
-0.1120637
-0.3415675
-0.3233288
-0.1019528
-0.1982909
0.02208563
0.04209006
-0.05338676
-0.06080523
0.1661964
0.2047021
-0.1870798
-0.205915
-0.3795163
-0.3281437
-0.2424699
0.1616554
0.03113275
0.1970155
0.4398654
0.6016946
0.2063602
0.01135245
0.2123615
0.05091672
0.282259
0.199611
0.4304547
0.2441475
-0.2015017
0.01458046
-0.06777747
0.2064783
0.5567102
0.1724824
0.2063338
-0.2065997
0.7477974
0.8043983
0.8713604
0.9310943
-0.05473135
-0.05766409
0.314428
0.2896056
0.2007515
-0.2971817
-0.1449115
-0.1066564
-0.4822252
-0.3880816
-0.4241273
-0.06157775
-0.03525938
-0.05944346
-0.4886413
-0.2379387
-0.1898181
-0.03244593
-0.04124828
-0.143031
-0.06782952
0.1072121
-0.09914377
-0.1289136
-0.2023918
-0.2502596
-0.1823204
-0.2504762
0.02670272
0.00408754
-0.1045631
-0.0904138
0.1882412
0.3032204
-0.2920581
-0.2153826
-0.4159226
-0.3183328
-0.08712946
0.2146395
0.1358044
0.2697443
0.5120546
0.5906356
0.2592204
0.0878771
0.2874248
0.1255909
0.3866933
0.254652
0.3941583
0.3388963
-0.1226963
0.04650414
0.0379907
0.2295178
0.6325923
0.2788499
0.2916336
-0.003960652
0.8269952
0.8457989
0.7896263
-0.02683215
-0.1713119
0.2585789
0.2099538
0.139095
-0.3484732
-0.2800025
-0.2661822
-0.5366881
-0.542932
-0.4948249
-0.2774778
0.005806352
-0.00233079
-0.3406867
-0.2429253
-0.3270113
-0.176087
-0.09193996
-0.1199353
-0.0279803
0.01222944
-0.0255396
0.03671777
-0.3681453
-0.2845155
0.1730897
-0.1506155
-0.07116306
-0.05812796
-0.09445144
-0.3209853
0.3768132
0.1845715
-0.1361821
-0.1399113
-0.3569807
-0.247018
-0.2315609
-0.08117902
-0.183424
-0.06595525
0.523144
0.4113127
0.1809924
0.1996391
0.09115027
0.05296376
0.03800781
0.02469928
0.4474689
0.1623635
0.001586235
-0.2553634
-0.09277702
0.1177462
0.4425118
0.1051514
0.1075592
-0.02022321
0.7635248
0.8512832
0.003144932
-0.09041367
0.08674285
0.08404239
0.008228262
-0.3603786
-0.2245993
-0.3185004
-0.3896707
-0.506159
-0.4157475
-0.2560981
-0.01568321
0.02269019
-0.2884826
-0.1756123
-0.1728698
0.04274827
0.005946233
-0.09833555
0.09486003
0.1747947
0.05938471
0.03046442
-0.310788
-0.2055619
0.1109121
-0.1309087
-0.01239833
0.08347414
-0.06386092
-0.101355
0.2319308
0.2845266
-0.1385806
-0.1731399
-0.2609795
-0.2251816
-0.1266337
-0.05714598
-0.04374071
0.07822821
0.3221408
0.4083955
0.2379708
0.05055373
0.1439456
-0.04210982
0.1159539
0.1290108
0.3410895
0.1579468
0.1032573
-0.1754068
0.02459971
0.1526172
0.4918229
0.133971
0.08781053
0.08223486
0.9180294
-0.04116929
-0.1313718
0.3686148
0.3037695
0.2818184
-0.2576413
-0.1331685
-0.0956326
-0.5611455
-0.4730916
-0.5020243
-0.07873049
-0.0226084
-0.1537343
-0.5105096
-0.36156
-0.2581836
-0.1784467
-0.05235428
-0.1305273
-0.1302265
0.08134307
-0.02402294
-0.1381424
-0.2981222
-0.3524212
-0.05209803
-0.2055426
-0.04366746
-0.1418822
-0.06217934
-0.1924953
0.4139355
0.3174931
-0.1351845
-0.1851946
-0.3948579
-0.2895033
-0.1423075
0.1530277
0.07861815
0.2086068
0.5996818
0.5586604
0.3150199
0.2228592
0.2403795
0.1492314
0.2415763
0.1511774
0.4003478
0.2715585
-0.07426006
-0.0514468
0.024222
0.1921046
0.5034147
0.1676719
0.1944044
-0.08532745
-0.04873438
-0.09635805
0.2415022
0.2180503
0.1550126
-0.2965354
-0.10066
-0.1184836
-0.4598343
-0.4045745
-0.4594057
-0.07271866
-0.07120701
-0.1335559
-0.4902919
-0.2780925
-0.2018283
-0.07771811
0.05972453
-0.1651835
-0.03120003
0.1581614
0.02226633
-0.1442803
-0.2550832
-0.3159805
-0.06319924
-0.2184282
0.008752918
-0.02167525
-0.06750993
-0.05509619
0.2940445
0.3157579
-0.1842982
-0.1923752
-0.3417312
-0.3017879
-0.08653767
0.1588246
0.1282393
0.2750303
0.5424102
0.5949694
0.3127765
0.1756124
0.300249
0.1522685
0.3258989
0.239068
0.2882753
0.3195438
-0.06603031
-0.03083275
0.08443593
0.2217054
0.6043438
0.196969
0.2403037
0.0336551
0.5783459
0.05420278
0.09182593
0.05328737
-0.1076766
0.251907
0.08478157
-0.2708341
-0.3290648
-0.2086378
-0.1348185
0.3728762
0.4189366
0.01954862
0.1204582
0.1849279
0.2792979
0.1331317
0.0987867
0.3810914
0.1347589
0.3322953
0.06080292
0.3200862
0.2475783
0.2066207
0.04753744
-0.1446883
-0.2184999
0.07685225
-0.1881932
-0.2523269
-0.1077178
0.02968244
0.07473015
-0.1343917
0.01868865
0.2333453
-0.1097574
-0.02608152
0.1578796
0.1517119
0.1626862
0.1292485
-0.06250132
0.164624
0.1880791
-0.1511911
-0.08684749
0.09016758
-0.1756445
0.1349621
-0.2150882
0.02390079
0.1838713
0.09898661
0.1458075
0.1022202
0.2294562
0.1514392
0.2003159
0.1155518
-0.1094834
0.3517794
0.2813807
-0.2525488
-0.3276098
-0.2731714
-0.1975767
0.3863032
0.4237178
-0.04757892
0.1046099
0.2065364
0.3310241
0.2045126
0.01512459
0.1208253
0.2585441
0.2053973
-0.02258496
0.4362558
0.361154
0.01274917
0.1227856
-0.1029522
-0.2165025
0.07387752
-0.06257745
-0.3188039
-0.009306897
-0.2172978
0.03813273
-0.2894804
0.05763932
0.3876709
0.01474198
0.1181617
0.2195935
0.07849414
0.1296693
0.112268
-0.07631436
0.2302759
0.1925984
0.01382381
-0.02389598
0.04974615
-0.1069953
0.08095427
-0.02088061
0.2066375
0.03032728
0.1322819
0.136714
0.1795889
0.252535
0.774422
0.8057825
0.219799
0.01400849
0.3503059
-0.4982941
-0.3317144
-0.2781033
0.1083084
0.2309328
0.01443516
-0.4696374
-0.4520812
-0.3004944
-0.07921542
-0.1963656
-0.1552841
-0.2499156
-0.04541415
0.0260672
-0.0963187
-0.04954814
-0.03325495
-0.1624969
0.2487933
-0.2922601
-0.4704356
0.006324419
-0.4007442
0.1623575
0.228502
-0.2344691
-0.06589888
-0.5576387
-0.2878764
0.04688513
-0.03150162
0.0477903
0.04265773
0.3769201
0.3095952
0.2941549
0.1397426
0.04922548
0.1643982
-0.2447464
-0.2109806
0.05140534
0.2535012
-0.1279439
-0.01773605
0.1957908
-0.150773
0.1545187
0.01252033
-0.06642882
-0.2204814
0.750592
0.4749287
0.1674079
0.4973493
-0.6043309
-0.2550239
-0.2845624
0.2201743
0.04950269
-0.08981774
-0.4366928
-0.5299143
-0.2745938
0.02868171
-0.009293833
-0.2049847
-0.2488774
0.0280904
0.1298834
-0.08608921
-0.04257685
0.1033473
-0.04924777
0.3670065
-0.42898
-0.3862291
-0.04502384
-0.2915187
0.120896
0.3050735
0.003324024
-0.29867
-0.5346711
-0.4789088
-0.0129886
-0.09438263
0.004017475
-0.01347337
0.2916013
0.1642656
0.3514902
0.1527942
0.09179456
0.004852055
-0.3006954
-0.4703852
0.03281938
0.1573525
-0.1614826
-0.08334877
0.2005835
-0.2276858
0.1523643
-0.06237505
-0.2809691
-0.09659747
0.4493914
0.2167861
0.4477376
-0.3786852
-0.2759513
-0.2480459
0.07285593
0.02799694
-0.03153516
-0.4446023
-0.4425964
-0.2324118
-0.0006263265
-0.06079069
-0.1188541
-0.2898966
0.01431207
0.1278152
-0.0277776
-0.006452293
0.0396942
-0.1918078
0.4205799
-0.4354154
-0.5261713
-0.1391564
-0.3899173
0.2428979
0.319065
-0.0193949
-0.0949956
-0.4032879
-0.2099538
0.01295387
-0.1643481
0.006912283
-0.07000541
0.2261898
0.1666573
0.4166319
0.06934784
0.08490734
-0.01876838
-0.3138228
-0.3451094
-0.0003270594
0.2404006
-0.1516542
-0.142112
0.2249712
-0.2057519
0.01204615
-0.03353628
-0.2421763
-0.05814911
0.2832898
0.5851978
0.07637976
0.3658005
0.1534982
0.4062836
-0.2839149
-0.251469
-0.02634978
-0.2834056
-0.04165195
0.0148549
0.01319852
0.1347446
-0.2925732
-0.02207659
0.1369712
0.02115394
-0.06164588
0.105013
-0.07302996
0.519788
-0.4475979
-0.1911296
-0.1097646
-0.04310501
0.10923
0.2944925
0.3731576
-0.309656
0.04379354
-0.2503545
-0.03498244
-0.1495678
0.1655429
-0.09222988
-0.1905179
-0.2749021
0.368467
-0.01234319
-0.08938434
-0.1629121
-0.3411105
-0.5444719
-0.3632853
0.1526504
-0.07883639
0.01714323
0.2645949
-0.36819
-0.3764815
-0.2913827
-0.4697688
-0.003014833
0.7084884
0.04354419
0.06077551
0.06060906
0.3357353
-0.1860017
0.0689119
-0.02845984
0.05015513
0.3534824
0.30953
0.3122723
-0.09196095
0.0761875
0.4193764
0.1517512
-0.088178
0.5128781
0.2351992
-0.07140493
0.3003637
0.02714857
-0.1275032
-0.05148207
0.07107662
-0.114271
0.06439284
0.03623458
-0.08058501
-0.0694841
-0.002642203
0.07231001
0.009878166
0.2222009
0.2936819
-0.08441398
0.02097698
0.2687638
0.09595492
0.2810203
0.21422
0.102905
-0.08569744
-0.247495
0.1450907
0.02683978
0.05800169
0.09233844
0.01125624
-0.04292412
-0.03635513
-0.05896758
0.05122941
-0.09969524
0.09934137
-0.01665196
0.4565987
-0.1694361
-0.1997341
-0.220917
-0.2186267
0.08753768
0.2193544
0.07033624
-0.03856747
-0.1874648
0.1847827
0.02278866
-0.04057507
0.3317286
0.2078071
-0.06922215
0.4512312
-0.2683727
-0.2443522
0.03457925
-0.0908857
-0.09425615
0.2057382
-0.04066614
-0.3269697
-0.3120326
-0.268136
0.03270626
-0.01871938
0.2040204
0.2016669
0.05050237
0.07272473
0.3022748
0.1294476
0.18845
0.3169697
0.0386149
-0.1794333
-0.1850001
0.1899966
-0.03396676
0.08214875
0.2065451
-0.05373708
-0.05068659
-0.04276523
-0.0678067
-0.06619703
0.5864146
0.5702471
0.09122422
-0.2065301
-0.0148894
0.5304106
0.3184208
0.2452623
-0.1647245
0.08401034
0.1494745
0.081317
-0.04394102
-0.1015806
0.1039928
0.01973361
-0.04546638
-0.08485782
-0.1162011
0.4082453
0.2622372
0.02702285
0.4232171
-0.1306933
-0.1207857
0.1164595
0.2907278
0.4613922
0.37276
0.01807754
0.07987814
0.1973632
-0.008456916
-0.409439
-0.3202029
-0.1309872
-0.04111291
-0.154376
-0.05769335
0.00390763
0.1646025
-0.3312818
0.0414139
-0.04652291
0.2804174
-0.01024443
-0.01491606
-0.4346159
-0.1642221
0.03724293
0.0006621443
0.6794105
0.5725503
-0.4067382
-0.3300736
0.2873016
0.1956594
0.02404374
-0.1411603
-0.05448179
0.1151753
-0.1220054
-0.03755752
-0.2281017
-0.2172532
-0.09176417
-0.1747392
-0.1203773
-0.01496999
0.1540192
0.3339003
-0.05948682
0.3697461
-0.1441964
-0.07035531
0.179228
-0.06395317
0.4188018
0.0331683
-0.07736097
0.1048858
0.143618
0.04606195
-0.409504
-0.29513
-0.0482106
0.03557675
-0.2463434
-0.0300077
0.1256758
-0.03873133
-0.4082231
0.01593593
-0.1029208
0.2439176
0.00644227
-0.1587541
-0.3716669
-0.1946052
-0.01024182
-0.07346111
0.600775
-0.3552646
-0.02766972
0.308575
0.2536462
0.03302708
-0.08818936
-0.1093452
0.05589193
0.1300158
0.04063208
0.02008068
-0.02938339
0.02527092
0.08087152
0.07275896
0.1783387
0.299056
0.4230976
0.1784394
0.472044
-0.2178492
-0.1723872
-0.08635922
-0.02152569
0.309525
0.1103846
-0.1686573
-0.09876434
-0.1025871
-0.1934527
-0.4844632
-0.3582612
-0.2496489
-0.1256624
-0.2568978
-0.1325392
-0.1389036
-0.05908841
-0.269543
-0.03662578
-0.04203243
0.01225957
-0.03929647
-0.3591123
-0.395218
-0.07388923
-0.1953872
-0.2739269
-0.3875044
-0.3136327
-0.06947791
-0.1074017
0.006212155
-0.03356928
-0.1514878
-0.01893811
-0.1336452
0.2043112
0.02697284
-0.224621
0.00243148
0.04987635
-0.0330403
0.3108002
0.1351794
0.3093907
0.1865597
0.3793528
-0.04394341
0.1468551
-0.06303991
-0.3714409
-0.03335317
-0.3091101
-0.2112001
0.06596608
0.07547456
0.1098155
-0.1760645
-0.0271333
0.04185821
0.108707
0.01293033
0.1441056
0.1164603
-0.09538788
-0.1409845
0.1650749
-0.1694566
0.1085326
0.06720761
-0.29012
-0.1347471
-0.03311648
-0.1442372
-0.42148
0.4719709
0.1319297
0.00399662
0.1195724
0.08400425
-0.07398128
-0.03660644
0.1787382
0.03194723
0.04937982
0.1310432
0.02570975
0.1082357
0.1004989
-0.1143228
0.02493638
-0.2618752
0.1971205
-0.2864315
-0.2359127
-0.1603478
-0.2236675
0.265617
-0.277089
0.04922543
0.2754585
0.1763323
0.04191341
0.1321981
0.2258131
0.2373778
-0.1718012
-0.1663767
0.1396259
0.06804392
-0.1132537
0.06814199
0.03382527
0.06096138
0.1429482
0.1576661
0.06617099
0.2378585
0.2434248
0.159618
0.240742
-0.03001893
0.1834568
0.2379405
0.2319016
0.1560023
0.1549615
0.0669225
0.3902516
0.1077612
0.203885
0.148827
0.3141716
0.332952
0.239827
0.01400859
0.2015567
-0.0152901
0.2267907
-0.03255159
-0.1565426
-0.2043882
-0.2523481
0.2071519
-0.1269304
0.2504024
0.1641327
0.02276318
-0.06935184
-0.04749734
0.03822863
-0.02408507
-0.2050247
-0.1817558
0.1305214
-0.01468397
-0.154162
-0.04281431
0.08064068
-0.06970295
0.1128549
-0.06973295
-0.08980447
-0.08816198
0.03249686
0.1057096
-0.02026027
0.03498158
0.3758127
0.2020821
0.1163392
0.03343199
0.05499981
0.3991909
0.2038868
0.1936561
0.3579863
-0.03566899
0.2548049
0.2339229
0.01889654
0.2906113
0.2423943
0.02704294
0.2972927
-0.09279673
-0.07969425
0.1035135
0.2031771
0.3451139
0.3119918
-0.05085129
-0.1815957
-0.1979578
-0.213352
-0.4242401
-0.4409905
-0.1503763
-0.1394644
-0.2717507
-0.2135082
-0.1962152
-0.07969827
-0.1716447
-0.2425183
0.01172124
-0.0267322
-0.1409433
0.04890308
-0.4368665
-0.1721038
-0.05238342
-0.1130202
0.2135588
0.3680111
-0.02221766
0.1718388
0.2250234
0.1521132
-0.1359186
0.3276924
0.3133456
0.2125845
0.06934826
-0.1702326
0.189733
0.1876187
-0.1000674
0.0430527
-0.3250179
-0.4316584
-0.1546678
0.02049187
0.2660888
0.1925164
0.1018951
-0.1452401
-0.1407633
-0.1451609
-0.2478571
-0.2485744
-0.1280807
-0.1136454
-0.03569258
0.08391014
0.1310494
0.1051
-0.1186096
-0.1506893
0.3470607
-0.09497894
-0.2397299
-0.02454645
-0.05105182
0.1092499
0.180542
0.1737605
0.4187579
0.3618222
0.1429971
0.1513709
0.09658258
0.005633575
0.01126077
0.2941984
0.1056566
-0.1657197
-0.04116437
0.2427492
0.03823274
0.1619225
0.2469707
-0.2508703
-0.1782079
0.144531
0.217133
0.07692968
0.2102885
0.1141385
0.2277753
0.2459218
0.2687496
-0.2226548
-0.08382697
-0.06767625
-0.1416176
0.2769223
0.05260862
0.1417306
0.2114292
-0.0223216
0.008131615
-0.004258777
0.1690185
-0.07588166
0.1244408
0.150332
0.07150222
0.1021157
0.04821679
0.03903468
0.06235293
0.3058044
0.3368066
0.07223094
0.2109529
0.3954767
0.4131152
0.01891583
0.2895467
-0.152166
0.03318212
-0.05356789
-0.06970799
-0.3251996
-0.07194104
-0.1376429
-0.1080594
-0.04698641
-0.02035937
0.1300909
-0.3174247
-0.1366059
-0.06428901
-0.2926305
-0.07002749
0.1725488
-0.2505864
0.1170894
0.007232169
-0.03611305
-0.07179374
-0.07226413
-0.1880411
0.3420529
-0.2220106
0.04957701
0.07065887
0.2509168
0.09567037
-0.0137957
0.1374053
-0.05519466
0.06697765
-0.05989025
0.0686467
-0.09495639
0.06028227
-0.05427971
-0.0425616
-0.055395
0.04303595
-0.1872452
0.08739851
0.1689798
-0.0008615357
0.06595083
0.176143
0.02805999
0.02259752
0.03961648
0.09911721
0.1457852
0.2445681
0.2761718
0.08096994
0.006257898
0.1263519
0.06562832
0.1838856
-0.0391501
0.06717631
0.0540428
-0.09892423
0.0338706
-0.1096772
0.1395936
0.05568844
0.0656901
-0.0103375
-0.1005884
-0.08386036
0.1813696
-8.814106e-06
-0.01433351
-0.04567816
0.1193074
0.1268904
-0.0514565
-0.02353663
-0.08569295
0.08051936
-0.01795481
-0.0917105
-0.08618344
0.09185563
-0.06865511
0.178856
0.04525647
0.2472225
0.3040986
0.30003
-0.06918649
0.1953569
-0.06880813
-0.05533002
-0.04305433
0.04804766
0.00538925
0.1644797
0.1851728
-0.02576259
-0.008670586
0.1149217
-0.01539018
0.201701
0.06191946
0.2304847
-0.000964096
-0.1114275
0.1140726
-0.1433938
0.09530762
0.3985238
0.4441064
0.2658576
0.273432
0.2424284
0.3457732
0.07363359
0.1272099
0.1310353
0.1718822
0.0574259
-0.01151674
-0.1558519
-0.1147819
0.2969185
0.1720708
0.1887911
-0.001407566
-0.3122466
-0.3134787
-0.1833089
-0.07307387
-0.1487179
-0.1714164
-0.2424163
-0.05822254
0.01837842
-0.1981597
0.03172223
-0.1292435
-0.2666815
0.1733476
-0.3911455
-0.08019594
0.08859327
0.0736528
-0.04322155
0.07899481
0.1337953
0.397557
0.1476695
0.1617668
0.174726
0.09235257
0.2640624
0.02343274
0.08904697
-0.1611495
0.08608384
0.03109658
0.2283734
-0.1481068
0.02231501
0.02440093
0.09079517
0.01153636
-0.1723826
-0.04977575
0.1140509
-0.107445
0.009362951
0.09233665
-0.144803
0.0412467
0.06551425
0.03559469
0.008636381
-0.08297969
0.01172085
0.09731258
-0.1858577
0.2908206
0.01957171
0.175693
-0.07739117
0.1144144
0.07072546
0.159922
0.08580445
0.2330594
0.4077622
0.4117578
-0.1277616
-0.08262007
0.1148777
0.2726003
0.1996135
0.1366895
0.1355812
0.0802846
0.0285638
0.01900531
-0.04796272
-0.1477371
-0.09193049
-0.0455424
-0.09219023
-0.1731719
-0.02664405
-0.2181742
-0.02691684
-0.2379346
-0.3959381
-0.1855674
-0.2084245
-0.1740731
-0.1730433
-0.308101
0.271917
-0.1908239
-0.1663669
-0.25845
-0.2281095
0.1061366
0.09426821
0.4566137
0.2082582
0.180065
-0.008249729
-0.03601292
0.1272864
-0.1325496
0.07490163
0.001304422
-0.02216639
-0.08690435
0.04779056
-0.05127554
-0.08954217
-0.47861
-0.3884086
-0.5320749
-0.1230285
-0.2996674
0.06978916
-0.05321767
-0.08918739
-0.09281754
-0.3471379
-0.2147148
0.04961528
-0.0684035
0.25179
-0.3807306
-0.1878098
-0.1096829
-0.1479691
0.03684282
-0.1822344
0.02845647
0.5165042
0.0006450333
-0.02351451
0.1682087
-0.03798543
0.0232415
-0.01997146
-0.1876921
-0.2813014
-0.1087997
0.07433049
0.02471446
0.1410374
0.3194027
-0.005948569
0.0798044
0.06276508
-0.09584119
-0.06255137
-0.1177989
0.01114339
0.2475872
0.226882
0.02333728
0.006404728
-0.1463778
-0.1285411
0.1417534
0.007814573
-0.01304066
0.04497835
0.002500477
0.01693138
-0.03047311
0.1325535
0.2304686
0.3656227
0.07494566
0.2032895
0.2405934
0.1126144
-0.173313
0.005134517
-0.2106419
-0.1140088
-0.09381083
-0.07274286
0.09785463
-0.4107687
-0.421701
-0.3788635
-0.3088459
-0.2986903
-0.09120835
-0.07763212
0.04817292
-0.1552618
-0.2970634
-0.3557642
0.01884196
-0.1105091
0.2224848
-0.3467873
-0.1891312
-0.2462914
-0.1563792
0.09968271
-0.2889651
-0.01606287
0.3199002
-0.04382991
0.1046068
0.3780512
0.03207629
0.001624818
-0.2054558
0.03131668
-0.2185108
-0.1664977
-0.2188974
-0.2622095
-0.2843483
-0.3771155
-0.2645172
-0.02727374
-0.1306518
-0.1906874
-0.03995168
-0.09969212
-0.14176
-0.4006687
-0.2864882
-0.07480539
-0.2886557
0.2441952
-0.4310444
-0.1242951
-0.1105053
-0.1678994
-0.2777198
-0.205869
-0.0791993
-0.3707721
-0.004682357
0.1595981
0.0100848
0.006274186
0.3122914
-0.03394153
-0.2776171
-0.1952328
-0.2909002
-0.2010131
-0.5089261
-0.3069689
-0.3286097
-0.2690097
-0.2432355
0.143214
-0.2669017
-0.06949496
-0.23706
-0.4381168
-0.4631264
-0.2156603
0.06220029
0.04677369
-0.4436384
0.226497
-0.4288078
-0.2999137
-0.2020493
-0.3763391
-0.09177791
0.5549874
0.17947
0.4848673
0.009442511
-0.1249851
-0.1672407
0.1854097
0.1572505
0.227577
-0.03174091
0.2519846
0.05454755
0.08752501
-0.07439196
0.06603167
-0.2003391
0.1715103
0.1394547
0.1101362
0.2986243
0.2176626
0.07379091
0.1149359
-0.06640434
0.2813548
-0.3017322
0.0964767
0.01690843
0.1438447
0.1087194
-0.2698617
0.05273339
0.575981
-0.06120687
0.02138868
-0.1247768
-0.09914133
0.2685402
-0.05000495
-0.2385194
-0.0218932
-0.3142167
-0.2066337
-0.4081287
-0.1152363
-0.3087683
-0.197058
-0.1589745
-0.2118815
0.2334719
-0.01110646
0.01619083
-0.03214297
-0.01383625
-0.02443593
-0.3530638
-0.1765099
-0.05659728
0.03119599
-0.03593501
-0.1476975
0.276233
-0.2446724
-0.2095366
-0.2711631
-0.2439138
-0.3756257
-0.2821332
-0.08873652
-0.007222613
-0.1056487
-0.008491767
0.04008899
0.01490127
-0.1865975
0.02322438
0.2132009
0.1091455
-0.1473821
-0.01026898
0.1018825
0.04469774
0.1617411
-0.07654363
-0.2798156
-0.1163416
-0.04576263
0.0945675
-0.006300916
-0.2858264
-0.1095086
0.05359251
0.0177233
-0.03743965
0.2305542
0.02661222
-0.1464117
0.2462925
0.09784285
0.1191371
-0.4063421
-0.155902
-0.1985615
-0.1600996
-0.04447408
-0.2389129
0.1911266
0.1056087
-0.1264959
-0.01690289
-0.3070037
0.2000949
-0.1020721
-0.1892128
-0.2158564
-0.08775598
-0.06755576
-0.1913683
0.4474657
0.2650471
0.1441146
0.2366759
0.1516698
-0.1519078
-0.08056887
-0.09509221
-0.2301502
0.1649266
-0.09758587
0.1126617
0.1839878
-0.09149808
-0.1687202
-0.1286022
-0.1111833
-0.004586114
-0.00265569
-0.1936328
-0.1989709
0.05760918
-0.1531826
-0.1346732
-0.1358488
-0.3420069
0.05600758
0.04632819
-0.1535648
-0.01024556
-0.09054222
-0.05988092
-0.02065344
0.05724958
0.04920897
-0.02000021
-0.05949243
0.3199285
0.03881688
-0.1832151
-0.230693
-0.01583809
-0.1190608
0.07445603
0.3551187
-0.2039375
-0.0352688
0.2479405
-0.009159771
-0.156557
-0.0366455
-0.1315219
0.05301474
0.1782106
0.5195744
0.1658936
0.0227681
0.01281569
0.1937038
-0.0143295
-0.09819627
-0.2188128
0.1959686
0.1425235
-0.03326943
-0.1663337
-0.1790766
-0.2420017
-0.2296935
-0.1449272
-0.1679556
-0.005954529
0.121391
0.01330829
-0.295297
-0.2367363
-0.3403016
0.1602825
0.3254212
0.7349686
0.3427823
0.08380228
0.1354887
0.02852137
-0.01884925
0.03904405
-0.1722181
-0.05951955
-0.004875565
0.03691601
-0.08101697
0.2911491
-0.1959991
-0.008658607
-0.1862327
0.11075
0.1652693
0.2118862
0.05847224
0.1189202
0.2417144
0.1528642
0.5040404
0.02224613
-0.07938125
-0.04184191
-0.2204832
-0.4092848
-0.4431211
-0.1994711
-0.1180869
-0.3273923
-0.2305794
0.0272088
0.05604627
-0.2606291
-0.2394528
-0.06491729
-0.02830203
-0.005178962
-0.06328649
-0.3904848
-0.1450313
-0.2549667
0.2156526
0.4339246
0.001751876
0.1393171
-0.02428318
-0.2126017
-0.183926
-0.2015614
0.04371779
-0.07328647
0.04655891
0.02714353
0.309814
-0.01946589
-0.1209885
0.0182975
0.06043017
0.1526473
0.2366197
-0.1093752
0.2321312
0.1426522
0.208917
0.01836719
0.3744038
0.1438822
0.03575054
0.1219094
0.06915853
0.1855977
0.2979357
0.3128819
-0.03798623
0.07434258
-0.05450173
0.154263
0.3046504
0.1841125
0.3265972
0.2817643
0.1640934
0.4294024
0.2173395
0.3286276
0.6700322
0.7347534
0.2440773
0.3568138
-0.1941287
-0.05249794
0.2171917
0.08818703
0.5549171
0.4974056
0.02170684
0.160813
-0.4809044
0.7762412
0.07872975
0.2900094
0.1774082
0.009773565
0.3382644
-0.1321342
0.7678728
0.2619767
0.3863321
0.2044767
0.07883762
0.3893927
0.2737202
0.3773855
0.4029852
-0.1889024
0.299961
-0.252802
0.794495
0.4975699
0.3187869
0.1055836
0.06571672
0.2927737
0.03861024
0.3134796
0.5213547
0.08716086
0.05463863
0.3629019
0.3327875
0.5692486
0.497887
-0.007199185
0.2170389
-0.2468695
0.6441584
0.334633
0.4910436
0.2910296
0.06474425
0.5010536
0.08146695
0.6163332
0.2337049
0.2565803
0.4830921
0.4567721
0.236144
0.2115236
0.2595086
0.2659461
-0.2065118
0.132801
0.1629491
0.2273473
0.4439123
0.2295786
0.3209925
-0.0765178
0.19428
-0.03284994
0.570403
0.3974363
0.4312853
0.4017905
0.1388398
0.335854
-0.2067184
0.3031911
0.2418846
0.3463194
0.6356451
0.2927811
0.4217554
-0.1572397
0.2849524
0.1862682
0.1694539
-0.07272834
-0.275224
-0.1340034
0.2519928
0.06755439
-0.07797562
0.1926792
0.04171982
0.07050202
-0.01698015
-0.03487201
0.02693957
0.1064698
0.4716846
0.01671634
-0.1264004
0.1933052
0.1479116
0.1653852
-0.001246166
-0.05925917
0.0699333
-0.007431793
0.1390998
0.01413011
0.0218339
0.402132
0.3151999
0.1949572
0.08627248
0.3385047
-0.1013442
0.2216166
0.1871153
0.210114
0.4655882
0.4590413
0.2213171
-0.06385678
0.3639108
0.3439801
0.1198269
0.1751127
0.1794522
0.1502205
0.1500793
0.2424997
0.2824957
0.359886
0.4572602
-0.01075651
0.688155
0.2156419
0.1252583
-0.2151085
0.4847895
0.003432533
0.3887216
0.3826953
0.3119263
0.5624553
-0.02422942
0.09304748
0.02154619
-0.188491
0.4303903
0.1823299
0.4533583
0.318163
0.3092848
0.6068524
-0.03111321
-0.01340306
0.008998377
-0.1123052
-0.1995235
0.2287717
0.26637
0.3338145
0.1294783
-0.09114345
-0.1088333
0.2320124
0.1378298
0.08110159
0.1689428
0.2986488
0.1680399
-0.08699806
-0.3489874
-0.1507652
0.06390939
0.08289224
0.1768801
-0.005575122
0.3039272
0.2133523
0.2594529
0.01884111
0.05759695
0.2913352
-0.2185845
0.07398073
0.07160465
-0.02851282
0.05932451
0.09195472
0.3311005
0.2750292
0.5795575
0.1435267
0.4154453
0.4422784
0.08207361
0.3705972
0.0451017
0.1073024
