0.4679418
-0.02385099
0.7236601
0.4381037
0.2482465
-0.1226767
-0.4515965
-0.1630481
-0.3643186
-0.3241982
-0.3946256
-0.1592422
0.3760415
0.3612539
-0.1124764
-0.4235192
-0.2463475
-0.3653532
-0.3003004
-0.4014612
-0.29009
-0.293986
-0.3482727
-0.1075011
-0.1176757
0.09324625
-0.1051842
-0.1293009
-0.06706928
-0.1841867
-0.0007126363
-0.2200154
-0.02397288
-0.2414934
-0.2548508
-0.1905441
-0.01849752
-0.2298142
-0.02112527
-0.09301926
-0.1084068
0.009818256
0.03306797
-0.20344
-0.03084023
0.09548216
0.09460701
0.2561874
-0.1057052
0.7462184
0.5441515
0.6046648
0.1398399
0.3660734
-0.0326549
-0.356723
-0.3385709
-0.3292242
-0.2417005
-0.1784631
-0.3703131
-0.3808755
-0.08123453
0.3508225
0.1921562
0.1537762
-0.2389965
-0.3099953
-0.1788792
-0.3182607
-0.07417213
-0.1487459
-0.1832181
-0.120777
-0.00722975
0.08467893
-0.272232
-0.2679347
-0.2036547
0.310398
0.2762234
-0.03859525
-0.2533447
0.04407015
0.001784724
-0.2332885
-0.1703392
-0.2975922
-0.2841828
-0.4008777
-0.07853917
-0.03861369
0.001093271
0.02271423
0.193655
0.4227902
-0.04566361
0.03386239
0.09128782
-0.1999564
0.51056
-0.1039073
-0.1834636
-0.4102058
-0.1706463
-0.1427365
-0.1692508
-0.2878595
-0.2543634
-0.08642595
0.5179686
0.4245936
-0.2132774
-0.2066016
-0.001842342
-0.2698713
-0.08507434
-0.3764076
-0.245451
-0.1753108
-0.4715228
0.1024238
-0.33577
0.2346513
0.005737157
0.1426301
0.2491531
-0.07923541
0.0459158
0.04312191
-0.1411225
-0.3233531
-0.2776078
-0.202585
0.172517
-0.0009981926
0.1831745
0.2653627
0.1645316
0.2588306
0.3840175
-0.05710935
0.02000844
0.19184
0.0862268
0.3001358
0.1086685
0.5431395
0.7692152
0.5923357
-0.3256322
-0.03035312
-0.384793
-0.2686872
-0.07743353
-0.2695648
-0.2424614
-0.1429074
-0.1661701
-0.1650068
-0.06328684
0.5822241
0.3233602
-0.08465178
-0.08178837
-0.4149137
-0.1729646
-0.3707212
-0.3421266
-0.2509869
-0.06802482
-0.460373
-0.4408159
-0.1461956
-0.2846761
0.01356288
-0.2565735
-0.01541871
0.2000251
-0.06578083
-0.3243048
-0.01297695
-0.2930436
-0.2720498
-0.3851169
-0.1728476
-0.1122205
-0.3220299
-0.04892614
-0.01534535
0.08844547
-0.1262112
0.1547153
0.3938426
0.1642025
-0.2568729
0.2115701
-0.2577387
0.4148652
0.3225405
0.7170742
0.1794135
-0.1722086
0.3637427
-0.09426544
0.201238
0.2170985
-0.6481785
-0.5078573
-0.1823272
0.1609401
0.03860713
0.1491039
0.03147197
0.3048826
0.482828
0.2019002
0.3508942
-0.03711909
0.2671692
-0.208818
-0.315823
-0.09792357
-0.294063
-0.4187674
-0.4003149
-0.3054737
-0.1691198
0.05026226
-0.01516732
0.06751117
-0.3811189
-0.06288404
-0.2001525
-0.3245887
-0.3729412
-0.4924972
-0.3415389
-0.3304254
0.004390707
-0.3566116
-0.1988655
-0.3122105
-0.4400306
-0.3739521
-0.1031786
-0.5595049
0.6967628
0.2383837
0.7399866
0.3169074
0.1148056
0.258512
-0.1420566
0.4509397
0.1147014
0.3419709
0.1484934
-0.5552579
-0.34346
-0.3620162
0.1458489
0.04442315
-0.001592243
0.5246038
0.280664
0.3350885
0.1945492
0.01895076
0.1325766
-0.1428719
-0.1242355
0.264855
-0.1004655
-0.1275895
-0.1565691
-0.02636163
-0.182863
-0.2532051
-0.1420536
0.1850183
-0.06730515
-0.009571973
0.0595787
0.2238433
0.03408327
0.01852595
-0.4137896
-0.1022857
-0.3198889
-0.3469842
0.1959415
0.2979474
-0.06912175
0.365126
0.2297818
-0.2131418
-0.4726034
-0.1694154
-0.4709833
-0.3048654
-0.4666165
-0.1886786
0.6163819
0.5816184
-0.1002239
-0.4425913
-0.2875506
-0.345066
-0.3383695
-0.4977115
-0.3010168
-0.2006514
-0.4300696
-0.1958453
-0.1354146
0.2088092
0.05315298
-0.022849
-0.0695557
-0.2422201
0.1022229
-0.1714298
-0.2628792
-0.412355
-0.362065
-0.2724419
-0.06431959
-0.3362481
0.0724248
0.02577921
0.0752239
0.06882243
0.0721418
-0.2863801
0.02302943
0.1024102
0.1605524
0.4604658
0.02653608
0.7970888
0.5529742
0.798369
0.02631608
0.4305092
-0.07406548
-0.437218
-0.3106284
-0.3641935
-0.195884
-0.2273553
-0.3596422
-0.3011745
-0.09303892
0.5627295
0.4684862
0.1213372
-0.297627
-0.3578105
-0.2137719
-0.4390686
-0.1411221
-0.2200544
-0.1629193
-0.209917
-0.1155343
0.0377601
-0.107094
-0.2040645
-0.2557273
0.2612485
0.2931797
-0.09795335
-0.3412982
-0.05001021
-0.1914647
-0.2244559
-0.223831
-0.2972971
-0.1713732
-0.5157259
-0.189031
-0.1237449
0.142128
0.1103905
0.2422754
0.5797257
0.05395593
-0.2555442
0.2407709
0.6922324
0.5658795
-0.1680952
-0.2361964
-0.08358755
-0.09008841
-0.2189649
-0.09241947
-0.1806747
0.01556513
-0.2002272
-0.1466916
-0.2306098
-0.1316434
-0.03437864
0.1138551
0.04823044
0.1776228
0.2139372
0.03482037
0.5355311
0.09790167
-0.2600585
-0.1658451
-0.3452232
-0.4910119
-0.1152318
-0.19814
-0.1733712
-0.2633925
-0.121295
-0.1823272
-0.3503595
-0.3284674
0.02054099
-0.3299771
-0.1779179
-0.265524
-0.1287788
-0.4315223
0.06601619
-0.1953337
-0.0002040093
-0.01755007
-0.2153848
0.2034533
0.00916344
0.01686923
0.7808877
0.6252739
0.5229317
0.01763774
-0.1973824
-0.04933535
-0.1798683
0.007391075
-0.3595866
-0.1606978
-0.1280871
-0.2014903
-0.007358008
-0.2544161
-0.2806342
-0.09805854
-0.0698872
0.1368354
0.3938142
0.1933467
0.2126898
0.02144357
0.2362825
0.1418391
-0.1924456
-0.0403294
-0.3176247
-0.03514851
-0.07601924
-0.2953493
-0.4161863
-0.2626026
-0.1863384
0.07736448
-0.1128745
-0.2176202
-0.08903025
-0.1787986
0.10554
0.1180975
-0.2431774
0.0713265
-0.05161386
0.1451172
-0.01793507
0.215194
0.09866408
0.4909112
-0.07969121
-0.04057903
0.09201321
0.164867
-0.3854395
0.02082391
-0.1194098
0.1292084
-0.1602661
-0.2674067
-0.2582582
0.01704421
-0.00545602
-0.0248132
0.1598917
0.1306991
0.2010595
0.02907933
0.3837675
0.04506559
-0.07756512
-0.1621655
-0.4242856
-0.4819962
0.09121312
-0.1222854
-0.08177158
-0.1067187
0.09071989
-0.2764242
-0.2284574
-0.1406039
0.1794917
-0.2989436
-0.2206274
-0.1633985
-0.05433948
-0.3305039
0.1241565
-0.1309045
0.3355686
0.1985532
-0.1701858
0.1697258
-0.02116252
0.004278938
0.7132866
0.7442629
0.3754666
-0.03620517
-0.1416396
-0.07887673
0.04555973
0.1124034
-0.2940823
-0.2445869
0.03045449
-0.1963407
0.1432689
-0.1888535
-0.32445
0.1302401
-0.06223821
0.001622318
0.2398436
0.0626771
0.009958101
-0.07409055
0.08782738
0.1748308
-0.1253355
-0.2205144
-0.312637
0.09354389
-0.08766768
-0.3662678
-0.2379657
-0.2277092
-0.1255579
-0.01657353
0.07418148
-0.2768391
0.03548365
-0.06133474
0.1645964
0.0315416
-0.04729196
-0.04773201
0.2661474
0.1315385
0.03279683
0.06353236
-0.06174914
0.1357831
-0.1684587
0.3779802
-0.01649286
0.04562129
0.160228
-0.6135848
-0.3726989
-0.165981
0.06676526
-0.1385595
0.1043342
-0.004659623
0.3537178
0.393878
0.2819856
0.4912923
-0.03141617
0.4587876
-0.07656409
-0.2964477
-0.1210093
-0.2808528
-0.3935558
-0.2430434
-0.2719129
-0.1123177
0.2730206
0.1109809
0.2106642
-0.4733834
0.04943288
-0.1074437
-0.3603926
-0.403417
-0.4751095
-0.3270621
-0.3579956
0.03414036
-0.3727732
-0.1257729
-0.3016141
-0.3419231
-0.3764819
-0.3456132
-0.5767076
0.7611027
0.3373475
0.8168489
0.3687708
0.06461552
0.2676285
-0.1263686
0.3940786
0.03114153
0.2136518
0.1655657
-0.5991843
-0.2003074
-0.3071884
-0.01678794
0.1661133
-0.06462583
0.4880495
0.4043623
0.3576349
0.2617829
0.183939
0.2633963
0.09811779
-0.09656827
0.06348393
-0.0851076
-0.05459661
-0.2194139
-0.08364958
-0.06635574
-0.2485916
-0.04677059
0.323222
0.1574832
-0.001939035
0.1265639
0.3058412
0.1957066
0.1292389
-0.3277937
-0.08336063
-0.2511478
-0.4406146
0.1176164
0.3265216
0.01226977
0.4776363
0.414671
0.4707861
0.5299442
0.4153364
-0.3728953
-0.1976527
-0.03991289
0.5951386
0.5058546
0.5272279
0.3339119
0.3537101
0.01848355
0.4538709
0.4108487
0.2685935
0.0916609
0.04183855
-0.04105135
-0.06419089
-0.02504767
0.07810894
-0.2387219
0.1195322
-0.0800209
0.05436791
-0.05194871
0.1254473
0.05736237
0.09600271
-0.02679547
-0.1903621
-0.1210529
-0.1638812
-0.02056724
0.02109078
-0.2865884
-0.1966589
-0.2197125
-0.3707678
-0.1235716
-0.4110982
-0.1690676
-0.4525745
0.05992048
-0.1891295
0.1538926
0.693066
0.7174903
0.661799
0.3326612
0.1902742
0.4421681
0.4242987
0.2715993
-0.2808473
-0.2448327
-0.2548101
0.549633
0.2868711
0.4497768
0.5174533
0.2159226
0.2864167
0.4770366
0.01111018
-0.02245192
-0.04860759
0.001831172
0.1726174
0.222387
-0.4900049
-0.2156588
-0.1861388
0.07720184
-0.1716353
-0.06796675
0.01850682
-0.1507886
0.07824594
0.2236377
0.171075
0.08172735
-0.02598849
-0.2538211
-0.3595571
-0.2922526
-0.2650905
-0.3675201
-0.1869742
-0.169126
0.294788
0.3560472
0.3167123
0.2441286
0.00980955
-0.08946781
0.2687229
0.3905658
0.3279778
0.5889363
0.330959
0.2768227
-0.2111207
0.1238489
0.3336405
-0.00328296
0.03642033
-0.1174626
-0.03949873
-0.2518403
-0.2214591
0.2097201
-0.1251831
0.09237369
-0.09707332
0.03767714
0.079686
0.09105576
-0.005697313
-0.0290361
-0.2401852
-0.3202753
0.004319923
-0.1246382
-0.1872228
-0.07298584
-0.295755
-0.2516466
-0.1211933
-0.226945
-0.02952497
-0.09835115
-0.03706704
-0.1518934
-0.1491939
-0.1897351
-0.203506
0.4111899
0.2173545
0.4521405
0.7796444
0.04754906
0.2689953
0.1303488
0.1424088
-0.1076534
-0.03068169
0.1761763
0.3676513
0.4651443
0.5381916
0.2316267
0.1424957
0.2919077
0.266961
0.3149619
0.1701788
0.1355206
-0.09916827
-0.07560245
0.4286468
-0.1365612
-0.01927173
-0.1597321
0.3375048
0.1869323
0.2284919
0.1257922
0.137065
0.2830149
0.3128064
0.1371953
0.06528983
0.1014307
0.01288697
-0.1843229
-0.05202149
-0.1212813
-0.5633167
-0.07792667
-0.1591426
0.3079043
0.3679157
0.3927641
-0.4234304
-0.3614831
-0.01867975
0.3433352
0.1177377
0.5933994
0.2251261
0.4994914
0.3612332
0.3560488
0.5171746
-0.0836009
0.09769261
-0.06274518
-0.0978214
-0.09273128
-0.1249556
-0.1436001
-0.2280188
-0.1039208
-0.003756652
0.2746876
0.2723695
0.1294937
-0.08415453
0.287199
-0.0555865
-0.2344929
-0.369737
-0.1697422
-0.182185
-0.1831155
-0.01059507
-0.2357551
-0.01442858
-0.2369716
-0.1218539
-0.4484097
-0.1785107
-0.5238256
0.1993584
-0.0598704
0.244332
0.3900243
0.2256227
0.4681678
0.2347148
0.6082952
0.4900737
0.4510423
0.3540638
-0.4614378
-0.1164045
-0.2368265
0.2769134
0.4110535
0.1344111
0.6017649
0.1866799
0.3881605
0.272394
0.1412057
-0.003050973
-0.05460917
-0.04509249
0.1231184
0.1278477
-0.17109
-0.1377158
-0.01503607
0.2510343
-0.08175474
-0.006411857
0.1636024
0.07883514
0.2451148
0.1670005
0.3715622
0.2598333
0.02787898
-0.1989646
-0.2047125
-0.1261219
-0.4622568
-0.02642919
0.1102298
0.04705763
0.2374183
0.5076828
-0.2522742
-0.03081853
0.01773462
0.1672267
0.1608177
0.4294392
0.1416969
0.2060099
-0.02214694
0.1493745
0.3359979
0.05241225
-0.08616707
-0.02621136
0.2475733
-0.06532646
-0.08454717
0.1444493
0.1409954
0.1585697
0.2234176
0.1081151
0.05765716
0.04389456
0.2716228
0.09502018
0.1055711
-0.06786168
-0.0725369
0.08743735
0.1287692
0.1898472
-0.1241109
0.05607065
0.2342148
-0.006521093
0.08477346
-0.3124505
-0.2653139
-0.2847841
-0.004165096
-0.05088394
-0.08830061
0.3605045
0.216836
0.2730558
0.3422819
0.08307403
0.3450667
0.2003887
0.3946942
-0.2419025
-0.08544505
0.01232101
0.09464098
0.1857318
0.1297026
0.1770857
0.2198623
0.07455966
0.09153908
0.0571558
-0.03773063
0.06878033
0.2003673
-0.1288309
0.1491131
-0.04775041
-0.09030057
-0.08804471
0.1787049
-0.05933242
0.1760337
0.09915018
0.2173013
-0.07750244
-0.098318
0.1599108
0.1841242
-0.05219838
0.1411597
-0.2026057
0.1335502
-0.09656476
-0.3593673
-0.1153185
-0.3173715
0.3218788
-0.3723092
-0.3636035
0.0312671
0.6375721
0.3917539
0.482108
0.2541278
0.5778877
0.01661436
0.399659
0.3269944
0.08741992
0.06958304
-0.1549023
0.00496296
-0.226115
-0.01101321
0.07573619
-0.2926315
0.1689943
0.06035679
-0.05588326
-0.0582185
0.00911454
-0.06486331
0.05035132
-0.2206553
-0.01072166
-0.03376185
-0.1948111
-0.2039564
0.05620201
-0.2668345
-0.07294843
-0.3043184
-0.4665456
-0.129618
-0.5158083
-0.2602558
-0.4470525
-0.02095976
-0.3860258
0.1083407
0.5150482
0.4620866
0.560033
0.2570961
0.1657835
0.5792813
0.6334025
0.08010372
-0.2578676
-0.3431112
-0.1970477
0.581558
0.2123439
0.3697538
0.6577249
0.2397876
0.2637582
0.4529617
0.112475
0.06228454
-0.2817874
0.1226085
0.2548052
0.2766726
-0.3442085
-0.07455113
0.04266708
0.1969455
-0.05485346
0.08697735
0.004546093
-0.1822587
0.2138203
0.1065672
0.1712359
-0.05613035
-0.01268382
-0.3232243
-0.0196708
-0.3500167
-0.3619255
-0.3621299
0.04030495
-0.07373
-0.2977706
-0.03355849
-0.1514737
0.2210997
0.03632696
0.3278684
-0.02494021
0.1113907
0.1401216
0.1422614
0.3790951
-0.06302934
-0.2139983
-0.08179
0.1704818
0.08760151
-0.1351348
-0.1339235
-0.117219
-0.04403605
-0.09950526
0.05327467
-0.05112794
0.1113058
0.07280985
0.1015327
0.007897449
-0.1233397
-0.3011853
-0.1900806
0.01985691
-0.1145428
-0.1880979
-0.005243083
0.01020527
-0.07518643
-0.1918757
-0.1978647
-0.04004111
-0.2255998
0.1558488
-0.0003147744
0.1628626
0.5094951
0.3915391
0.3507529
0.1918469
0.4395703
0.5551895
0.4935918
0.8204472
-0.1957129
-0.06334891
-0.2283535
0.2541998
0.07777365
-0.05437037
0.3536207
0.1974347
0.05343532
0.08182185
-0.07273423
-0.1889164
-0.146136
0.08721174
0.08143346
-0.003641255
-0.1960409
-0.0466646
-0.07330726
0.07775737
-0.2963685
-0.04990585
0.03306297
-0.0666263
-0.02932745
-0.1440668
0.1087835
0.1005842
-0.09106629
-0.1562907
-0.3501109
-0.06069673
-0.1256825
-0.1451652
-0.1656094
-0.1361941
0.6956412
0.2146285
-0.2600635
-0.01311496
-0.2483276
-0.02719777
-0.4737891
-0.3365826
-0.136373
-0.5161172
-0.08650477
-0.3817958
0.2520243
0.1267662
0.1404501
0.2870194
0.1836346
0.284165
0.1702616
-0.2223442
-0.2919677
-0.1095229
-0.2154929
0.2950264
-0.1214323
0.07205433
0.2187721
0.2372499
0.3771793
0.1503807
-0.009713678
0.00475303
0.200145
0.2224729
0.4921476
0.4268917
0.6430245
0.4115808
0.7826923
-0.4572882
0.04671133
-0.52909
-0.4986895
-0.1502761
-0.2811279
-0.01814545
-0.3647509
-0.2069071
-0.3031493
-0.1952005
0.8478597
0.5699284
0.3041851
-0.137602
-0.1363969
-0.02848451
-0.5449415
-0.3425984
-0.2400271
-0.2287185
-0.2337584
-0.2652589
-0.0359265
-0.169564
-0.1304908
-0.03776655
0.1453006
0.3075432
-0.007754976
-0.1388235
0.05534871
-0.2102375
-0.2883984
-0.1210138
-0.1400779
-0.06073797
-0.4279428
-0.2685135
-0.2641598
0.2017228
0.1434617
0.3140471
0.6265488
0.005238433
-0.3839419
0.2514843
-0.09520939
-0.3760474
-0.2542859
-0.2254258
-0.05622485
-0.5166654
-0.1785475
-0.03922124
-0.3424967
0.05350339
-0.256127
0.3902736
0.2185145
0.09461347
0.09508754
-0.1470805
0.2623906
0.002764673
-0.09788433
-0.2689726
-0.149033
-0.2382615
0.2052244
-0.1120115
0.2940037
0.203715
0.08508695
0.2935823
0.2756557
-0.05023289
0.02948056
0.1781205
0.3552199
0.5700079
0.3501292
0.6831379
0.420721
0.7296943
-0.1917654
0.3222085
-0.3551552
-0.2494872
-0.02526244
-0.2756779
-0.1786916
-0.1245811
-0.1564582
-0.2209638
-0.001902677
0.7356982
0.6335217
0.004914033
-0.2404189
-0.206483
-0.1499926
-0.4632961
-0.1489241
-0.2542943
-0.1303722
-0.4393322
-0.2487712
0.06283628
-0.1049334
-0.2574859
-0.3123861
-0.04097543
0.1708403
-0.2929682
-0.3416384
-0.2386185
-0.2626367
-0.3227764
-0.1518881
-0.3920665
-0.2071114
-0.4355777
-0.09274703
-0.2845095
0.1620201
-0.06157279
0.4804133
0.6812162
0.03501222
-0.5050934
0.2251278
0.3138348
0.4002095
0.2737998
0.387538
0.2302772
-0.3295208
-0.02358578
0.09935003
-0.2028773
-0.1504237
-0.2164719
-0.1754959
-0.1773449
0.07497419
0.5921447
0.05584516
0.296558
-0.2115092
0.2167879
0.3869979
0.1533939
0.02811591
0.02326612
-0.4724767
-0.3064599
-0.01316011
0.1113705
-0.4292813
0.04012364
-0.2900236
-0.2093547
-0.111565
-0.1400492
0.3099103
-0.1269991
-0.3183228
-0.002847036
-0.1503076
-0.1536117
-0.09892623
-0.06886712
0.005820548
0.1997621
0.3811435
-0.2741968
0.03975526
-0.1738438
-0.04354779
0.08549416
0.09658106
0.66165
0.2924279
0.5381415
0.4509664
0.09278071
-0.06617391
0.1604357
-0.08193132
0.4320896
0.2367122
0.1092199
-0.09870538
-0.1437722
0.5850395
0.161314
0.1940417
0.2914214
0.3853094
0.2073615
0.1739093
0.08699755
0.3731414
0.275529
0.2726307
0.08432721
-0.3250461
-0.1750871
-0.1214117
0.06223335
-0.05107943
-0.07446085
-0.2201518
0.01144256
-0.1273598
0.6359094
0.4525219
0.4954614
0.6498702
0.002134167
0.3727434
0.4700479
0.02377098
0.2364502
-0.1661286
-0.2471628
-0.1505936
0.02188368
0.2218109
-0.3655973
0.3409126
-0.1670771
-0.0461083
0.1344061
0.1652747
-0.04792345
0.007833263
-0.2167373
-0.234014
-0.1037022
-0.1394274
-0.2101593
-0.05314496
-0.3741408
-0.2451661
-0.4124882
-0.4932292
0.01507834
-0.4537498
-0.3083824
-0.4170683
0.01299611
-0.3174284
0.09930177
0.5283859
0.4077981
0.5893026
0.3090825
0.06225216
0.3618065
0.3936014
0.09313144
-0.2560484
-0.2874042
-0.1107488
0.6063768
0.3569641
0.4550899
0.6223728
0.2970819
0.3997167
0.3447169
0.2854158
0.199184
-0.1034623
-0.0951808
0.2855781
0.3612424
-0.4609059
-0.1073669
-0.01524816
0.151555
-0.09063977
-0.06559374
-0.007342199
-0.2074555
0.3911868
0.3838386
0.1295644
0.002923563
0.1048258
-0.3408727
-0.1170105
-0.4558171
-0.3201828
-0.2278044
0.005573442
-0.1327131
0.2693687
0.4480654
0.2889299
-0.1685926
0.1229248
0.07259293
0.09771524
-0.04880031
-0.1041567
-0.1835133
-0.1313068
0.1201974
0.4822237
-0.1443003
0.3795373
-0.1525584
0.00258571
-0.09855697
0.2675836
0.07188288
0.02280746
-0.2523581
-0.1549859
0.107215
-0.1586214
-0.1940613
0.05691126
-0.4057188
-0.182216
-0.384266
-0.4184413
0.01555798
-0.2684165
-0.102193
-0.2725107
-0.06597935
-0.4277488
0.002220192
0.2505411
0.3640378
0.5113732
0.2171876
-0.1853046
0.0973747
0.1366943
-0.08653739
0.01803702
-0.2672727
0.1254219
0.6503673
0.1328624
0.6185029
0.3492629
0.07694591
0.2601266
0.3448507
0.1581757
0.148082
0.01497198
-0.05752552
0.1711945
0.4880285
-0.1741454
0.1208211
0.09864101
0.122921
0.163014
0.06028828
0.1260254
-0.01605574
0.2330372
0.3213597
0.08191391
-0.06458169
-0.03233326
-0.1267495
-0.1004685
-0.3927227
-0.07995686
-0.3509472
0.01484376
-0.1884677
0.4507611
0.569591
0.05268544
0.4517291
0.5656167
0.01036196
0.04383773
-0.03003286
-0.102143
-0.2513694
-0.1658247
0.05918858
-0.1945016
0.00814572
-0.08010713
0.05273878
0.1257387
0.04163737
-0.03867788
0.03202213
-0.2315205
-0.1834781
-0.09054367
-0.08291746
-0.2239578
-0.08255358
-0.1073234
-0.2031443
-0.07817075
-0.2961213
-0.04910302
-0.4170331
-0.2219602
-0.3238006
0.01999016
-0.09847799
0.1461956
0.5489471
0.296212
0.5514022
0.4992351
0.2904085
0.4965243
0.4291621
0.2464658
-0.23906
-0.09987139
0.04704782
0.3729336
0.5847586
0.480337
0.5715919
0.1959798
0.4939465
0.3664124
0.2340585
0.01604904
-0.02230051
-0.1476431
-0.07255177
0.3594359
-0.208597
-0.02355487
-0.05515305
0.2780846
-0.06020563
0.03975819
0.1178065
0.05040746
0.1448583
0.2192018
0.1839783
-0.03304005
-0.1501724
-0.1242857
-0.1772195
-0.08773805
-0.3487224
-0.3892503
-0.06582163
-0.1639784
0.4724516
-0.05427482
0.4151174
0.2927946
0.4098288
0.2178199
0.03935849
-0.359094
-0.05636986
0.1662332
0.1471418
-0.07733396
0.439746
-0.1577221
-0.1210249
0.1851786
-0.05960617
0.1390464
-0.06272341
-0.1943469
-0.02391642
0.1189201
0.07878021
-0.05319073
0.02094507
-0.04587362
-0.2049855
-0.0475962
-0.1175609
0.1930655
-0.2956952
-0.2287564
-0.2091263
0.01101156
-0.09250978
-0.05922035
0.3189239
0.1981985
0.3215392
0.2128016
-0.04896615
0.05164416
0.06338567
-0.1721201
-0.008750238
-0.06455558
-0.01573012
0.3191741
0.3673447
0.5360109
0.2564785
0.2786857
0.2900074
0.4140115
-0.002359188
0.08844985
-0.04133644
-0.3581316
0.1834134
0.1672809
-0.4753692
-0.07586112
-0.1224192
-0.103052
-0.1683454
-0.2511658
-0.02542054
-0.09329236
0.02437835
0.3029814
-0.07509905
-0.1704477
-0.1044194
-0.3451764
-0.2978181
-0.0661658
-0.02618398
-0.1541072
-0.01779846
-0.2434766
0.05500234
0.4567273
0.6203641
0.07093476
0.5046077
-0.1791484
-0.2357684
-0.2203708
-0.1264665
0.06050721
-0.2752287
0.1960391
0.08783779
0.04949143
0.302769
0.03086942
-0.2606827
0.02447439
-0.2361632
-0.2168485
-0.08509302
-0.08243433
-0.2215067
-0.07830817
-0.08430666
-0.1706124
-0.2374524
-0.4794088
0.01679389
-0.6077651
-0.4631232
-0.5566046
0.2032311
-0.1567325
0.2511096
0.5250915
0.2035621
0.5379283
0.2633302
0.0857933
0.288532
0.2701943
0.06762724
-0.5286724
-0.2668931
-0.1270174
0.3017653
0.5042499
0.3175479
0.6518198
0.3627984
0.4405984
0.3108334
0.3952469
0.2211028
-0.09631068
-0.1351852
0.1130005
0.276495
-0.345582
-0.2585504
0.006798817
0.224731
-0.1270213
0.03430843
0.08692182
-0.07111726
0.3261588
0.2648156
0.2364236
0.03737917
0.220817
-0.3900616
0.04237091
-0.3711369
-0.4976359
-0.1763795
0.2891475
-0.01271514
0.153975
0.3060326
-0.1734469
0.09493596
-0.03425277
-0.1634581
0.2265428
-0.217939
-0.4392837
-0.2622912
-0.3544401
-0.1206808
0.1411262
-0.04615013
0.1789713
-0.2140283
0.03074832
0.07608173
-0.05075756
-0.2112801
-0.332425
-0.1321873
-0.2661798
0.2655455
-0.2329738
-0.02837644
-0.06196933
-0.1319562
-0.2774394
-0.118921
-0.3809283
0.2761048
0.1156919
0.3382956
0.1402565
-0.0339544
0.001400162
-0.2636688
0.6579962
0.06262761
0.3544646
0.06173718
-0.3259844
-0.1731923
-0.395528
-0.05472544
-0.07362863
-0.1481748
0.2723322
0.2643277
0.2906084
0.008520684
0.005561817
0.0569737
-0.01331673
-0.02000209
0.2327087
-0.1813656
-0.08939755
-0.1174216
-0.1327306
-0.1642947
-0.09432862
-0.1185838
0.2079846
0.09747519
0.1085984
-0.05982536
0.2468313
0.1909451
0.0242186
0.05530793
0.03877197
-0.06961604
-0.2170791
0.5026366
0.1994088
0.06939309
0.4032406
0.3011358
0.3388353
0.3774007
-0.2030699
0.1049281
0.03474743
-0.1665525
0.05928594
0.1565139
-0.1508459
-0.2591759
0.02379601
-0.1712649
-0.1534415
-0.08103946
0.01136224
-0.1236994
-0.1676594
-0.1109576
-0.1068552
-0.2190339
-0.005957817
-0.01692156
0.04052371
-0.04004643
0.04084193
-0.2866649
-0.24886
-0.2433237
0.2161623
0.1405201
0.2575327
0.4513845
0.4304815
0.4669913
0.1306328
0.1515821
0.362897
0.4468143
0.06809615
-0.1412394
-0.0301421
-0.3065623
0.2523194
0.2701446
0.3274489
0.4758461
0.3901735
0.4490571
0.5698637
-0.1059451
-0.01069616
-0.05382513
-0.1822948
0.1529056
-0.03330059
-0.392237
-0.08436052
-0.1977045
-0.212128
-0.4347844
-0.3586775
-0.1353474
-0.3142783
-0.1553523
0.01858247
-0.1558524
-0.07990869
-0.211017
-0.4431597
-0.07587203
-0.1549299
-0.1393614
-0.1430247
-0.2025842
0.1841826
-0.0608999
0.4252514
-0.06667946
-0.2419273
-0.1481671
-0.2657792
-0.1520544
-0.3171002
-0.0768737
-0.1129926
0.1443563
0.2156416
0.278648
-0.1652212
-0.009869821
-0.1653631
-0.4457465
-0.3127457
-0.3386753
-0.2279881
-0.2399898
-0.06267353
-0.3958389
-0.2028471
-0.4288807
-0.130824
-0.435414
-0.3431816
-0.5225511
0.3673427
0.03702892
0.3909032
0.6614859
0.2181935
0.4019092
0.2942997
0.3507721
0.3105851
0.2845054
0.2535933
-0.4685251
-0.1543141
-0.1310196
0.285692
0.4505454
0.2524177
0.6723509
0.5124957
0.587304
0.3846218
0.3926405
0.3182434
0.2255793
-0.0726088
0.05988504
0.2267942
-0.2238158
-0.07779212
-0.08990203
0.149012
-0.04371232
0.03624026
0.3057444
0.201101
0.331377
0.2563953
0.4026149
0.3368965
0.2456772
-0.1553891
-0.1560983
-0.2500508
-0.4114695
-0.2032317
0.2360589
-0.09671209
0.2662874
0.3466204
-0.00592381
0.1283705
0.1209295
-0.04245305
0.1986986
0.4873053
0.1482627
-0.1633589
-0.0006431095
-0.2945604
0.02944614
-0.01749315
0.1770762
0.2907402
0.3324508
0.09944371
0.3017838
0.1307121
0.1590141
0.1935955
0.1600121
0.04976971
0.1694683
-0.09314861
-0.01837765
-0.05843073
0.03039573
-0.008986814
-0.1001204
0.1911751
0.2313986
0.09265071
-0.09317229
-0.2307884
-0.1660233
-0.01660515
-0.1727448
0.03069015
-0.09993918
-0.2407229
-0.01886317
-0.1149044
0.06304488
-0.08205784
0.1348467
-0.1646112
0.4105961
-0.4124238
-0.20865
-0.05406826
-0.1158482
0.05559581
-0.2051083
-0.4142193
-0.0426714
-0.2562262
-0.3133187
-0.2250555
-0.2915445
-0.1983584
-0.2678926
-0.4235793
-0.125544
-0.1989992
-0.02883979
-0.02804521
-0.2763176
-0.1381455
0.105623
0.08165219
-0.01542211
-0.105876
-0.04913664
0.1265178
-0.2112676
-0.08695224
-0.3802692
-0.3870335
-0.1424888
0.04155527
0.1048036
-0.1709349
0.1475711
-0.1224464
-0.3668887
-0.1789504
0.1326785
-0.2184824
-0.0598607
-0.1889497
-0.008554096
-0.1673347
0.1589511
-0.1768291
-0.05018737
-0.2692266
-0.08327715
-0.1169415
-0.2354869
-0.2764538
0.481081
0.3017794
0.3223144
0.2049574
-0.0541442
0.116636
0.05205404
-0.07077811
-0.2228481
-0.1674934
-0.2640702
-0.4342521
-0.1559129
-0.3811461
-0.1507375
0.168129
0.1821392
0.2621215
0.4061235
0.2746481
0.3176013
0.1644758
0.4134031
0.2904984
-0.1131013
0.03056502
-0.2164899
-0.2885977
-0.2647455
-0.3207473
-0.2429897
-0.1619111
-0.166451
0.03862856
-0.1239052
0.05748404
0.2493215
0.08996486
0.3400186
0.4223623
-0.2913233
0.1016383
-0.146978
-0.213811
-0.04277243
0.150464
0.1183527
-0.1244205
0.2901437
0.1892794
-0.149522
0.1783037
-0.02901319
0.1226579
-0.1968693
-0.1014582
-0.01373037
0.206345
-0.02742241
0.4849896
0.2152596
-0.02019842
0.2303187
0.4261947
0.02205548
0.365393
0.2520093
0.2191194
0.3547519
0.2678257
0.2949672
0.1097271
0.3288816
-0.1063001
0.2294299
-0.1696986
-0.03216607
0.02835351
-0.1896854
-0.07050988
-0.08227532
-0.05059855
-0.06812735
-0.01815454
0.3588557
0.2428234
-0.1542958
-0.2145068
-0.2261351
0.04820039
-0.2272975
-0.1327677
0.1638382
0.376713
-0.4027362
-0.2473661
0.3574497
-0.2845701
-0.02210981
-0.3879463
-0.2219385
-0.003215213
-0.219177
-0.3509368
-0.2227398
-0.3379811
-0.1633858
-0.2590762
-0.206957
-0.1830174
-0.2552715
0.2009454
0.02594617
0.08677003
0.1511867
0.1295816
0.3239553
0.05556145
-0.2098855
0.4007598
0.1292123
-0.04108351
0.09069422
0.411908
0.09501884
0.3142351
0.05584697
0.01925198
-0.1758929
0.1766315
0.1010814
0.2580981
0.3276145
0.2574297
0.2472817
0.2703055
0.294248
-0.103094
0.4232687
0.2510562
0.2400068
0.2603793
0.03728185
0.004866187
0.1259243
-0.1965539
-0.07789354
-0.2400582
-0.1712311
0.06084374
-0.07279488
0.01443535
-0.07433884
0.1190201
-0.02557995
0.1503282
0.06375608
0.1390527
-0.09239329
-0.1724234
-0.1488946
-0.2974312
-0.2744858
-0.184905
-0.5482387
-0.3486174
-0.2638644
-0.2382223
-0.3033917
0.6282711
-0.1001918
-0.188655
0.1738422
0.05209836
-0.07828653
0.06889336
-0.05706155
0.008323069
-0.1595594
0.005386322
-0.2190151
-0.2667852
-0.09746694
-0.00106988
-0.126885
0.2928334
0.03931439
0.2265389
0.08517922
0.006883041
-0.2136489
0.02874864
0.3957985
0.01495238
0.3324297
0.1345868
-0.01250543
-0.01855606
-0.0831754
0.02290983
0.2683035
0.1838956
0.3236178
0.3537773
0.1376013
0.2424409
0.4469573
0.2652148
0.2514738
0.4072484
0.1694751
0.2963287
0.1973207
0.02671134
-0.02579784
0.03922588
-0.2093035
-0.04300156
-0.2125082
-0.1692966
0.06741851
-0.1967331
-0.2653658
-0.07544781
-0.09159666
0.0002626541
0.1589247
0.1029577
0.05711553
-0.2925808
-0.2057505
-0.3224481
-0.3029296
-0.2833252
-0.1075143
-0.2258841
-0.05263552
-0.4265624
-0.3633367
-0.1892006
-0.119131
0.3725696
-0.4450541
-0.1871212
-0.1888327
0.004223311
-0.3644963
-0.2752315
-0.4750208
-0.08798194
-0.193153
-0.1037837
-0.1894899
-0.0835484
-0.05202368
-0.05181886
-0.03618382
-0.0839804
0.01623964
0.2322663
0.459555
-0.0916078
0.2144066
0.5084808
0.3755203
0.335922
0.0989118
0.1291697
0.0466242
0.238017
0.5262558
0.3038804
0.1256346
0.518362
0.3313956
0.442197
0.3501244
0.4956072
0.1934943
0.3792522
0.02721774
0.1496721
0.2406653
-0.06973577
-0.04039596
0.1095344
-0.4747215
-0.3390757
-0.3036693
-0.1442552
0.1497803
-0.1031408
-0.201507
-0.2653836
0.02092177
-0.05326654
-0.06885093
0.3528527
0.04251629
0.1310357
0.1023998
-0.1648749
-0.1641071
-0.252181
-0.318462
-0.1503977
-0.05048548
-0.294896
-0.3835773
-0.1853876
-0.2094691
0.1161399
0.01196179
-0.1040388
-0.09525968
0.3467474
0.03016829
-0.02978946
-0.1809564
-0.0005838484
-0.07651007
-0.03403877
-0.03298764
-0.02669096
-0.217499
-0.1953442
0.02357648
-0.07867589
-0.04677276
0.1637884
0.1148774
0.09943899
0.02042166
0.3797065
0.4100798
0.2161109
0.3781981
0.2322405
0.3607744
0.3282921
0.2538179
-0.2462617
0.07783256
0.2393258
0.3106846
-0.0340519
0.4758441
-0.2088283
0.2363923
-0.1871095
-0.1450152
0.2227554
-0.1998063
-0.2607527
-0.072592
-0.5024717
-0.5846204
-0.3336571
-0.09409996
0.0843726
0.16883
0.1888944
-0.4156456
0.08841632
-0.1407275
-0.01928811
0.1182917
-0.1894577
0.5652677
0.2455921
0.1571894
0.1994658
-0.1310943
-0.2974879
-0.1217261
-0.1531883
0.2732801
-0.002995354
0.03904188
0.07092534
-0.195957
0.580925
0.2015441
0.07315919
0.4004462
0.5320881
0.3988085
0.3983048
0.1596195
0.3083594
0.2255744
0.0178972
0.1527714
-0.1770237
-0.084185
0.1680413
0.05417351
-0.1815448
-0.1098376
-0.2403473
0.1384918
-0.1724753
0.4416203
0.3129652
0.04062548
0.05416296
-0.1191848
0.2427934
0.1533713
0.2178264
0.3171696
0.3249775
0.3498924
0.3054919
0.3636651
0.1800098
0.6170874
0.4114149
0.3792869
0.2690384
0.1035169
-0.05108045
0.1980192
-0.2289426
0.03516224
-0.3092874
-0.3893774
-0.08544086
-0.1179496
-0.06557874
-0.4121342
-0.09372764
-0.2702213
-0.07186416
0.1686432
0.1583018
0.1057177
-0.2731798
-0.172615
-0.1883582
-0.4427422
-0.1597171
-0.4233095
-0.2030809
-0.328942
-0.2585616
-0.01630875
0.1333327
-0.2978981
-0.1181279
0.2778313
0.09505875
0.01054709
-0.08223905
-0.04645154
-0.04894107
-0.07379802
0.06270376
-0.4016423
-0.2556649
-0.1474852
-0.1418462
-0.2591845
0.1463625
0.07098067
0.337125
0.1947222
-0.008194661
-0.1185917
-0.003100024
0.07070083
-0.1822692
0.06329067
-0.231495
0.1178122
-0.04409908
-0.08752579
0.138088
0.3955219
0.1423274
0.1099532
0.2607661
-0.1058109
0.3041668
-0.0006077698
-0.03036394
0.2632309
-0.1896019
-0.1930033
-0.03758533
-0.1676115
-0.2125676
-0.2937543
-0.0002003621
0.2338641
0.235314
0.1143379
-0.4961988
-0.06693008
-0.1434452
-0.1662885
0.1147895
0.02442025
0.08824924
0.2398132
0.06103466
0.18836
-0.01561858
0.1729774
-0.199577
0.1420792
-0.1128523
-0.06973724
-0.1682918
0.0324977
0.08201787
0.1828569
-0.0921639
0.2029438
0.07152142
-0.05202576
-0.01464023
-0.1094161
-0.1841766
-0.1690506
-0.1560058
0.07785597
-0.2246288
-0.2658937
-0.1087973
-0.1312806
-0.05122177
-0.0447299
0.08597799
-0.1355791
-0.05148069
-0.2147144
0.2495589
0.2285451
0.04690193
0.1571001
0.2679769
0.3301773
0.3288386
0.1497322
0.3622738
0.4414274
0.5671384
0.3349507
0.5837456
0.1374139
0.03544725
0.09304131
-0.08165031
-0.1527538
-0.1105462
-0.1867245
-0.1813349
-0.2246551
-0.1375264
-0.217349
-0.1604222
-0.09419347
-0.1429163
0.02341829
-0.2011454
-0.05659328
-0.1787315
-0.2876025
-0.09413959
-0.2969856
-0.08586151
-0.1655464
-0.2212196
-0.1718957
-0.27193
-0.226903
-0.06657031
-0.07280413
0.1540256
0.08345614
-0.354996
-0.1231586
0.1326982
-0.1442778
-0.05834464
0.2120842
0.1874228
0.4025956
-0.08288635
-0.001067261
-0.05672501
-0.3763746
0.08754815
0.2813876
0.2617442
0.2791383
0.2757642
0.02227227
-0.2558121
-0.01975786
0.2300671
0.02036228
0.4757683
0.7124185
0.08781074
0.6765166
0.01351621
-0.01386557
-0.2010276
0.08995921
-0.09352123
0.2428766
0.0009637154
-0.1192117
0.07422129
-0.1981293
0.0380512
-0.2850722
-0.2953318
-0.4293805
-0.06444231
-0.2748733
0.1008377
0.05693168
-0.06512857
0.05436297
-0.0419467
0.2296457
-0.002603828
-0.04349053
0.1993935
-0.3576844
-0.2191454
0.2312155
-0.0726088
0.2003297
-0.1419439
0.02266771
-0.2430513
0.03027617
-0.2431149
0.299725
0.1127583
0.2044557
0.05823073
-0.3030669
0.2414748
0.1344383
-0.2374238
0.2222865
0.5797241
0.2242753
0.3896609
0.4945003
0.6946198
0.2610273
0.04316797
0.6705014
0.3222799
0.1165562
0.1332981
-0.04385856
0.07276642
-0.4508538
0.1102126
0.2971699
-0.107774
0.1252377
0.1015131
0.4548195
0.1269526
-0.02523264
-0.1926006
0.3995205
-0.01915868
0.1236202
0.0674882
-0.00851642
0.2669462
0.09985878
0.3515778
-0.1924861
-0.4193258
-0.1877367
0.0270798
0.05422895
-0.08844679
0.0602868
-0.07074205
0.00235119
0.1758393
0.08255443
-0.003571632
-0.1653509
0.156932
-0.2152873
0.08223066
0.1478339
-0.214686
0.5649882
-0.1032739
-0.00877134
-0.2436286
-0.04708211
-0.2656556
0.1667221
0.02485997
0.06273528
-0.07644971
-0.2986736
0.02467374
-0.1705552
-0.4001926
0.09023968
0.4545756
-0.1151519
0.06697458
0.007111585
0.2960253
0.1844798
0.1192235
0.4002391
0.2707346
0.1290457
-0.109493
-0.01964054
0.2163675
-0.1920338
0.2071082
0.09783017
0.05304614
0.1402334
0.4359724
-0.0147229
-0.09907677
-0.1125416
-0.120367
-0.09336849
0.1301341
-0.04303828
-0.2297711
-0.223702
-0.3627811
-0.02322663
-0.2242547
-0.1734195
-0.3568669
-0.1065845
-0.3872462
0.1763921
0.2104744
-0.04084767
0.1315281
-0.06233709
0.1673195
0.01745533
0.02810886
0.1496583
-0.163671
-0.2161729
0.2185315
0.201531
-0.0003444878
0.03729655
0.1387218
-0.07209913
0.3640539
-0.01577526
0.3146825
0.212252
0.369781
-0.08950722
-0.118313
0.352799
0.04667652
-0.07379938
0.1998306
0.3679566
0.2201666
0.2643467
0.6567204
0.5568496
0.3968336
0.1280227
0.5833485
0.3849851
0.1557154
0.1510179
-0.0366917
-0.1988153
-0.3006234
-0.04238993
0.2918262
-0.06437302
0.3481203
0.3524858
0.3398597
0.07675707
0.5702393
0.4861389
0.5357813
0.0937197
0.2719644
0.3494958
0.3290985
0.2515169
0.07100688
0.07738307
0.1939986
-0.4601432
-0.2048945
-0.4547799
-0.1588923
-0.0303018
-0.2766144
-0.03573887
-0.1485535
0.03399895
-0.09610574
0.09266193
0.3577081
0.1825872
0.0846777
-0.03561144
-0.1290142
-0.1085032
-0.2985149
-0.3814864
-0.183983
-0.1473477
-0.3077902
-0.3192219
-0.07647111
0.03533991
0.07249537
-0.13827
-0.1096984
-0.1467125
0.1141513
0.04693495
0.02371492
-0.1572551
-0.1330651
0.02694881
0.04172576
0.04782367
0.1225095
0.1106511
-0.08431909
0.197797
-0.2445269
0.2373169
0.3414352
-0.07459368
-0.1813559
-0.2315326
0.4633053
0.3262448
-0.05448888
0.4337784
0.3545775
0.4355696
0.0221106
0.2125894
0.3412618
0.0209522
0.1771183
-0.155728
-0.06146408
-0.2393534
-0.1780481
-0.2570569
-0.1388139
-0.04439737
-0.05892309
-0.04000254
-0.1124867
0.072996
-0.004647635
-0.01071261
0.2144033
-0.1491971
-0.06283595
-0.06724875
-0.09116416
0.06219114
-0.2741875
-0.07809575
-0.4532632
-0.08910632
-0.1701927
-0.1904929
-0.3180696
-0.04447684
-0.09893667
-0.2401867
-0.1091564
-0.1493623
-0.4657437
0.1195392
0.4103067
-0.05549992
0.03207518
0.1995803
0.3122465
0.2099094
0.09523377
0.6256225
0.408716
0.1426215
0.002428609
-0.1815338
0.155936
-0.2075693
0.1639808
-0.001210892
-0.02025036
0.5317744
0.1281863
0.5380735
0.7861207
0.3012917
0.3421561
0.4338576
0.5486615
0.4474052
0.2992179
0.2487607
0.141962
0.2126589
-0.0903274
0.2242709
-0.2989665
-0.159229
-0.192605
-0.4246157
-0.1968784
-0.08326112
-0.2221113
-0.1649163
0.02900701
0.1031969
0.1274081
-0.4675657
-0.4868752
-0.3618831
-0.4133214
-0.4195979
-0.365495
-0.2247635
-0.1401146
-0.5828924
-0.4353252
0.07577373
-0.09283691
-0.110046
-0.7030698
-0.3125374
-0.485343
-0.3028656
-0.2374221
-0.3579701
-0.3342793
-0.1554604
-0.2178612
-0.1269079
-0.1294179
0.07800626
0.5027084
0.2576053
0.1859559
0.003091066
0.3025845
0.2839988
0.3070249
-0.2131268
0.1980364
0.5836165
0.5825183
0.6686613
0.5293229
0.4222437
0.6051471
0.2805975
0.3153044
0.3523752
0.05670041
0.1074955
0.2521814
-0.4365432
-0.2052772
-0.3746039
-0.263564
-0.0687106
-0.3481085
-0.2877973
-0.2018038
-0.07857925
-0.0513355
-0.1270838
0.3011313
0.004318142
-0.1982238
-0.2672126
-0.3625105
-0.3767217
-0.4813453
-0.422204
-0.4570516
-0.243441
-0.5546889
-0.5763227
-0.2900351
-0.07048091
-0.02309474
-0.4017469
-0.1748701
-0.2237634
0.08787358
-0.1072799
-0.1828553
-0.2564319
-0.1937813
-0.263768
-0.2472485
-0.2608346
-0.1043451
-0.05724067
-0.04087352
0.2004545
0.1118729
0.1880015
0.1838607
0.3463859
-0.06186562
0.1582897
0.2706232
0.3559217
0.3884862
0.2877662
0.3689133
-0.06180891
-0.02095378
0.353978
-0.05563914
0.06012069
0.1604812
-0.3184109
-0.3284542
-0.2973106
-0.1886235
-0.0816533
-0.1217098
0.04600244
-0.4779038
-0.2735521
-0.2109417
-0.4234926
0.2364654
0.01613493
0.02374141
-0.002829499
-0.1890854
-0.02146292
-0.3877897
-0.12831
-0.2683213
-0.1026144
-0.2367819
-0.2722124
-0.2028224
0.01935691
-0.004732065
0.009080094
-0.01030808
0.03728077
0.02898198
-0.07315161
0.1360301
-0.08787114
-0.01674668
-0.1046368
-0.01303978
0.007822952
-0.1782996
-0.2423434
0.03723029
0.2230562
0.2089749
-0.05416879
0.1585247
0.04207736
0.1364688
0.05768761
0.6288531
0.5593765
0.2135784
0.5151996
0.5040714
0.5198539
0.5621392
0.1959207
0.02557335
0.3813301
-0.4976459
-0.07031294
-0.574577
-0.297332
-0.1866557
-0.3608802
-0.0502721
-0.326519
-0.1124517
-0.2785152
-0.03813364
0.3154087
0.2177559
0.04572744
-0.4005027
-0.02285781
-0.2608665
-0.5740658
-0.6363457
-0.3763822
-0.3944753
-0.3607533
-0.4656451
-0.1836944
-0.1767373
-0.2342649
-0.3271897
-0.2261329
-0.4111687
-0.009607229
0.1188843
-0.2028943
-0.1591719
-0.3105522
-0.1244824
-0.05899675
-0.1210443
-0.0456674
0.003453314
-0.01660522
0.09705013
-0.008464009
0.3515058
0.2641838
0.1921103
-0.1798465
0.1158684
0.542876
0.4038534
0.6400982
0.3260233
0.3451442
0.3043213
0.2300136
0.2654847
0.285016
-0.327934
-0.06403438
-0.472044
-0.1518301
-0.1177348
-0.4474692
-0.1830335
-0.2560012
-0.1878897
-0.2318075
0.00607953
0.2143284
0.04562827
-0.372294
-0.4167922
-0.4254512
-0.3905223
-0.5284199
-0.3701209
-0.3678926
-0.1513715
-0.5889224
-0.5915846
-0.05718412
-0.1543967
-0.04387787
-0.6003046
-0.2619252
-0.3361055
-0.1494937
-0.2054167
-0.1787786
-0.2552987
-0.2871942
-0.3325118
-0.09433473
-0.1674953
-0.03664152
0.3058748
0.3240404
0.2824551
-0.02455635
0.1526471
0.2461265
0.2465534
-0.1115818
0.1224956
0.180172
0.5739144
0.0879646
0.003050558
0.2295801
-0.117084
-0.1154685
-0.02406162
-0.4275594
-0.4164041
-0.3664026
-0.1872363
0.02949396
-0.1782742
-0.03403158
-0.4090309
0.006951019
-0.2139902
-0.07922759
0.07010568
-0.1997419
0.07010912
-0.08573189
-0.1160411
-0.0703903
-0.3290198
-0.3885401
-0.3328231
-0.2724394
-0.2226901
-0.3116776
-0.1355373
0.1103431
-0.0819663
-0.05953102
-0.004126552
-0.2093225
0.2365753
0.2592906
0.1761904
0.1696163
-0.09353929
0.07047118
0.06230707
-0.01377236
0.2103704
0.04563467
0.1097526
0.2322893
0.0009523636
-0.01448301
-0.09072413
-0.006631558
0.0488854
-0.2098484
0.3760589
0.1460988
0.136839
0.1094382
0.02093164
-0.009258324
0.0481349
-0.03742691
0.1140724
-0.05265619
-0.2694752
-0.2897767
-0.3883674
-0.1633113
0.09286348
-0.1008652
-0.1444928
-0.1320937
0.02557753
0.007190657
-0.228981
-0.3951744
-0.10116
-0.2614915
-0.2844568
-0.09906911
-0.0318751
-0.1629635
-0.2121505
-0.2644062
0.1750377
-0.2481372
-0.09607868
-0.3306065
-0.02244527
-0.1099053
-0.02795004
-0.1788366
-0.01714789
-0.1230788
-0.06769841
-0.1003391
-0.06398704
-0.2129222
-0.01882305
0.11644
0.1950701
0.2662851
0.4096744
0.01742276
0.0112022
0.4178241
0.2493615
0.3055452
0.225556
0.3146065
0.2423387
0.1569364
0.03008123
0.2854629
-0.3436466
-0.1042691
-0.3732045
-0.3378379
-0.05059819
-0.2071625
-0.1808527
-0.3713108
0.05729223
-0.1422175
0.09491836
0.2221586
-0.02103713
-0.1227782
-0.2646578
-0.2968899
-0.3535929
-0.415132
-0.2758086
-0.4999897
-0.3126987
-0.4729427
-0.5622681
-0.1779634
-0.005319618
-0.2177044
-0.3135231
0.07425932
-0.02452955
-0.0004667386
-0.07907318
-0.1196567
-0.05203614
-0.4068182
-0.3601355
-0.3038984
-0.4480033
-0.239292
-0.06509403
-0.02143247
0.2069311
0.2728289
0.071078
0.1402775
0.1729798
-0.04939334
0.1675985
0.7003301
0.3070996
0.2765416
0.1127031
0.282533
-0.08955046
0.4662357
-0.3181894
-0.2738881
-0.2756805
-0.3333624
-0.1338931
-0.01614221
-0.2086872
-0.1119247
0.07747844
0.1374092
0.3310667
-0.08410909
-0.4964077
-0.1091016
-0.3477625
-0.3903685
-0.3151863
-0.2643855
-0.2545205
-0.456345
-0.2688176
-0.01317823
-0.01052977
-0.2861805
-0.4822827
-0.06239838
-0.2706842
-0.2251493
-0.1614404
-0.3539458
-0.3098254
-0.1015199
0.08854982
-0.4151172
-0.1915288
0.01499297
0.1180929
-0.2389124
-0.02403693
-0.148788
0.8053843
0.3468182
0.08589508
-0.3912619
-0.0395906
0.3238651
0.5008754
0.243378
0.5784672
-0.1756057
0.461571
-0.3982407
-0.4184739
-0.2548577
-0.4857691
-0.200275
-0.08984773
-0.2043831
-0.1562381
0.003556584
0.4366548
0.4643952
-0.0896107
-0.519899
-0.3249059
-0.3889613
-0.6064761
-0.3663316
-0.4339887
-0.2637333
-0.5470117
-0.3365471
-0.1064979
-0.01616212
-0.07677683
-0.5540867
-0.03606109
-0.121142
-0.209142
-0.329388
-0.3229109
-0.3292466
-0.3539333
-0.2175474
-0.4217614
-0.3112004
-0.400149
-0.1178406
-0.2301192
0.1544074
-0.02850528
0.5835896
0.607219
0.2922802
-0.3528688
0.1599121
0.06996578
-0.1336013
0.2578747
-0.3454881
-0.05356903
-0.4158684
-0.1582185
-0.08223074
-0.1401444
0.02108123
-0.2732984
-0.1266861
-0.1840418
-0.1090828
0.3124305
0.4192266
0.1251108
-0.1154772
0.07839718
-0.05908371
-0.3239522
-0.2157404
-0.08789162
-0.2039518
-0.2305646
-0.2844509
-0.1078202
-0.07538005
-0.1027326
-0.08751108
-0.2036804
-0.03432273
-0.1075603
-0.04412294
-0.195726
-0.2551402
-0.2646199
0.04027483
0.04406737
-0.07916263
-0.1320077
-0.05207915
-0.02738141
0.05791054
0.2178519
0.2418469
0.2360464
0.1524526
-0.1712981
0.337362
0.6909556
0.8638621
-0.08445376
0.434823
-0.3456269
-0.4878222
-0.2931186
-0.4487727
-0.2204812
-0.2323975
-0.3876994
-0.4276191
-0.1128375
0.6149314
0.3784812
0.06780612
-0.3773125
-0.3727194
-0.1419067
-0.511149
-0.2845218
-0.3097872
-0.2174263
-0.2936692
-0.1065573
0.208449
-0.1875714
-0.3148188
-0.3616891
0.1532513
0.2058054
-0.2118345
-0.321526
0.020895
-0.1198821
-0.236054
-0.1745695
-0.3056191
-0.2070512
-0.3699216
0.0586494
-0.02382978
0.196051
0.02184215
0.4247949
0.6374033
0.02737442
-0.3503787
0.2337999
0.580894
-0.1426854
0.1141442
-0.2788191
-0.3178656
-0.1558971
-0.2985583
-0.2543437
-0.03600327
-0.2150849
-0.1262954
-0.1214487
0.4697097
0.2177587
-0.1392601
-0.1245247
-0.4851108
-0.1088514
-0.2745616
-0.2423656
-0.2097381
-0.07698445
-0.3659358
-0.2284322
-0.02455522
-0.1343313
-0.04140233
-0.258768
0.1089168
0.2383072
-0.1721229
-0.3047802
0.1163241
-0.1308633
-0.1364291
-0.2555332
-0.1723063
-0.04845762
-0.1740154
0.03835539
0.04295733
0.1643527
-0.1472506
0.2013777
0.3958151
0.001766531
-0.299609
0.1258545
-0.3241372
0.3078127
-0.4616595
-0.4836128
-0.2381796
-0.4639783
-0.1504342
-0.3487939
-0.2669174
-0.3833838
-0.110822
0.790259
0.5216609
0.2303667
-0.3147207
-0.3006271
-0.1499994
-0.5792789
-0.3783984
-0.3844944
-0.283648
-0.327719
-0.3105285
0.03697477
-0.1457197
-0.2657571
-0.2732887
0.1625107
0.2801643
-0.0996762
-0.2643249
-0.008365097
-0.1820618
-0.3892531
-0.2647564
-0.3056063
-0.1927126
-0.5053603
-0.1724397
-0.1683369
0.2298324
0.103668
0.4562079
0.6743074
0.0551242
-0.410773
0.2233907
0.5701581
0.7462701
0.2031541
0.02790467
0.191797
-0.08988645
0.2765631
-0.1522241
0.04507335
0.05840764
-0.4355748
-0.1178429
-0.3335023
-0.03026227
0.09432667
0.04504098
0.41647
0.4413125
0.1942536
0.2520251
0.04637078
0.2664255
0.04587763
-0.02806278
0.04374741
-0.190951
-0.04707545
-0.07151447
-0.231326
-0.239283
-0.2628768
-0.1125995
0.140206
-0.002403106
-0.1538909
0.02460085
0.04066362
0.1303559
0.07445126
-0.290601
-0.03323168
-0.1595821
-0.06651384
0.03662039
0.2356225
-0.002048254
0.2102389
-0.1637727
-0.158759
-0.2002626
-0.1285133
0.1280121
-0.2513144
-0.1954739
0.07344402
0.006866976
0.3333396
-0.1947924
-0.3897347
-0.02931243
-0.1091349
-0.05234257
0.1028492
-0.06029669
-0.01695529
-0.2366997
0.04436016
0.1256097
-0.1135925
-0.1274148
-0.4858676
-0.02177279
-0.07128404
-0.3911287
-0.4693531
-0.4274327
-0.3349409
-0.1355479
-0.153641
-0.4774224
-0.1446892
-0.2848017
-0.01471535
-0.1695827
-0.1498812
-0.04690429
0.4153504
0.3769756
0.1076388
-0.1793907
0.08054497
0.3605353
0.1681028
0.3488285
-0.1434435
0.3597077
0.1119743
0.2680605
0.167094
-0.4357794
-0.1931474
-0.1329259
0.2265749
0.18352
0.01717202
0.5229237
0.4066365
0.3803079
0.2093768
0.2018236
0.2262752
-0.001298469
-0.03161841
0.04812874
0.1152876
0.06255662
0.04180162
-0.02192279
-0.06099175
-0.1958572
-0.05657222
0.2456154
0.09753989
-0.03976085
0.08501492
0.1576639
-0.01046663
-0.1076447
-0.3436975
-0.01056227
-0.3782673
-0.3606152
0.03434864
0.2195282
-0.00462627
0.5698491
0.6024592
0.3277048
0.3449884
0.3889323
0.4953787
0.354705
-0.3523679
-0.1850794
-0.170006
0.4340639
0.3655058
0.2825471
0.5800996
0.3951042
0.4872277
0.4838197
0.2211199
0.1103395
-0.01586552
-0.106787
0.1066712
0.2385569
-0.4315642
-0.1760347
-0.07323156
0.1557704
-0.2413334
-0.01320806
0.1368749
-0.03120813
0.1342141
0.1966074
0.2320927
0.1869149
0.08468875
-0.2807241
-0.3329723
-0.2587674
-0.3482479
-0.2996691
0.0445549
-0.1442519
0.6219324
0.2329013
0.1111898
0.4652515
0.372565
0.3256062
-0.02495314
-0.0142159
-0.1050797
0.5920712
0.282487
0.3463704
0.4054721
0.1749209
0.1161635
0.3298388
-0.0443903
-0.1092454
-0.2693763
0.05589837
0.2426526
0.2251586
-0.3084225
-0.002366895
0.05517297
0.06207154
-0.2264535
-0.1667025
-0.1560998
-0.2128096
-0.1019445
0.1695793
-0.009959129
-0.1895459
-0.2354021
-0.3168916
-0.2783818
-0.2205669
-0.1043838
-0.2306292
-0.2097896
-0.07212787
0.3274803
0.1805277
0.4857698
0.4336734
0.2868212
-0.2932255
-0.1561904
-0.01461163
0.6686924
0.4743422
0.4953931
0.6678312
0.3776407
0.3723861
0.3683808
0.2425377
0.1268362
-0.1624316
0.01335402
0.04328264
0.5041847
-0.2232858
0.06956228
-0.004944156
0.2142726
-0.1641984
0.02174207
0.09856719
-0.06076393
0.04439094
0.1399059
0.0937491
-0.1196784
-0.2398405
-0.429054
-0.1589923
-0.30136
-0.354227
-0.4018759
-0.07593139
-0.09008857
-0.04789216
0.3421414
0.02646128
0.1372137
-0.1531249
0.06821029
0.2656685
0.2799553
0.5980926
0.5324595
0.1431809
0.04949975
0.3098056
0.1559221
0.3687658
0.1317396
0.1198803
0.000518364
-0.007924819
0.3794518
0.02004161
-0.03292626
0.0445921
0.4045952
0.1537502
0.2521623
0.02891631
0.1353674
0.3476279
0.3797682
0.1093108
-0.002208479
0.1472027
0.08644556
0.02959847
-0.09526608
-0.1670784
-0.4604669
0.01911532
-0.07273006
0.3383939
0.5528118
0.3959925
-0.2888712
-0.05586639
-0.2789744
0.09914359
0.1891421
-0.09532155
0.4083534
0.1998063
0.3130877
0.09514155
0.1105964
0.05841277
-0.05466855
0.03023208
0.1378962
-0.02416569
-0.1373525
-0.06685286
-0.1184734
0.09886697
-0.1541166
-0.01438149
0.1484967
0.08673975
0.09311508
-0.1084506
0.204015
0.1597017
-0.1033681
-0.02664621
-0.1831677
-0.01504951
-0.2780213
0.207431
0.04766533
0.08123336
0.5769887
0.5064003
-0.155238
-0.089304
-0.009292624
0.4855813
0.3139568
0.2017218
0.4801103
0.1407751
0.1763395
0.1192236
0.09856594
-0.12946
-0.1902086
0.1510346
0.1451995
0.3009593
-0.07097365
0.0950489
0.09695231
0.2315803
-0.123202
0.1131006
-0.09606052
-0.1167646
0.1034853
-0.05477362
0.05041102
-0.127152
-0.2157663
-0.1463465
-0.03776495
-0.2345851
-0.3703017
-0.2071914
-0.1207086
0.04462447
0.3358816
-0.1778393
-0.2382624
-0.3313237
0.3710574
0.03369502
0.02966918
0.5560207
0.236274
0.2849294
0.3359316
-0.04390219
-0.1060922
-0.3394259
0.1035588
0.3674662
0.08579752
-0.3112363
-0.03691108
-0.07054388
0.009278015
-0.2271089
-0.1428036
0.02289316
-0.2010708
0.05651849
-0.05580182
0.09250886
-0.1251521
-0.2378777
-0.2628358
-0.09753314
-0.2227658
-0.2510716
-0.08279106
-0.1520882
0.03756707
-0.1255867
0.0963441
0.02677276
0.1432394
0.2347799
-0.1973356
0.2195299
0.006209267
0.007619298
-0.1509163
0.0101207
-0.2792205
-0.1091751
0.03025993
-0.0627089
0.03794581
-0.05275334
-0.06758083
0.05815699
0.2291108
-0.3055895
-0.04135545
-0.03658178
0.01695092
-0.06434246
-0.1552188
0.1369446
0.0890348
-0.1790991
-0.138393
-0.2723392
0.01855382
-0.08731142
0.01666324
-0.212618
-0.04832152
0.5601388
0.2456817
-0.01303553
-0.2292659
-0.02725639
-0.4642683
-0.336462
-0.2283704
-0.08589477
-0.3863364
-0.35665
-0.01063322
-0.2018853
-0.08905138
-0.06890687
0.0383939
0.3734322
-0.04831093
-0.2238391
0.02150119
-0.257393
-0.3017269
-0.2002125
-0.2226444
-0.1261779
-0.4111533
-0.2210776
-0.2942783
0.2068285
0.07843172
0.2719983
0.67629
-0.02187705
-0.4077305
0.231646
0.1852801
-0.06822664
0.1513306
-0.07129623
-0.2752756
-0.1553991
-0.05567176
-0.1106279
-0.2398384
-0.2195146
-0.06575378
-0.05424978
-0.05939397
-0.1357195
0.07119903
0.2079759
-0.1331209
-0.1703946
-0.2659845
-0.3499951
-0.2959546
-0.006182128
-0.1563886
0.1693561
-0.2101716
-0.1119047
-0.2421809
0.04574649
-0.03401356
0.4171075
0.5455927
0.0761502
-0.3502353
0.3098585
0.1996414
0.3428444
0.2084689
-0.1679513
-0.172282
0.06299405
-0.2421089
0.494822
0.1597343
0.2175599
0.0313193
-0.3279167
0.6897325
0.559164
0.4456609
0.4473655
0.527908
0.4374607
0.4363515
0.1742757
0.5465482
0.08912898
0.08681298
0.03554112
-0.2665297
-0.2750295
0.1725559
0.09006599
0.1303847
0.01857703
-0.2571157
0.06216073
-0.2049181
0.3390963
0.5313527
0.6127411
0.3039521
0.3573467
0.3665502
0.1858226
0.08469715
-0.1955819
0.03318828
0.2617675
0.6394894
-0.08763013
0.346428
0.1160224
0.166528
0.07128435
0.003753001
0.02169632
-0.04509801
0.2355851
0.2902063
0.02208194
-0.2935333
-0.248263
-0.2782204
-0.1566303
-0.4358141
-0.170605
-0.3777917
-0.008327791
-0.1595395
0.4335535
0.3919048
0.1251745
0.3980777
0.02917034
0.4806432
0.1947932
0.02416958
-0.1200533
-0.2127402
0.4818946
-0.04000028
-0.04920027
0.07267583
0.5005691
-0.01470485
0.1362914
-0.01686552
0.2698376
0.2653185
0.3847526
0.224143
-0.0686065
-0.1131661
-0.1985507
-0.06655775
-0.03432347
-0.3228929
-0.2197906
0.01312488
-0.06581832
0.4043721
0.2302505
0.4686054
0.4851006
0.3423493
0.3981629
0.2306793
-0.1030127
0.07692644
0.4723721
-0.05951926
0.2257528
-0.05982677
0.09902079
0.2269883
0.185872
0.08414877
0.06418554
0.163635
0.3985923
-0.02919248
-0.102415
-0.03919978
-0.09872496
-0.07018879
-0.214253
-0.1299329
-0.5485223
-0.02442112
-0.1529774
0.5392493
0.5361031
0.492153
0.3566462
0.3128298
-0.03862834
0.07153757
0.2253733
0.3655388
-0.1742642
0.08659638
-0.02045415
0.08768627
-0.02718099
0.04002699
0.1748861
-0.01577571
0.2397399
0.2258616
0.2721122
0.04493117
-0.01219372
-0.3740131
-0.1091145
-0.4055201
-0.4537942
-0.2949211
0.139057
-0.1058676
0.3604864
0.42633
0.2799378
0.4532014
0.1369167
0.02777289
0.2748001
0.184727
-0.04986229
0.2894191
-0.1623231
-0.2823302
-0.08362131
-0.03615476
0.04807666
-0.05480071
-0.08324813
0.003307105
-0.1593602
-0.06274408
0.01907964
-0.247043
-0.04588887
-0.2841086
-0.1609848
-0.1677345
0.1568798
-0.1349299
0.4534149
0.4249801
0.3827769
0.3188885
-0.3154031
0.09668832
0.3412776
-0.1139416
0.04604296
0.003857401
0.08843856
0.01929049
0.03869177
0.3215593
0.1944149
0.3722368
0.3493803
0.2392124
0.2001628
0.09149444
-0.145992
-0.007329166
-0.2955663
-0.3039624
-0.2750842
0.1475349
0.03025438
-0.03372022
0.1911544
0.1828284
-0.1447367
0.3159778
0.06329779
-0.3649423
0.05830061
-0.1904565
-0.2224796
-0.06056522
-0.1819319
0.1426344
-0.1368922
0.02653641
0.1953555
-0.009855264
0.09295495
0.06386543
-0.2981749
-0.2135722
-0.272152
-0.04022016
-0.3679308
0.03088901
0.04759754
0.6900713
0.3633913
0.1349011
-0.1029892
0.6883751
0.3703868
0.1595133
0.346824
0.5799156
0.5302466
0.6440891
0.3541973
0.4799633
0.4947792
0.2630833
0.2725711
0.09020354
0.2413485
0.10681
0.1490953
-0.3155435
-0.5008075
-0.2904071
0.3869162
-0.1710558
0.4933617
0.2152337
0.02984453
0.3457855
0.2186388
0.1247256
0.08758683
0.1094826
0.3396805
0.4004348
0.3480925
0.3468947
0.1833293
0.2446716
0.09978732
0.1385592
0.1833298
-0.03643951
-0.03605023
-0.1669024
-0.2534808
-0.3253926
0.2594117
-0.2051514
-0.1671383
-0.3694093
0.1525474
0.225701
0.1326885
-0.05832113
0.06287746
0.381341
0.3441829
0.3419187
0.4041611
0.1090175
0.02902771
0.2073176
0.5163984
0.3351385
0.2901501
0.1822092
0.04679177
-0.07511579
-0.2534013
0.1268696
0.07954592
0.1122284
0.08920919
0.3194636
0.1623345
0.1672597
0.1926534
0.2483357
0.2964815
-0.01617877
0.1658653
0.01984385
-0.02679249
0.03419605
-0.01321019
-0.03753575
0.2803131
0.006267136
0.00917445
-0.1243965
-0.09699386
-0.03775641
-0.2414615
-0.1423791
-0.2689251
-0.03400807
0.04451377
-0.3369224
-0.1539913
-0.3474059
-0.05994153
-0.3317604
0.1732799
0.2192305
-0.1149554
-0.2317294
0.05254498
-0.2440502
-0.1288267
-0.3933578
0.0706048
0.1882635
0.0771684
0.01863158
0.3504922
0.4402956
0.3458219
0.5935398
0.4935156
0.5393742
0.2924822
0.4367086
0.3162603
0.1940536
0.179719
-0.220084
-0.1681733
0.02579434
0.06074037
-0.3423591
-0.3827132
-0.4624643
0.1493244
-0.2321995
0.5721218
0.3542306
0.2734826
0.5767209
0.5476385
0.154761
0.4378503
-0.0365714
-0.07358016
0.00649527
-0.07872963
-0.08349535
0.4468283
0.2345366
0.03924845
-0.09694213
-0.09516684
0.2058378
-0.1157918
0.05743083
-0.0776147
0.387247
0.1763209
-0.09452755
0.08566037
-0.1595546
-0.1444001
-0.3655482
-0.2781219
-0.2799081
0.1915928
0.2054084
-0.03540125
0.07336256
-0.1958907
-0.03031757
-0.01934921
0.5006698
0.3035387
0.2930058
0.1404296
0.2182795
0.1940102
0.1352232
0.2019226
-0.1264279
-0.01485992
0.1236364
-0.01844863
-0.1829295
-0.2158964
0.06662646
0.2307876
-0.152727
0.4463792
0.6592603
0.2419965
0.518801
0.4703035
0.2071512
0.5089364
0.1505108
0.1312819
0.2044143
0.01079429
-0.09734348
-0.4660328
-0.2117046
0.2241928
-0.189674
0.7049838
0.2653363
0.4506603
0.4658073
0.152798
0.2397407
0.1513899
0.3647424
0.5505454
0.2492133
-0.1695001
-0.2708506
-0.2512921
0.3801961
-0.1974203
0.2631214
0.4791222
0.3038647
-0.03212695
0.2639163
0.186323
0.2899571
0.4533716
0.2207581
-0.1687362
-0.449976
-0.327079
0.3959718
-0.223656
0.646042
0.2117679
0.1122918
0.564946
0.3080112
0.06969563
0.1086751
-0.08330507
-0.04764445
-0.2557349
-0.1466893
0.2706652
-0.1561312
0.2770414
0.18607
0.6172284
0.283152
0.03204718
0.2540398
-0.03203475
0.2207161
-0.2553394
-0.146926
0.2380838
-0.2018604
0.4594475
0.4706483
0.2713583
0.5867767
0.1755959
0.191175
-0.4111556
-0.37146
-0.03954079
0.3634543
0.09447621
0.4067804
0.1097901
0.2501228
-0.08058487
-0.2622905
-0.1221638
-0.1065556
-0.1211593
0.03825431
-0.2225638
0.5649428
0.3392565
0.04789578
-0.140264
-0.01610753
-0.4211933
-0.02066116
0.2207439
-0.1409298
0.6058967
0.2714186
-0.02809173
0.1007389
-0.1627493
-0.01711501
0.1089942
0.07454282
0.3180956
0.2446638
-0.2818128
-0.2637833
0.0672965
0.4468075
0.1524748
0.3412382
0.09741955
0.07988968
0.0508057
0.1796278
0.02824384
-0.1427278
-0.06011179
0.1032169
0.2993267
0.5074452
0.4062892
0.0340679
-0.37139
-0.1051831
0.06332992
-0.3563476
0.1298707
0.1457335
0.2414924
0.007511055
