0.7985802
0.3765357
0.625209
0.1431725
0.1565209
0.4737636
0.7304016
0.3687818
0.4710861
0.7889206
0.7176736
0.5059467
0.5710599
0.3766418
0.2435953
0.257287
0.3432229
0.5760286
0.7118052
0.04318056
-0.05461157
0.3087665
0.3277249
-0.02227811
0.0003943731
-0.2825231
-0.09368905
0.3565723
0.4540232
0.5311787
0.3577618
0.5743042
0.6344593
-0.2036697
-0.1374222
0.04388676
-0.04025487
0.3695667
0.4630472
0.1388824
0.1089581
0.3906831
0.3331285
0.1166905
0.09557139
0.3316091
0.473867
0.2771345
0.3872914
0.3670018
0.3712479
0.2969755
0.06930362
0.3393367
0.3267281
0.6706127
0.6689592
0.5892167
0.4564379
0.5898737
0.5493752
0.4492255
0.7370128
-0.01719161
0.242536
0.1383679
0.09343716
0.489523
0.3716016
0.3393844
0.3459821
0.2589033
0.378179
0.126726
0.139076
0.0002056029
0.2010771
0.1276807
0.3846344
0.03629678
0.4699475
0.1131084
0.1012279
-0.03302074
0.08174223
0.2495649
0.1519287
0.4200562
0.4989061
0.07447657
0.03996212
0.4875872
0.514306
0.02930039
0.4777242
0.3822086
0.2752849
0.4265944
0.2087306
0.1698617
0.5340704
0.2898741
0.3765862
-0.2715761
0.01093593
0.4592099
0.2875842
0.0585952
0.4135349
0.3960746
0.0001163597
0.4339723
0.2520721
-0.05276882
-0.009025723
0.4044139
0.6822055
0.1498132
0.1607676
0.369552
0.6866962
0.3020924
0.36697
0.5111667
0.6193024
0.2277321
0.5428511
0.2847989
0.3032697
0.1914948
0.4605301
0.7217128
0.8175859
0.08784347
-0.03708228
0.3175924
0.3943935
-0.02751731
0.02507973
-0.2323895
-0.03612221
0.3106693
0.381153
0.5695855
0.4035951
0.6238989
0.6990129
-0.04985633
0.0565296
-0.08310623
-0.06923822
0.4256754
0.6497395
0.2027426
0.09223459
0.3220619
0.3197231
0.0709851
0.1178176
0.2775474
0.4438001
0.1933376
0.3869897
0.3028109
0.2385142
0.2526909
-0.0717636
0.5251158
0.4355367
0.7316124
0.8424322
0.5127207
0.436689
0.3755639
0.3868031
0.5156765
0.6491965
-0.03800308
0.1469282
0.2452001
0.1886772
0.607738
0.4902473
0.3063784
0.4173009
0.3470204
0.4411266
0.1495039
0.2313699
0.164507
0.2558659
0.1612261
0.3600099
0.07190652
0.4444472
0.07510362
0.05056098
0.1377104
0.06322989
0.3311687
0.2222478
0.5971851
0.408842
0.00917755
-0.1989582
0.3917224
0.3779934
0.01247445
0.4458769
0.4771192
0.1523503
0.5382136
0.2116062
0.2974007
0.4599649
0.3020568
0.235352
-0.3684164
-0.1795702
0.3918112
0.3584597
-0.04070068
0.2600297
0.378995
-0.1599447
0.3404828
0.2488926
-0.1824836
-0.2505233
0.7298196
0.1399324
0.04937685
0.8367395
0.5671737
0.1950823
-0.09539279
0.263518
0.04837449
0.3218882
0.249903
0.1340593
-0.03081861
0.02577787
0.2095274
0.5455914
0.4268797
-0.1005166
-0.3174628
0.8555055
0.7596398
0.4259569
0.419134
-0.2507526
-0.2591456
0.04924541
0.3026296
0.6997303
0.6980194
0.3545539
0.4339911
-0.1424985
-0.2728448
0.1529663
-0.03293224
0.2315649
0.2211185
-0.09211814
-0.07281583
0.1756727
0.2370813
0.1417035
0.04998271
0.02189721
0.09624977
0.08605743
0.1284653
-0.04447216
0.08475056
0.01166081
0.1012039
0.1593227
0.1186776
0.1456426
0.3596555
-0.01496367
-0.1033649
-0.03483104
-0.1135313
0.1108241
0.1913192
-0.0209989
-0.1311394
-0.0337121
-0.2327119
0.4188597
0.2792722
-0.02955766
-0.07209083
-0.0115086
0.1496646
-0.1216069
0.0304605
-0.4441156
-0.2400428
-0.1339902
0.05587724
-0.3225295
0.1303745
-0.08641551
0.1175121
0.03204202
0.07673073
0.2979064
0.03576881
0.3041143
0.1510232
-0.03356267
0.23557
0.2698064
0.4036116
0.06712405
0.2948997
0.163988
-0.1057419
0.08748574
0.02141544
-0.04066494
0.4667283
0.093001
0.1986315
-0.07931916
0.1861856
-0.07297824
-0.0753768
0.1399176
0.1464979
0.2058004
0.1134405
0.1773048
0.2225092
-0.1096878
0.1439821
0.1407325
0.1387727
0.7357279
0.8421217
0.2460989
0.232203
0.4586178
0.4562541
0.2774284
0.4632604
0.301044
0.1950898
0.2185063
0.3396606
0.6361479
0.7906959
0.07165512
-0.06066478
0.6489277
0.6756032
0.1824524
0.2176343
-0.3284074
-0.1450788
0.2541927
0.5627122
0.6387073
0.5852171
0.447553
0.6030232
-0.136958
-0.09195209
0.04499113
0.0403158
0.4953997
0.5464972
0.09770093
0.1256998
0.3629516
0.4110848
0.2411476
0.2143273
0.281735
0.364437
0.3181681
0.3782973
0.2034039
0.2891559
0.1548249
-0.02036713
0.3675711
0.38836
0.3866872
0.5234324
0.2859164
0.2858875
0.2418665
0.1741066
0.3505038
0.5426804
-0.05365794
0.07457431
0.07657557
0.02889108
0.580018
0.4189708
0.2086954
0.1868318
0.2397857
0.3470871
0.01618802
0.1625537
-0.1069159
0.005315426
0.08438917
0.3210578
-0.1134279
0.3436851
0.01072025
0.2630301
0.03659047
0.139507
0.4191512
0.1625489
0.4748717
0.4123745
-0.01660291
0.03738785
0.4980882
0.5232316
0.2545717
0.4359681
0.4184502
0.08357325
0.2535986
0.1243964
0.2714549
0.5503748
0.3418293
0.3625045
-0.2351835
0.07244059
0.228012
0.2130591
0.1393668
0.3417752
0.344843
0.00278828
0.3203259
0.2612756
-0.08476641
-0.0557159
0.6989324
0.1507945
0.0242173
0.8042239
0.3956184
0.246778
0.2586079
0.3066444
0.1375082
0.5863897
0.582348
0.1647584
0.03344215
0.2227465
0.02191958
0.3573233
0.5208613
0.009824041
-0.04035251
0.1368591
0.3377607
0.4788451
0.568065
0.2833978
0.104706
0.2212864
0.03227818
0.2252254
0.04078906
0.04883901
-0.09609396
0.1507787
0.1242508
0.1200163
0.2312331
0.4218771
0.4544247
0.08681554
0.0985455
0.2289585
0.2317915
0.1676992
0.07569023
0.3077721
0.4067065
0.2463516
0.1019842
-0.04679747
-0.36549
0.07825691
0.1866274
0.2964896
0.1672579
0.4672727
0.5873263
0.4401766
0.3506476
0.1531336
0.02792095
0.2239133
0.2776543
0.4549093
0.3488318
0.2583389
0.2770764
0.6621112
0.5007559
0.2578744
0.1757056
0.173181
0.147376
-0.06105046
-0.05080648
0.09853851
-0.05968007
0.2253069
0.1111958
0.4910258
0.3698322
0.2306711
-0.06055729
0.2433732
0.555664
0.37291
0.3523335
-0.246197
-0.2942409
-0.02283144
0.04551896
0.3030494
0.01206582
-0.01480364
0.2097035
-0.01403422
-0.1716049
0.1423874
-0.06786054
0.0004121588
-0.00134477
-0.2922119
-0.1098723
0.1376558
0.3048158
-0.2404379
0.1247115
-0.2018436
-0.4760196
-0.116149
-0.1122698
-0.04975721
-0.1297577
-0.007052683
0.1181106
0.6245252
0.5231737
0.2136858
0.3756597
0.3719597
0.1154849
0.5747119
0.5128751
0.1671361
-0.05241042
0.1090142
0.01543466
0.4521632
0.6018854
-0.07199253
-0.1002039
0.1408839
0.3374008
0.4747292
0.5324206
0.244228
0.2033709
0.08613883
-0.05633679
0.09024323
0.1263857
0.2107523
0.01541324
0.2831319
0.4028837
0.288173
0.2401343
0.3998041
0.538777
0.1429282
0.2337539
0.3549978
0.4456972
0.3089781
0.1738446
0.4563323
0.5759523
0.4537261
0.2535696
0.1609001
-0.1620944
0.1303014
0.3057808
0.2608415
0.1416887
0.4816918
0.6941891
0.5545347
0.4470787
0.1305008
0.01530226
0.4000961
0.5062845
0.4133034
0.3791212
0.1493603
0.1070785
0.61296
0.378661
0.1704089
0.3356552
0.3385833
0.3271311
-0.0211561
0.2150934
0.02335839
-0.0909208
0.2135051
0.1550292
0.491393
0.3889023
0.2471906
-0.109581
0.1691544
0.5439024
0.4417038
0.3534068
0.009302713
-0.1496163
0.1986886
0.2426
0.3394498
0.09179177
0.04558774
0.321078
0.02826957
0.06789969
0.3860835
-0.01337562
0.2696308
0.2429406
-0.03161948
0.1756115
0.1320234
0.3644617
-0.2695255
0.2090907
-0.2010004
-0.2876528
-0.06881545
-0.07923401
0.1096967
-0.1410361
0.6694945
0.2196707
-0.091614
0.3668737
0.2094413
0.3697705
0.3360062
0.1081703
-0.1009759
-0.1007569
0.1527027
0.4709384
0.4459005
-0.2596415
-0.3429664
0.7926506
0.6797503
0.3152009
0.2172056
-0.3315444
-0.3087918
0.04183036
0.2905243
0.6623444
0.7408972
0.3675868
0.4319327
-0.2336662
-0.2248845
0.1644184
-0.06719607
0.1469382
0.1461859
-0.1194663
-0.1222209
0.1929793
0.1860967
0.06010923
-0.0930017
-0.04674472
0.09839888
0.04845556
-0.008418182
-0.1523658
-0.0146125
0.02728943
0.084489
0.09907115
0.03362524
0.04403526
0.2614631
-0.03254648
-0.1314261
0.06745377
0.02339283
-0.011668
0.3075497
-0.126044
-0.1689284
-0.1457681
-0.2984358
0.3489874
0.2859982
0.04782922
0.06029728
0.1244191
0.1628422
-0.1114873
0.02138419
-0.3391162
-0.2458756
-0.05889112
0.1459421
-0.373273
0.1188751
-0.1205853
0.07610982
-0.1117093
0.05138759
0.3342349
-0.08919509
0.1958361
0.08052372
0.0310077
0.2429816
0.3831801
0.3545497
0.00886601
0.2441138
0.1986092
-0.1849977
-0.05091747
-0.06014676
-0.1659621
0.4123736
-0.05150419
0.06777547
-0.1424979
0.06596982
-0.09152637
-0.2020563
0.1262404
0.2851513
0.1720115
0.1551403
0.2513644
0.1245797
-0.1442024
0.1929336
0.2208064
0.3448305
0.5487613
0.6216238
0.4664772
0.6385117
0.2265689
0.1316971
-0.004619326
0.2173011
0.5338952
0.7171659
-0.1480856
-0.1910225
0.6205604
0.6355369
0.08260509
0.1182265
-0.4411032
-0.3583193
0.05674137
0.4053894
0.4634666
0.5293883
0.3355965
0.5149457
-0.2446838
-0.05597717
0.01480656
0.05525804
0.3288094
0.4033302
0.02523681
-0.04797606
0.4072395
0.3416955
0.0444353
0.02151218
0.217303
0.4199096
0.1442698
0.2174954
0.1432866
0.313677
0.3830133
0.1960905
0.3372018
0.2621683
0.2865825
0.4483253
0.210887
0.235316
0.3587151
0.3385153
0.1857795
0.5722199
-0.1577197
0.08253136
-0.1376152
-0.1158211
0.3467319
0.2808019
0.2145267
0.1973849
0.3136652
0.3858982
-0.02470447
0.1868821
-0.06491078
0.02399248
0.05660137
0.3027361
-0.2639488
0.2787024
-0.03465139
0.09863946
-0.1151903
0.05881852
0.2970019
-0.04545203
0.3692909
0.3055578
0.3277448
0.2242821
0.6386347
0.566051
0.09300449
0.5525167
0.393695
0.01909454
0.2745026
0.2164512
0.08845839
0.5473064
0.2994203
0.3607395
-0.1314789
0.0947465
0.1613071
-0.01115655
0.1637888
0.3884464
0.3636819
0.1466892
0.52412
0.3643955
0.004664824
0.02302672
0.6176683
0.4586462
0.4302815
0.5671829
0.3474185
0.7358279
0.6397254
0.1721277
0.09810702
0.3643912
0.1516181
0.3128921
0.3130048
0.0911594
0.07097813
0.1273654
0.2644099
0.2927343
0.3440734
0.3642313
0.2079108
0.2436291
0.04361887
0.2762511
0.1430613
-0.0301763
-0.09313513
0.2476269
0.2574864
0.1563525
0.2762448
0.5327318
0.5360577
0.209471
0.2709478
0.1699077
0.1242481
0.2275857
0.2077421
0.3039698
0.4380808
0.3755828
0.225325
0.1571623
-0.1950236
0.2358133
0.309845
0.4319974
0.2597553
0.5040381
0.5565997
0.6320195
0.5275372
0.2940114
0.261011
0.3741578
0.4065001
0.380159
0.2542153
0.2805653
0.2068222
0.7314881
0.594979
0.3044617
0.3078463
0.1045492
0.2253564
0.0145999
0.1500623
0.02645547
0.1376613
0.1661847
0.4133648
0.4644319
0.3497695
0.287532
0.08127788
0.2574178
0.5575463
0.4340393
0.5197978
-0.03580464
-0.03543249
0.1437143
0.2558581
0.2745816
0.1183818
0.1080457
0.345251
0.1599445
0.03571219
0.2422194
0.08677167
0.1681108
0.1887525
-0.2463946
-0.0221394
0.2280135
0.366998
-0.130424
0.1565283
0.0518726
-0.3778642
0.1098093
0.06742253
0.1056247
-0.004519404
0.443266
0.5397017
0.5052844
0.3530856
0.5518179
0.6202286
0.3221219
0.07645366
0.2461578
0.2644011
0.365382
0.3777809
-0.1395314
-0.03469149
-0.05893474
0.1536317
0.1065522
0.2881163
0.2919054
0.1899491
0.003619035
-0.1999542
0.140401
0.1279901
0.09331911
0.1619386
0.07793083
0.2981309
0.3338934
0.319765
0.4364869
0.426345
0.2961009
0.2829982
0.2032362
0.2265398
0.4761467
0.3003613
0.3197706
0.427848
0.4399127
0.2756162
0.3178768
-0.1495362
0.1933756
0.3584353
0.4889349
0.2242886
0.5480316
0.6935422
0.6691672
0.569659
0.4144147
0.3386873
0.2838132
0.536185
0.2975852
0.3111804
0.1572496
0.05264741
0.6582765
0.5562939
0.275365
0.3842051
0.2855376
0.2622523
0.2305957
0.3161611
0.05969845
0.2122548
0.2363654
0.3710799
0.333015
0.1883708
0.1810131
0.04017185
0.03841524
0.509213
0.3620899
0.6012974
0.1411286
-0.05830822
0.3026451
0.3513349
0.3179638
0.1737483
0.1070679
0.4762352
0.3372302
0.2473724
0.4210869
0.1240085
0.4453748
0.4486048
-0.1357795
0.09415144
0.3604898
0.512752
-0.2081764
0.2111123
0.1137439
-0.2663331
0.2883579
0.3000439
0.2103224
-0.04652552
0.690944
0.5322084
0.4856276
0.5946743
0.3570231
0.3845893
0.3912156
0.5093218
0.5050551
0.112432
0.1252104
0.1519877
0.1070889
-0.01940178
0.016311
-0.08235154
5.588471e-06
0.5807332
0.5598314
0.3381664
0.1442402
0.3248227
0.4693957
-0.312267
-0.3234894
0.1402982
0.02859277
0.2259898
0.2453259
0.1439128
0.2742786
0.3874034
0.2604514
0.1473864
0.1265833
0.2296503
0.3196473
0.2942039
0.3642894
0.2859474
0.2577957
0.1884655
-0.07609437
0.01589959
0.06625321
0.5342932
0.4055643
0.6212977
0.4432348
0.575259
0.395545
0.5103216
0.7042405
-0.1549477
0.06870284
0.03439336
0.03864629
0.397695
0.2458371
0.4034839
0.3263954
0.260064
0.3250602
0.2078608
0.1283706
-0.1095543
0.2005469
-0.006249582
0.3543598
0.1241241
0.4204188
0.1624905
0.2542645
-0.1161006
-0.09277328
0.1082729
0.2114111
0.2696285
0.2776276
0.03017714
0.07223181
0.3607362
0.429
0.154655
0.3047617
0.2051737
0.2201407
0.2661511
0.0583002
0.1888068
0.4684213
0.2886526
0.3794115
-0.2032274
0.0331583
0.4407904
0.2413973
0.2091364
0.2847864
0.3440272
-0.02419327
0.4250297
0.250783
0.02369315
0.08892483
0.4229121
0.5838853
0.5546514
0.5009851
0.1908901
0.2412502
0.3963337
0.5343448
0.1135905
0.173995
0.09555086
0.1064574
-0.1550615
-0.1107735
-0.04759907
0.03033955
0.4122055
0.53514
0.2160863
0.0919656
0.2105421
0.4131872
-0.241689
-0.009102769
-0.096363
-0.01588599
0.1936219
0.2858
0.2671512
0.2250699
0.3106628
0.2216501
0.09243842
0.1894122
0.3532884
0.3689783
0.3031364
0.43205
0.3398492
0.3455179
0.331267
-0.08252096
0.2401158
0.2019704
0.4795531
0.4043114
0.5772237
0.6188559
0.6202353
0.5995189
0.3764382
0.6077268
-0.09697314
0.2247791
0.008014616
0.09020574
0.2685497
0.1675026
0.4357677
0.4616091
0.4251253
0.4593245
0.1681152
0.3192949
0.1200358
0.2748506
0.1182349
0.3368655
0.1693572
0.3920188
0.2531081
0.2452741
-0.1206378
-0.2180406
0.1021979
0.2138679
0.3680256
0.3140132
0.1000776
-0.06942899
0.4309453
0.311676
0.2113354
0.3675382
0.2988356
0.2233356
0.2713614
0.1929681
0.3228391
0.3150446
0.3161566
0.2794026
-0.3997072
-0.1566102
0.412932
0.3182655
0.05600715
0.2845803
0.2201709
-0.1290452
0.3380947
0.2274781
0.06620631
-0.1847565
0.5638439
0.4383929
0.2050323
-0.0287546
0.03591473
0.2151763
0.1529156
0.06610189
-0.0925163
0.3881847
0.3569626
0.3633723
0.4131484
-0.2050251
-0.2827883
0.13734
0.1496713
0.2925577
0.2902379
0.2975151
0.3060845
0.01158178
0.003781514
0.2381067
0.2875065
0.05362149
0.1223803
0.1664253
0.1939904
0.3833219
0.3237655
0.1620362
0.06401346
0.2313932
0.2889484
0.1545407
0.2478408
0.2645031
0.3319458
0.3452977
0.3354363
0.1193683
0.172151
0.2003821
0.191819
0.2390674
0.2253182
0.6229645
0.4937128
0.1324789
0.3554734
0.3550595
0.4120377
0.1372166
0.01099548
0.0697767
-0.04508005
0.3869694
0.2531738
0.2049648
0.3508794
0.03723267
0.1592087
-0.126203
0.08828799
-0.1260421
0.1394042
-0.1503764
0.38361
0.1894023
0.1612706
0.02826673
0.1609648
0.1186474
0.0874814
0.1828517
0.3549968
0.4075339
0.4525945
0.5208196
0.5851071
0.1270901
0.3521893
0.128506
0.1556673
0.1585146
0.2495978
-0.01696837
0.3413979
0.241713
0.4939845
0.2231108
0.3951904
0.1338129
-0.03702963
0.04889549
0.3599544
0.2077138
0.1087697
0.3969495
0.3320457
0.2903566
0.3619382
0.3422627
0.2053545
-0.05582539
0.2230631
0.3730291
0.5277173
0.02141112
-0.1243073
0.4307163
0.549365
0.2749323
0.2020176
-0.2855772
-0.305283
0.1511487
0.2444984
0.302812
0.3231667
0.443537
0.4366446
-0.01078029
0.117836
-0.04550914
0.06305704
0.1465316
0.2719076
0.2092512
0.05346237
0.3240782
0.2010638
-0.08118008
-0.07037312
0.0383588
0.3458026
-0.02477085
0.1123202
0.1751928
0.2631021
0.3292507
0.1867268
0.3469107
0.2218728
0.2868614
0.4252511
0.2083721
0.1727446
0.4065699
0.3506874
0.146733
0.4830423
-0.03748464
0.1630784
0.1077193
0.1184971
0.1605907
0.1663619
0.3686718
0.3373646
0.291706
0.4185429
0.0418786
0.07380872
-0.0068133
0.1269474
0.07703858
0.3401912
-0.08490968
0.3479786
0.02354158
0.1799999
0.02201207
0.2416633
0.2060273
0.08727543
0.2620087
0.2242038
0.3065102
0.1330925
0.4765932
0.4097097
-0.006466144
0.3577465
0.1322447
-0.03873069
0.1552521
0.1085209
-0.05318362
0.2115823
0.05252367
0.2287729
-0.1035414
0.0297064
0.1944624
-0.02543773
0.07607454
0.1037303
0.1134442
-0.0599551
0.4524176
0.2043381
0.04429426
0.09744902
0.7891775
0.4827339
0.3862421
0.3937426
0.1936087
0.3597551
0.4228354
0.06987282
-0.0006214534
0.1395569
0.2292925
0.4273371
0.3435081
0.6020538
0.6051518
0.2371582
-0.0750128
0.1813442
0.1980485
-0.1064291
-0.125654
0.2297294
0.2773517
0.2650761
0.2996009
0.5763754
0.5376348
0.2851595
0.3309591
0.3006535
0.3174973
0.3049125
0.2123654
0.4287446
0.5419176
0.4376087
0.2237228
0.01099539
-0.3425874
0.1371064
0.2699324
0.4615034
0.2247106
0.5678868
0.6048732
0.5512039
0.3635215
0.5188799
0.4126124
0.2682256
0.3399622
0.3613915
0.2971591
0.3452513
0.1662009
0.6021966
0.4639397
0.4076261
0.4056184
0.08222813
0.2488158
0.09301387
0.2852436
0.1654386
0.1603344
0.300264
0.4665569
0.4470614
0.5924802
0.2663572
-0.008426057
0.2871124
0.5619209
0.4291383
0.4026082
-0.22181
-0.1178609
0.1423474
0.2845145
0.3549657
0.02213984
0.1477763
0.3867178
0.1145936
0.08109294
0.4476557
0.2322391
0.3383681
0.2759245
-0.2733015
-0.02401033
0.3444629
0.482152
-0.01347728
0.0480641
0.082268
-0.3701093
0.03244585
0.1719767
0.08490219
-0.164134
0.452929
0.2616856
0.3703918
0.1835303
0.4061761
0.4629271
-0.1589871
-0.1725783
-0.06139924
0.1091479
0.4958602
0.4786678
0.5203948
0.4889537
0.111848
-0.2192193
0.09071438
0.1082787
-0.04653805
-0.01444849
0.0497916
0.1373775
0.2519692
0.3201748
0.571966
0.5056532
0.167263
0.2264108
0.2329964
0.2939129
0.3595125
0.1505487
0.3540457
0.4828018
0.342761
0.140173
0.004320979
-0.5011447
0.1662223
0.242181
0.4948148
0.1901607
0.5383639
0.6605132
0.4076185
0.3023242
0.4930332
0.243501
0.2385929
0.2844787
0.3573379
0.3384281
0.3218923
0.1077156
0.5437149
0.5144209
0.4302448
0.3043959
0.07772219
0.218558
0.2570137
0.2408974
0.2140741
0.07076766
0.3402974
0.3447235
0.4786439
0.448732
0.2473367
-0.177103
0.1601918
0.6307253
0.4463245
0.3873711
-0.3095066
-0.3416424
-0.07379102
0.03184672
0.3501055
-0.03717523
0.1185482
0.3813594
0.1845186
0.05941731
0.5224939
0.1205234
0.376249
0.1590619
-0.4607966
-0.2351988
0.3630638
0.6275612
-0.04346102
-0.1331406
0.04803022
-0.5009429
-0.1005197
0.1421937
0.05191161
-0.4086276
0.464877
0.3588607
0.2602211
0.4024524
0.4561978
-0.1952836
-0.1590025
-0.2083504
-0.07850551
0.2151578
0.3708177
0.581687
0.5691244
0.06365955
-0.2665086
0.1857302
0.2155068
0.002943935
-0.2031712
0.2784621
0.2477103
0.4742766
0.349822
0.382092
0.5275302
0.347546
0.3958967
0.4408819
0.4982555
0.5041928
0.2062975
0.532405
0.507725
0.4187669
0.2285151
-0.04671525
-0.3694673
-0.07789076
0.3103885
0.432082
0.1759884
0.4410818
0.4540939
0.1840372
0.03370567
0.5740297
0.3098586
0.1069917
0.1134527
0.3089279
0.2752926
0.4946612
0.2853532
0.2793338
0.1294152
0.09836125
0.1139874
0.1794137
0.004174154
0.0743508
0.2432421
0.01470719
0.01449046
0.5448975
0.4004257
0.2256123
0.4298201
0.2618737
0.05708292
-0.01828986
0.6068233
0.254145
0.3643669
-0.3270515
-0.1587423
-0.0320544
0.2649579
0.2647818
-0.1592323
-0.02333726
0.4359229
0.1840918
0.07768364
0.5899061
0.3121571
0.5662762
0.4181863
-0.1923395
0.08587343
0.3511528
0.575293
0.1146833
0.06116468
0.1660893
-0.1946923
-0.09050847
0.2405102
0.1302304
-0.2022347
0.43785
0.4143527
0.05546248
-0.09022548
0.1689414
0.1262158
0.1710537
0.119235
-0.04180216
-0.0864979
0.4627057
0.6080719
0.3856789
0.1753495
0.4921545
0.4947789
0.0108554
-0.07423599
0.05052594
0.06177052
0.2111764
0.3830476
0.2063484
0.0962139
0.2422316
0.2310837
0.163793
0.1855891
0.05568273
0.134341
0.205198
0.2803627
0.1759213
0.004695617
-0.1170279
-0.2109587
0.1649296
0.1841154
0.5459461
0.5273238
0.3650872
0.1666647
0.1772992
-0.02624765
0.5611837
0.6094571
-0.01038698
0.04462416
0.3446528
0.2709384
0.6516213
0.4193091
0.124499
0.1896757
0.3069117
0.3995125
0.1023889
0.1894092
0.1691605
0.266552
0.1856863
0.2434025
0.138158
0.4585773
-0.1619366
0.2183874
0.1688218
0.06948168
0.2188453
0.1924969
0.2462873
0.0742159
-0.2565048
-0.2329424
0.1497187
0.1329576
-0.008591246
0.0677113
0.1906073
-0.03020211
0.1579638
-0.03132571
0.191246
0.2967122
0.162537
0.06106353
-0.2205479
-0.09032356
0.2068204
0.1469624
0.1320688
-0.0335529
0.183595
-0.1854653
0.1322058
0.1989587
-0.2589492
-0.2183828
0.6846525
0.1189182
0.0114576
0.3969481
0.4111718
-0.04019062
0.001889842
-0.1045654
-0.01745814
0.4368328
0.4131932
0.5207793
0.3700523
0.4166726
0.5360933
-0.2090562
-0.1835764
0.1266814
0.02421612
0.2371049
0.4545496
0.212162
0.1852442
0.2220198
0.3080247
0.09352307
0.08165824
0.1574326
0.2358292
0.1793396
0.3090016
0.1372441
0.08184353
0.07209141
-0.225729
0.2415994
0.2423151
0.5509795
0.5845788
0.3629101
0.2186776
0.1233897
0.1140336
0.5365438
0.4505585
-0.1330452
-0.1418686
0.06438308
-0.07781018
0.6201365
0.4232238
0.2618559
0.2688259
0.3460666
0.3165999
0.05521009
0.1226968
-0.01813486
0.1947007
-0.04266893
0.1442445
0.0229918
0.3557711
0.02309376
0.2013136
0.02315599
-0.08459026
0.1630204
0.2533576
0.3494705
0.2236628
-0.08885874
-0.05595385
0.1613898
0.326485
0.1174939
0.1269149
0.270168
0.07817531
0.4065584
0.2052527
0.2372795
0.4916702
0.3288687
0.1800396
-0.3741238
-0.2257685
0.2171987
0.3014156
0.2302313
0.02416081
0.4132611
-0.1342581
0.2704851
0.2598699
-0.1380026
-0.26598
0.2030301
-0.02518764
0.3566653
0.4761737
-0.03505605
-0.009254486
-0.429497
-0.1488576
0.3612163
0.5191699
0.5122144
0.4422345
0.5589811
0.6756002
-0.05597439
0.06093845
-0.06505895
0.0249987
0.4675294
0.6359475
0.1623094
0.09335111
0.3372638
0.3373913
0.091066
0.1171857
0.2706341
0.4181564
0.2375171
0.3626171
0.2652674
0.3361827
0.2936763
0.009165044
0.4403506
0.4240064
0.5867505
0.6882557
0.4389505
0.3300183
0.2935435
0.3050512
0.4621236
0.6687816
-0.1549822
0.09166936
0.144966
0.1412529
0.6085854
0.5175385
0.2440503
0.2674239
0.3431821
0.4048231
0.04850327
0.2408352
0.08925293
0.2238001
0.2150585
0.4418297
0.09353809
0.4654221
0.052505
0.1836128
-0.0006094328
0.1477339
0.3018436
0.1940326
0.4478709
0.437994
0.02336866
-0.02754371
0.4749756
0.5045258
0.1601611
0.4793198
0.494364
0.1695419
0.4616856
0.1980321
0.2979862
0.5499973
0.302823
0.3524229
-0.2612797
-0.01895076
0.4088964
0.301579
0.1795906
0.3385147
0.4862116
-0.05772594
0.394428
0.3186828
-0.07417531
-0.1425831
0.5709976
-0.2725638
-0.1239312
0.07390098
0.1374954
0.2208812
0.5088692
0.3389882
0.2849775
-0.01320273
-0.274833
0.1635254
0.1141209
0.4497133
0.06543369
0.1613435
0.3150955
0.3849133
0.3272551
0.4321981
0.591841
0.1177926
0.1402662
0.2071843
0.2295765
0.2845756
0.1608981
0.2939095
0.4699989
0.4558311
0.2722506
0.1676686
-0.1622174
0.2280657
0.4442003
0.3677733
0.157526
0.4117161
0.5184858
0.276922
0.2895099
0.2288284
2.02771e-05
0.3360997
0.3625557
0.48845
0.438203
0.2752083
0.2619122
0.3240293
0.2233503
0.06546975
0.2516955
0.3138204
0.2572721
0.1550262
0.4086604
0.1531097
0.238696
0.3883956
0.2341711
0.4474474
0.404778
0.2460461
0.09355591
0.07637868
0.5850654
0.2859527
0.4464119
-0.2027056
-0.2026377
0.001998889
0.25853
0.3323675
0.01013886
0.1147736
0.3899492
0.1700212
0.139341
0.464195
0.1013469
0.2417499
0.302429
-0.1033673
0.1516039
0.3267675
0.6234444
-0.09762152
0.06794975
-0.1174471
-0.3127295
-0.04160655
-0.0849248
0.1448744
-0.1661132
-0.463826
-0.4532036
-0.2960599
-0.1146914
0.5083699
0.6850956
0.3217792
0.1647059
-0.2816996
-0.5265465
-0.09678849
-0.139897
0.1662393
-0.02929905
0.1674571
0.3208731
0.3777817
0.1715628
0.4570304
0.6174607
0.1669438
0.183036
0.3776958
0.4610787
0.3722308
0.09173631
0.4340639
0.4538316
0.4054767
0.1866653
0.004851884
-0.4292114
-0.0781834
0.2689874
0.1484252
-0.08640682
0.4278963
0.6385886
0.2232825
0.137447
0.1812051
-0.0688877
0.1213419
0.1835544
0.3660069
0.4412213
0.05436857
0.1682922
0.4614341
0.1886034
0.02998469
0.03581475
0.3392516
0.06184148
0.1671503
0.2529205
0.04029137
0.01191795
0.557289
0.01941422
0.559142
0.441083
0.2724173
-0.0534172
-0.003790647
0.6257524
0.2550031
0.3005633
-0.21568
-0.3032649
-0.1843621
0.04200106
0.3442342
-0.1076678
-0.05369849
0.383982
-0.01527137
0.008684895
0.4681783
-0.14046
0.3200221
0.1957991
-0.1754269
0.002137782
0.2535681
0.5372649
-0.2069758
0.1459444
-0.185281
-0.3001723
-0.1039516
-0.07313621
0.1234579
-0.2346279
0.9055798
0.5084307
0.4287517
-0.3738836
-0.5077514
-0.158057
0.1584458
0.6102789
0.7560618
0.3088339
0.3237956
-0.1099247
-0.1084552
0.02731838
-0.02548746
-0.007192378
0.07184979
-0.1328223
-0.2606024
0.1964069
0.1824071
0.02510012
-0.07201147
-0.1122861
0.09886688
-0.06499902
-0.02491317
-0.1333383
0.1225197
0.07276827
0.2847402
0.1459573
0.01487336
-0.07267211
0.2599499
-0.1934704
-0.2572123
-0.02511963
-0.06588004
-0.04782368
0.2022409
-0.0580685
-0.09660197
-0.1148546
-0.2714495
0.1971548
0.1762102
-0.04868962
-0.106657
0.08856632
0.190269
-0.2379932
0.03506914
-0.3669497
-0.2686535
-0.1048396
0.06691083
-0.4270333
0.08309748
-0.2085017
0.08433445
-0.0551693
0.1912825
0.2512378
-0.2216216
0.08565315
0.03393575
0.1840444
0.3771982
0.3925271
0.3825339
0.02208493
0.3428795
0.1214012
-0.2557792
-0.01982325
0.04583573
-0.2633309
0.3398182
-0.06422388
0.1174637
0.02341948
0.19844
-0.1903558
-0.3225923
0.1677326
0.146436
0.1795239
0.24161
0.2919853
0.2922267
-0.05609408
0.225487
0.4637421
0.4418222
-0.4531727
-0.4695544
-0.1628356
0.1053621
0.5397246
0.7300852
0.3440204
0.3544718
-0.01365573
0.02404324
-0.02114406
-0.02942189
0.05089483
0.1705529
-0.1035093
-0.2070329
0.1613338
0.1688774
-0.02929014
-0.1080714
-0.08495137
0.1820366
-0.09380593
-0.01918771
-0.08402705
0.1498235
0.1630973
0.3171742
0.2690377
0.1340331
-0.01157495
0.337208
-0.1919776
-0.212913
-0.0159752
0.0134189
-0.02938726
0.1921616
-0.06914914
-0.02631524
-0.07910115
-0.178221
0.2361359
0.2199758
0.0007605936
-0.04544988
0.1094398
0.2444118
-0.2022534
0.05821036
-0.3296588
-0.1976586
-0.07887032
0.1288374
-0.3473954
0.1539477
-0.2242213
0.07594061
-0.0300307
0.2981232
0.2588914
-0.1599409
0.1257797
0.1327808
0.220249
0.3062905
0.4740292
0.406689
0.03304008
0.3081947
0.121945
-0.2273649
0.06814853
0.08366744
-0.2028305
0.3182272
-0.05516796
0.1488518
0.03122911
0.1445335
-0.1161163
-0.2664689
0.1331534
0.1210966
0.1760581
0.1855073
0.2623481
0.2506713
-0.0302908
0.2615119
0.7646336
0.03235001
-0.1601967
-0.0844899
0.04896539
0.4180168
0.4916834
0.3320214
0.1984898
0.3297547
0.05601812
0.1271481
0.1025287
-0.01164355
0.01110869
0.0849791
-0.06816724
-0.0001491387
0.02074108
0.1687689
0.06304839
-0.2314318
-0.08097986
-0.01274431
0.03054029
-0.06422745
-0.05756411
-0.1816708
0.1011812
0.09717424
-0.02534077
0.01063464
0.1499653
-0.06935083
-0.1407547
0.08954126
-0.07007154
-0.05069792
0.02947305
0.2624956
0.2232456
0.3723061
0.1866141
0.1342013
0.0509961
0.07537977
0.07670171
-0.03078456
0.2169138
-0.0064262
0.210329
-0.3438828
-0.2406319
0.08299043
0.02983026
-0.3058004
0.05011593
-0.1756428
0.09948976
0.183711
0.2679983
0.3753966
0.02034537
0.09451168
-0.1109646
-0.1212474
-0.01657385
0.2092864
0.0570714
-0.07945106
0.009051138
-0.07674092
-0.2726522
-0.2562611
-0.1901573
-0.1983658
-0.1021901
-0.3063479
-0.05165238
0.1540388
0.2215471
-0.2842465
-0.2446011
-0.1588637
-0.1423554
-0.2313099
-0.14907
-0.1229223
-0.05302247
-0.2442344
0.2311575
0.03869033
-0.03174477
-0.008979396
0.02115155
0.4706947
0.4501562
0.3009642
0.2098274
0.2512416
0.04992301
0.05249445
0.1231097
0.05353956
0.1303538
-0.01392013
0.02653609
0.05406673
0.07367712
0.2408097
0.191921
-0.004886015
-0.07099614
0.07832016
0.1624111
-0.03201277
0.01668699
-0.1665114
0.009556795
0.05419453
0.06641652
0.1002755
0.2076211
0.1065682
0.09968241
0.1738551
-0.01607797
0.068161
-0.01088444
0.2466588
0.282169
0.4260356
0.276536
0.2055043
0.1532601
0.2434734
0.1623604
0.04321986
0.2245819
-0.008925024
0.1541305
-0.4201371
-0.3110594
-0.02135743
-0.1276135
-0.2520696
0.04987348
0.03151494
0.1123729
0.1584894
0.1863175
0.2445763
0.1558079
0.2006618
0.1490959
-0.08039662
-0.01209857
0.2039557
0.1612119
0.1474213
0.1244268
-0.06697255
-0.1258289
-0.1179951
-0.1793099
-0.08967008
-0.0393335
-0.08639478
0.1570519
0.2068378
0.3019137
-0.1815744
-0.06055958
-0.1200987
0.004211331
-0.09813442
-0.2272835
-0.1341265
0.134724
-0.1423721
0.1744674
0.7568569
0.1772007
0.06364372
-0.2180917
-0.3962603
-0.2819467
-0.3947168
-0.0240773
-0.1798997
0.1572518
0.02776344
-0.004381963
-0.1400723
0.3494033
0.2958159
-0.2772642
-0.1941195
0.07157738
0.15021
-0.08967452
-0.2170696
0.05399131
0.1059306
0.02765783
-0.258948
-0.3770391
-0.5953252
-0.190257
-0.09056869
0.02786092
-0.2178665
0.1485815
0.2809976
-0.03265196
-0.09657971
0.08348638
-0.3389284
0.1049053
0.03555794
0.2199289
0.2232309
-0.03792054
-0.1216586
0.2463477
0.1432516
0.09658823
-0.05172619
0.1289551
0.001193237
-0.0007177149
-0.03453351
0.1217305
-0.3711395
0.2175914
-0.1801888
0.2200705
0.2861982
0.1562176
-0.2664964
0.09611804
0.4488754
0.09755939
-0.127677
-0.4789458
-0.4867003
-0.4813399
-0.4224931
0.06928314
-0.4362746
-0.2884779
0.06136337
-0.2741267
-0.226745
0.2725443
-0.3546583
-0.04443501
-0.3144184
-0.3103893
-0.2949237
0.02724224
0.2565915
-0.3540747
-0.3836097
-0.4591934
-0.4320485
-0.517491
-0.3089067
-0.1944691
-0.3763486
0.2679452
0.06339685
-0.142987
-0.404057
-0.05392729
-0.2120524
0.1305949
-0.1314655
0.1050017
0.0250994
0.2125103
0.06909709
0.3180225
0.4673659
-0.1904789
-0.141029
0.147188
0.2208536
0.1062999
-0.1377094
0.2208797
0.2687417
0.1811088
-0.1169428
-0.2655976
-0.6136315
-0.1026124
0.1039372
0.2604336
0.006925535
0.3966136
0.5384974
0.138172
0.1356883
0.2258801
-0.1749151
0.1284482
0.1833862
0.3753834
0.3723717
0.1550137
0.1919114
0.3648466
0.2792027
0.06089834
-0.04840374
0.341935
0.0623515
0.09955452
0.08185904
0.07017882
-0.1757402
0.394584
-0.1094805
0.2871314
0.1799152
0.1559694
-0.1477954
0.06523671
0.6056567
0.1910788
0.2111467
-0.499807
-0.5503175
-0.3538099
-0.2475451
0.1602033
-0.3589026
-0.2092091
0.2533385
-0.09977069
-0.2499763
0.4208933
-0.2139282
0.03321847
-0.1512596
-0.3621811
-0.2333408
0.2021676
0.521945
-0.4151683
-0.1635028
-0.4005761
-0.4865538
-0.3922656
-0.370174
-0.1431424
-0.3697168
0.640857
0.3015807
-0.06535971
0.3456248
0.4989188
-0.01178589
-0.09625766
0.1278748
0.06925771
0.2479206
0.348869
0.2824432
0.438343
0.1777398
0.2683869
0.3767311
0.4172746
0.3181462
0.2336379
0.5003349
0.4930892
0.3710886
0.1654457
-0.08938578
-0.3542271
0.1012286
0.1860312
0.6146173
0.3429851
0.6763651
0.4812916
0.3741266
0.1398883
0.6790543
0.4976881
0.09909272
0.08500231
0.3382135
0.3565818
0.4628154
0.2365916
0.3238062
0.3113546
0.2372314
0.2240694
0.2407215
0.1370046
0.159239
0.3733579
0.2318049
0.3396207
0.4651725
0.483296
0.2931472
0.4080535
0.0797092
-0.1194814
0.1158381
0.3913062
0.3282954
0.2405273
-0.3705992
-0.2964355
-0.005597522
0.09175675
0.2836587
0.01882919
0.2390422
0.3253306
0.2596194
0.01626538
0.4665434
0.2321338
0.32144
0.2264178
-0.2793836
-0.0861066
0.3934008
0.4934772
0.1914916
-0.05664186
0.2780967
-0.3016524
0.01795411
-0.01542006
-0.06491093
-0.2293358
0.3806571
0.1018381
0.2756598
0.4889859
-0.1344453
-0.1788942
0.1499797
0.1216587
0.4765353
0.4314129
0.3092784
0.3064124
0.3049784
0.3708258
0.3258127
0.377223
0.3300692
0.278488
0.4829049
0.521376
0.3906803
0.297136
0.05265974
-0.225366
0.1842911
0.283543
0.4781268
0.3199403
0.4932144
0.4425034
0.3199833
0.1351285
0.5420705
0.5825343
0.03425245
0.1293571
0.1984878
0.2169296
0.5888606
0.3146205
0.2049574
0.1917508
0.3002169
0.415223
0.01314649
0.2881935
0.08595631
0.3022896
0.2721055
0.3194338
0.2592179
0.511535
0.2065169
0.5699588
0.1046902
-0.04944068
0.281745
0.3678536
0.4002783
0.2582374
-0.3116075
-0.1463571
0.2067886
0.3402765
0.3132086
0.2093695
0.3278963
0.2633405
0.1399336
0.08705456
0.4954309
0.5011792
0.4577412
0.3407963
-0.2999079
0.03399437
0.3974237
0.4125933
0.2676332
0.1646758
0.221702
-0.1587839
0.09319394
0.1727797
-0.04385463
-0.2607446
0.771008
0.7179934
0.7426996
0.002873755
-0.05884543
0.06702467
-0.1467692
0.2405046
0.4426196
-0.04117282
-0.06059135
0.1793217
0.2297683
0.1549064
0.1018434
0.08875885
0.2146106
0.1514
0.2431367
0.04718665
0.07085731
-0.1005836
-0.03588895
0.3155874
0.1882085
0.5047841
0.657515
0.3315189
0.1536687
0.2279188
0.141377
0.3507835
0.4448701
0.1029213
0.0755261
0.3220151
0.1197524
0.6001029
0.4634566
0.1739484
0.2752186
0.09447883
0.2665015
-0.03915153
0.05949166
-0.1908086
-0.1016419
0.1329026
0.2237803
-0.1522779
0.2964014
0.05293538
0.1187599
0.04003616
0.07691474
0.3693608
0.08320377
0.3892734
0.246248
-0.2050842
-0.07747736
0.2353748
0.2956998
0.09691516
0.3489293
0.3776095
0.04644459
0.2300675
-0.02720829
-0.05163403
0.4196908
0.01636631
0.1390986
-0.1799285
0.068886
0.1008904
0.1681009
0.03931482
0.2278566
0.270103
-0.06627138
0.1059031
0.1500381
-0.2772182
-0.05905931
0.4949906
0.534188
-0.05424446
-0.01175258
0.01650601
-0.1148433
-0.008073734
0.1788371
-0.202849
-0.3168903
0.05050831
0.05809892
-0.05238844
-0.1048026
-0.2062638
0.05148501
-0.07773168
-0.04377463
-0.2202926
-0.02641248
-0.09525083
0.1798587
0.1480332
-0.03620949
0.1091095
0.4684458
-0.02023659
-0.1549769
0.08307994
0.06806613
0.03387567
0.3129852
-0.05801241
-0.01541722
0.03211687
-0.09785965
0.3913661
0.3018057
0.03487947
0.1307603
0.1510017
0.2464591
-0.2586175
0.1641256
-0.3556897
-0.3641205
-0.006054647
0.1063747
-0.4202629
0.06418141
-0.2344634
-0.01326971
-0.09071168
0.1377147
0.3683457
-0.2367005
0.1614499
-0.02477009
0.06875765
0.1509976
0.4651274
0.2361747
-0.05369928
0.3018143
0.2425651
-0.3023534
-0.04645775
-0.1785972
-0.2699935
0.2976569
-0.2119427
-0.01440231
0.0527572
0.07361766
-0.176146
-0.3221977
0.08741222
0.2189007
0.1972137
0.0800425
0.08553911
0.0804456
-0.2629664
0.1730107
0.8060088
0.3663733
0.1418588
0.1099458
0.06966742
0.3185179
0.5521599
0.1816495
0.1538621
0.3809036
0.3736588
0.2677806
0.2034269
0.1692995
0.3718555
0.2922163
0.352886
0.316757
0.2703265
0.03654007
0.0549258
0.4288092
0.4008884
0.6398965
0.7721892
0.4663233
0.2752656
0.4234426
0.3302929
0.3821364
0.6087846
0.3272965
0.3352368
0.671678
0.5018542
0.5897414
0.6463266
0.3160021
0.3642124
0.1901536
0.3388636
0.1536297
0.07701652
0.1290359
0.2099946
0.1986648
0.369267
0.1339479
0.4848468
0.0802981
0.0672165
0.3023534
0.4244234
0.4188002
0.2109272
0.4028155
0.3848631
-0.09122101
-0.1264452
0.3329925
0.3441749
-0.02539913
0.2996461
0.3653666
0.1494748
0.2852277
0.01186557
0.04395625
0.286764
0.007112576
0.1723466
-0.09469846
0.118032
0.2219832
0.2086035
-0.08345675
0.2680996
0.2127901
-0.1228392
0.2480554
0.05789298
-0.2028409
-0.01326329
0.2135728
0.1507147
0.09262895
0.0660355
0.363619
0.5894293
0.02844732
0.1176812
0.40807
0.4590237
0.3379885
0.3469071
0.3170246
0.4867432
0.413814
0.4722045
0.3581637
0.3247929
0.1997197
0.1409101
0.4451902
0.3754707
0.6534596
0.7501248
0.5072764
0.3171856
0.4024506
0.3178214
0.4541093
0.6544581
0.2129394
0.2337638
0.4005971
0.330085
0.6009286
0.4726809
0.1829308
0.2918749
0.1452321
0.389297
0.195043
0.1367538
0.08134709
0.3103354
0.1911574
0.3991856
0.08072904
0.5177076
0.07829504
0.102764
0.1206851
0.1251197
0.3208272
0.1001364
0.4715283
0.2625635
-0.01605524
-0.08756999
0.4501222
0.4082877
0.1315403
0.371426
0.5089584
0.1731685
0.4080674
0.1885523
0.1998431
0.4708669
0.2235422
0.3239288
-0.08552354
0.1113575
0.2388756
0.2453446
0.1254283
0.2810937
0.3682658
-0.02532052
0.296925
0.1206595
-0.1230394
-0.07371293
0.617649
0.08643005
0.3316645
0.1138891
0.1755972
0.1836982
0.1722374
0.1858831
0.2383641
0.3129814
0.2646893
0.1598164
0.1470524
0.2213669
0.2492095
0.3139055
0.1999371
0.1930146
0.2281722
0.2456905
0.2780785
0.03461688
0.118372
0.06271748
0.1045369
0.130747
0.1673691
-0.05938082
-0.04565021
0.5879601
0.4691172
0.6327102
0.5658572
-0.0290021
0.2469327
0.1223532
0.1003363
-0.09273887
0.09720231
0.2398918
0.0888269
0.3687716
0.4122649
0.1431602
0.2218201
0.2774317
0.1365133
0.1685352
-0.0163378
0.4580171
0.4154011
0.1326368
0.1244705
0.06173647
0.1311565
0.09179171
-0.07730367
0.09131937
0.1014819
0.1926098
-0.04739892
0.1327156
0.1695611
0.08160848
0.156658
0.07285405
-0.1355315
-0.03421952
0.150183
0.2721918
0.3104006
0.006632
0.1581787
-0.2543589
0.06412788
-0.150851
-0.01195766
0.04259723
-0.1141669
0.1226876
0.1009462
-0.1813271
0.1212401
0.02577164
0.2816309
0.1637234
-0.1039579
0.09822049
0.2648957
0.1542091
0.1752474
0.2194927
0.2595658
0.1357704
0.176635
0.2351876
0.1847487
0.398068
0.3231608
0.4128372
0.292232
-0.05250366
0.06202582
0.00543494
0.07279998
0.1077517
0.2538138
-0.04827101
0.06043598
0.376838
0.4092357
0.3020765
0.4002062
-0.247342
-0.02297085
0.1172313
0.2300247
0.1390915
0.1069279
-0.07858701
0.04081604
0.5068548
0.3717624
0.309757
0.2827749
0.2733215
0.2189474
0.1779554
-0.06729801
0.2818718
0.2712608
0.1889179
-0.09984724
0.1274316
0.1136253
0.2321166
-0.0665714
0.1487703
0.06383484
0.3033086
0.0673708
0.3613409
0.2042297
0.3415346
0.3792876
0.004441214
-0.06508051
0.02153554
0.1076591
0.183894
0.08269753
0.09230054
0.04925808
-0.2617752
0.1418713
0.1230219
0.02007742
0.1033398
0.1540801
0.1481337
0.1099569
0.6995443
0.344518
0.1527972
0.4048666
0.4867122
0.3967979
0.4334952
0.2630743
0.140054
0.2022567
0.2954932
0.1984052
0.1549103
0.2465589
0.0914487
0.1226081
-0.01775554
0.003455582
0.2527013
0.02035196
-0.09961111
0.03438834
0.04354722
0.07072006
-0.03407002
0.01833366
-0.04577981
0.3049546
0.008592556
0.1685564
0.1144323
0.1645802
0.1460788
0.3098638
0.0472019
-0.03971188
0.01244978
0.06651267
-0.04070508
-0.05365392
0.1803572
-0.2393826
-0.1194491
0.01508403
0.2549974
0.2164599
0.2886191
0.3228733
0.2423394
0.3295953
0.354311
0.1899954
0.135804
0.06226586
0.1913879
-0.01125151
0.2974573
-0.1524712
-0.1666606
-0.006411711
0.1622642
-0.1266251
0.07428318
0.1014584
0.1609936
0.2181957
0.1681476
0.01149382
0.2196942
-0.1900377
0.1238672
-0.1397338
0.1379207
-0.002457094
-0.09141324
0.01314967
0.05702029
-0.05028112
0.01165669
0.3968534
0.2509803
0.4935515
0.4861108
0.5205084
0.5483007
0.3642407
0.3107103
0.3444166
0.2887216
0.3285578
0.2910941
0.411822
0.2860638
0.2689428
0.1150935
0.07292273
0.4030145
-0.002096243
-0.1207113
0.0933982
0.1852379
0.2333912
0.08836408
0.03911124
0.02097342
0.4845245
0.3168786
0.3112294
0.3040582
0.05486935
0.09984882
0.3506053
0.04761999
0.09065156
0.2287997
0.05127902
0.1483183
0.1460104
0.3466204
-0.07597594
-0.05631388
0.08677088
0.3512019
0.2817584
0.3674188
0.4550219
0.3865739
0.2813167
0.3914397
0.2018075
0.2909792
0.2828163
0.2945946
0.2372335
0.4226335
0.09878559
-0.04740202
0.08534343
0.2596111
-0.05729006
0.1742717
0.31699
0.048806
0.3741558
0.3881504
0.2501324
0.3544833
-0.0720216
0.223514
-0.1185475
0.2136779
0.04756916
-0.1906498
0.1257619
0.1989845
0.1710985
0.03079406
0.7168573
0.4209863
0.4247877
0.4759398
0.5509327
0.4186972
0.4472421
0.5476426
0.4644479
0.4628594
0.4845746
0.4941491
0.2854516
0.1717123
-0.2018457
0.3925579
0.6583786
0.396214
0.3032587
0.3840307
0.4973327
0.1919932
0.04422219
0.3042798
0.2457158
0.2119818
0.1866916
0.3900986
0.4078393
0.4520744
0.3389309
0.3187998
0.2052518
0.008628317
0.2342394
0.1449804
0.1098341
0.1259138
0.2140562
0.1813448
0.2159185
0.2293837
0.4086819
0.4076577
0.4108749
0.4998343
0.3096373
0.484727
0.6075359
0.7138024
0.5639683
-0.1568772
-0.172173
0.1630629
0.4835587
0.1640758
0.2574006
0.34657
0.4053605
0.2309664
0.1023461
0.5511631
0.3051506
0.5636779
0.4594091
-0.1479619
0.1668482
0.3300091
0.5973112
-0.1889913
0.396435
0.09808895
-0.3136331
0.03373379
0.2065985
-0.1244675
-0.2110681
0.4199304
0.2667398
0.4851387
0.6446983
0.3966573
0.4329985
0.5605585
0.6752537
0.4895006
0.6202923
0.5981001
0.4149435
0.3341383
-0.03163869
0.707056
0.7808258
0.5903459
0.5322888
0.4867013
0.4930972
0.2907043
0.2411723
0.4615196
0.4393686
0.278767
0.3176363
0.518396
0.5024103
0.5250802
0.430135
0.3723951
0.3757922
0.2698412
0.3596285
0.02330302
0.1475253
0.3351199
0.3797547
0.4094185
0.3197453
0.2576544
0.5723853
0.3845196
0.3526275
0.4384698
0.3099429
0.5488131
0.3867043
0.7119285
0.5811625
-0.09700248
-0.264744
0.2122298
0.4851323
0.284012
0.4145062
0.6364022
0.4865625
0.6122665
0.3667369
0.4261464
0.4458523
0.4952542
0.4169919
-0.164951
0.06632765
0.4185776
0.5643414
-0.1114351
0.4077124
0.4463377
-0.2962939
0.1250041
0.2245538
-0.1083971
-0.3093343
0.6063357
0.322868
0.4819662
0.339988
0.2958311
0.3438177
0.3322822
0.3818633
0.4629469
0.4986714
0.2788537
0.1490677
-0.2548633
0.3174482
0.4698805
0.280864
0.08942871
0.3034103
0.4445699
0.3126212
0.2577215
0.2338958
0.1805108
0.3884518
0.3541844
0.4783573
0.4575738
0.1659214
0.2177593
0.5752259
0.414669
0.3199244
0.3033239
-0.121119
0.2736541
0.3116201
0.3023372
0.2266146
0.1963454
0.4108312
0.4194576
0.5337265
0.624636
0.6001485
0.3192258
0.4700161
0.6435798
0.4589306
0.4001766
-0.1889097
-0.1756742
-0.02595806
0.1860525
0.1672138
-0.03390529
0.2037906
0.415269
0.1240897
0.181955
0.4421961
-0.03438955
0.2602449
0.1363983
-0.3202492
-0.02937893
0.128175
0.4366234
-0.2786645
0.04443718
-0.01319703
-0.4359459
-0.08851924
0.1033069
-0.0321078
-0.1752129
0.3457675
0.4411876
0.4565389
0.4437285
0.4417765
0.2528574
0.5302041
0.5449675
0.4990885
0.3202359
0.07316993
-0.2812887
0.07334753
0.3717665
0.3087112
0.08169209
0.420118
0.5513606
0.3875642
0.2620701
0.2455645
0.09815845
0.4120999
0.2928765
0.4119766
0.3936643
0.268074
0.2182641
0.5590019
0.2918816
0.09203973
0.1278686
0.3010843
0.02729943
0.1364526
0.3388766
-0.1143269
0.04999478
0.5010846
0.3926807
0.5254616
0.5199966
0.4145876
0.1332779
0.1715683
0.6756916
0.3528037
0.4408257
-0.1514192
-0.09569121
0.01020511
0.2274754
0.2711299
-0.0875734
0.03615206
0.4169903
0.0985631
0.07624155
0.5216225
-0.02671954
0.3801864
0.3056976
-0.1823083
0.1133763
0.2219127
0.5570837
-0.08450559
0.1009365
-0.03881998
-0.2574306
-0.004939062
-0.01055426
0.1866239
-0.0878788
0.7673327
0.5554105
0.4553075
0.67075
0.6313624
0.4960421
0.4229641
0.4419211
0.4521078
0.3803619
0.115808
0.1478413
0.4077846
0.147225
0.1042282
0.2238469
0.2570675
0.2706972
0.1461397
0.2156226
0.3918275
0.2527878
0.1531222
0.2992054
0.2740271
0.1085976
0.2091914
0.3759343
0.1777461
0.1652397
0.21508
0.07952224
-0.0338748
0.2223892
0.3496186
-0.08186951
0.1665726
0.1088889
0.4457568
0.29855
0.2947379
0.3748986
0.3650678
0.2500585
0.2157418
0.2565622
0.3538908
0.221469
0.2482872
0.3058271
0.6253913
0.1626954
0.2499788
0.2842016
0.3078655
0.2155644
0.2864947
0.2811591
0.3836292
0.5021486
0.5438874
0.02259723
0.3392307
0.2905405
0.2983016
-0.0124508
0.4759674
0.3322767
-0.02338865
0.3997748
0.4848781
0.1580781
-0.001307155
0.7381674
0.6777989
0.7205873
0.7168939
0.7244855
0.7068833
0.6976918
0.6438654
0.4501953
0.2312758
0.4202712
0.6279208
0.2069639
0.1731988
0.3009673
0.3039215
0.2656997
0.161652
0.2790847
0.3811777
0.4699191
0.3113332
0.395316
0.3922711
0.1946976
0.2516595
0.3437337
0.1342858
0.08749387
0.1474791
-0.03958028
-0.02278574
0.2544201
0.4365445
0.0726807
0.2080503
0.3060703
0.6599757
0.454932
0.4180009
0.5428784
0.4613545
0.389258
0.2658637
0.4120134
0.4712946
0.1498617
0.1793795
0.1992669
0.5973501
0.3845844
0.2968482
0.494316
0.5421992
0.4319684
0.5213771
0.3601252
0.3516498
0.6210284
0.5927473
0.0085527
0.3152384
0.2301917
0.3718737
0.06122648
0.4562513
0.4912894
0.01625805
0.2825156
0.3872353
0.1526107
0.01754302
0.9071689
0.7038382
0.4025511
0.8795382
0.7249331
0.5288715
0.4263319
0.09628084
-0.05451292
0.1254474
0.3637861
0.1568864
0.03722
0.3473218
0.3714019
0.2043929
0.04000357
0.2318553
0.1751874
0.4283155
0.3094304
0.5033273
0.4652826
0.119461
0.1332425
0.2329051
0.007361982
-0.05829288
0.02629918
0.1363971
0.04556491
0.0683319
0.2109164
0.1118707
-0.006455565
0.3240073
0.3538309
0.3772279
0.4138818
0.4267585
0.2136776
0.233951
0.321601
0.2890914
0.2802834
-0.2547893
-0.1375874
0.0426216
0.2241858
0.4298578
0.02480305
0.2184292
0.3524763
0.1439215
0.1980688
0.4236032
0.04099815
0.3936494
0.3510573
-0.04307683
0.2543603
0.1573196
0.3345283
-0.03854719
0.2337886
0.1731783
-0.1818243
-0.08554272
0.1157068
0.03586853
-0.02343769
0.6834642
0.4095494
0.8969264
0.8075471
0.6257708
0.5129025
0.110049
-0.07678319
0.1386949
0.3852311
0.2219409
0.109556
0.4669516
0.5177777
0.249797
0.05337282
0.33145
0.193897
0.3782702
0.3411718
0.4955861
0.5428839
0.1689817
0.1062955
0.2691428
0.07711085
-0.04739173
0.08878976
0.1828644
0.08094672
0.06656364
0.2255195
0.1332314
-0.03072076
0.4592663
0.3575743
0.3854472
0.4313343
0.416615
0.1178717
0.1616856
0.3656742
0.3594454
0.2650634
-0.2199841
-0.2236294
0.04726644
0.2049089
0.5059611
0.08684132
0.1961468
0.3999629
0.1890798
0.1976469
0.5173424
0.0279411
0.4987104
0.4095252
-0.03935531
0.2215125
0.2033578
0.3971144
-0.01036287
0.2204622
0.1469525
-0.1883558
-0.09612735
0.1042721
0.04684467
-0.1405883
0.6323875
0.7082891
0.6738468
0.5911328
0.5100274
0.4162652
0.01442149
0.3028342
0.587088
0.3007999
0.08280766
0.377579
0.5178331
0.2983408
0.2825937
0.2737722
0.1946007
0.3460644
0.3276905
0.2883358
0.2927954
0.09888271
0.07780078
0.2833394
0.1403762
-0.0256157
0.0627939
0.1326405
-0.02271682
0.2560672
0.3515901
0.1301618
0.07974111
0.3718619
0.441826
0.5372664
0.2959117
0.2954479
0.06888669
0.07736539
0.3946899
0.4157604
0.5886689
-0.03263199
-0.03248508
0.128589
0.4428296
0.431161
0.2213749
0.377003
0.6210211
0.4818139
0.4926702
0.5273626
0.3201024
0.6699099
0.6028678
-0.105471
0.2321326
0.4117081
0.6081556
-0.07640573
0.4394081
0.3817385
-0.1348937
0.09753487
0.3850851
0.2847521
-0.1350567
0.4775956
0.5666121
0.6853751
0.6323489
0.5982562
0.3399607
0.6653526
0.6814231
0.314417
0.2687411
0.3238395
0.3670926
0.3633599
0.3612675
0.1893347
0.3470311
0.2872253
0.2928972
0.246595
0.3500091
0.1212641
0.1554373
0.2960659
0.1964696
0.0810901
0.2211926
0.104015
-0.001071494
0.3477146
0.4969274
0.3225705
0.3637811
0.2629165
0.5606423
0.4281034
0.2928048
0.2883157
0.2968943
0.3877951
0.1177338
0.4982574
0.4811694
0.2041139
0.006347816
0.3051394
0.5069185
0.2401676
0.4663957
0.6067872
0.5485523
0.564471
0.5818273
0.1782242
0.3883068
0.4065113
0.4145512
-0.04830952
0.145913
0.3204503
0.323737
-0.04195357
0.4664816
0.4424752
0.04975003
0.3305109
0.2085636
0.09864328
-0.0717837
0.881139
0.7338598
0.6156018
0.2246607
-0.01550412
0.2246362
0.4391722
0.3292083
0.1724911
0.5889838
0.6037748
0.446265
0.2898295
0.3674883
0.3671892
0.4405122
0.4550483
0.494835
0.5251863
0.2677323
0.2123169
0.3712784
0.2024781
0.06644037
0.1598131
0.151197
0.1649414
0.1648027
0.3413331
0.2275954
0.1312804
0.5036791
0.4941461
0.4718707
0.4911371
0.4460586
0.1722158
0.2364103
0.3704226
0.4005687
0.4128813
-0.2120319
-0.1542458
0.1747371
0.3122875
0.5434066
0.1234009
0.3329616
0.5256456
0.2635511
0.2371994
0.5286295
0.1550584
0.4884576
0.4335939
-0.07966459
0.2043043
0.3022412
0.434023
0.07053899
0.3293287
0.2167021
-0.1738006
-0.00647818
0.06345999
0.1030832
-0.07994838
0.8436536
0.7231043
0.3675471
0.05067003
0.4504284
0.6075738
0.515756
0.3884733
0.7116868
0.7380957
0.5464703
0.4526809
0.462121
0.4261005
0.4692101
0.5631566
0.571329
0.5857028
0.3745379
0.3128976
0.4490258
0.2819591
0.1301514
0.2890508
0.1997312
0.2490631
0.1896075
0.4392921
0.2484149
0.2383766
0.5176311
0.5709723
0.5561342
0.4843003
0.4200305
0.1562377
0.2780888
0.4545853
0.5468488
0.5560314
-0.1404522
-0.1839483
0.1942622
0.4129903
0.6039823
0.331381
0.4704299
0.6322898
0.4721416
0.3923696
0.5298328
0.2751908
0.5346463
0.5090771
-0.1352996
0.1960832
0.401049
0.5540586
0.03591703
0.3698916
0.3050923
-0.1785356
0.1073469
0.1483043
0.1458104
-0.1526278
0.8256279
0.5285978
0.2604608
0.531896
0.6873945
0.4476564
0.2809251
0.6095992
0.6213229
0.5707826
0.4738627
0.3978853
0.3959037
0.5848522
0.6346195
0.5366194
0.6110628
0.2200184
0.2021683
0.4234282
0.2670519
0.07900005
0.2796718
0.1740961
0.162027
0.3828294
0.6226987
0.2913638
0.3344387
0.5660446
0.627395
0.5323242
0.4291595
0.5475831
0.3885202
0.2847517
0.3602204
0.4705114
0.6019789
0.0724506
-0.0273467
0.180105
0.4978802
0.4417274
0.3643736
0.4396992
0.7244784
0.4857719
0.5222813
0.4551114
0.2506342
0.5451622
0.5566183
0.003810433
0.2785272
0.385581
0.5148138
-0.01470303
0.3901129
0.2573234
-0.04958233
0.2328036
0.05686453
0.2166558
-0.08704664
0.6041596
0.5108712
0.4226503
0.5188677
0.2301632
0.2296969
0.4381593
0.4467718
0.5102467
0.4804944
0.2008062
0.4065589
0.4116493
0.5491403
0.3096475
0.4121696
0.08565608
0.190273
0.2822323
0.09749678
0.07291552
0.182197
0.01750222
0.1091623
0.2062108
0.3880169
0.157936
0.309025
0.3887026
0.5044282
0.4300616
0.3062374
0.312227
0.4186166
0.1396046
0.07663684
0.2530009
0.547251
0.2826685
0.2736294
0.3061642
0.5937835
0.4627113
0.5879984
0.4170016
0.6017514
0.4362706
0.5194906
0.2308206
0.3225377
0.4706186
0.6404882
0.1282767
0.4319207
0.2923321
0.24012
0.2119645
0.4726127
0.3791417
0.2236899
0.4108585
0.2226044
0.3668031
0.05776558
0.6368909
0.510179
0.4840764
0.0501341
0.05173856
0.1090452
0.1752891
0.2916314
0.4623185
-0.07549518
0.1803736
0.1873536
0.2827537
-0.07870194
0.00813379
-0.145851
0.01679321
0.142742
0.07886701
0.09293527
0.1907148
0.06484018
0.04280358
0.2936062
0.4748381
0.1319965
0.2912998
0.1199456
0.3466778
0.2741866
-0.01699789
0.04882743
0.0988222
-0.01179531
-0.03802265
0.2199467
0.3240475
0.5749119
0.3427937
0.3110295
0.5427379
0.2824492
0.4300483
0.3754628
0.4096635
0.5575952
0.6884085
0.04521536
0.3527537
0.349289
0.4750651
0.1147709
0.2882928
0.1454169
0.08379923
0.08719626
0.3864137
0.354702
0.2832264
0.5163817
0.3399058
0.4369631
0.09953434
0.3126617
0.1542114
-0.2372107
-0.01335975
-0.2337183
-0.2847749
0.1493076
0.282559
-0.3496354
0.0682185
0.2552314
0.2811768
-0.1737486
-0.1318623
-0.3269977
-0.1209539
-0.2875583
-0.3192103
-0.2179788
-0.02014607
-0.1144437
-0.07082133
0.04907831
0.200955
0.0443928
0.1995339
-0.1212452
0.1445868
-0.03617287
-0.2262139
-0.07665751
0.2952584
-0.07905829
-0.5371014
-0.1510419
0.06036349
0.6690385
0.6044303
0.40922
0.4024751
0.04920767
0.4573046
0.3037806
0.1388341
0.3055613
0.4967033
-0.3690578
0.218961
-0.008761346
0.3135684
0.5814159
0.4925934
-0.06479754
-0.4141034
0.248837
0.3368479
0.291415
0.6298328
0.444346
0.1192578
0.4330821
0.5019847
0.7937468
0.4266971
0.4735127
0.2541919
0.2817047
0.2473701
0.3668548
0.09359446
0.2368974
0.3504792
0.3626082
0.3412358
0.3472314
0.2302063
0.2747007
0.1000081
0.1960704
0.1200451
0.3151915
0.01496861
0.1069208
0.3722956
0.4261485
0.521047
0.4485255
0.1100182
0.4586088
0.3341879
0.1171177
0.3005879
0.2508709
0.518785
0.128789
0.6617329
0.4980652
0.0475272
-0.1889925
0.2150032
0.2611263
0.1646923
0.455342
0.7091694
0.4122957
0.6084555
0.5150118
0.0971183
0.231715
0.1183052
0.1218942
-0.1506516
-0.0503843
0.2184052
0.320812
-0.149709
0.2107927
0.3315194
-0.1081718
0.1757443
0.02791443
-0.01222644
-0.1835358
0.4177975
0.340637
0.3322338
0.438777
0.2804125
0.2986628
0.2198813
0.2221733
0.4624805
0.4307144
0.4804388
0.4542482
0.3100161
0.3380341
0.2754618
0.2027883
0.1421482
0.338242
0.128196
0.08002475
0.3493
0.4594012
0.3389092
0.3181755
0.2528091
0.5250962
0.4353537
0.2789397
0.4403468
0.3628967
0.4542863
0.4425698
0.6798007
0.7016186
0.01778364
-0.08910716
0.1957994
0.5013429
0.2625895
0.3494281
0.5578488
0.5704133
0.506144
0.5330843
0.3979044
0.3116388
0.4488894
0.4216541
-0.08477294
0.1647056
0.2816691
0.5316994
-0.2386508
0.3935293
0.3045218
-0.1860018
0.1515876
0.1806642
0.1203282
-0.2247486
0.8105677
0.785629
0.634533
0.555071
0.4623628
0.719432
0.6259146
0.2069563
0.3735826
0.5194529
0.4402161
0.7089847
0.4559735
0.3701015
0.4558739
0.2069106
0.3516815
0.2899383
0.2439898
0.1729226
0.3366285
0.2679876
0.3305511
0.2819231
0.5222064
0.1712548
0.1120498
0.1612521
-0.002444457
0.2399276
0.4464423
0.5469024
0.4985504
-0.3003874
-0.4061789
0.16449
0.1853933
0.04849923
0.2549878
0.3570531
0.34062
0.502824
0.08704059
0.4115478
0.3414994
0.2722212
0.2136716
-0.37382
-0.1556654
0.4540004
0.5824486
-0.07223628
0.07498112
0.2479988
-0.3805784
0.133612
0.04911366
-0.1898025
-0.2957894
0.5946955
0.4247932
0.4413219
0.426153
0.5361193
0.6567595
0.1011236
0.2933762
0.4520972
0.357253
0.7195341
0.6022859
0.24393
0.3615141
0.1836209
0.3598457
0.1995258
0.2177801
0.04139848
0.1711416
0.1503554
0.3500637
0.1413636
0.4498735
0.02394213
-0.02731698
0.1591333
0.1629434
0.3204701
0.215271
0.5287325
0.3998211
-0.08533617
-0.2394319
0.3771461
0.2751703
-0.02524904
0.3940926
0.4076798
0.08515323
0.4367706
0.02612573
0.1647193
0.3763468
0.1078358
0.1644252
-0.2134986
-0.09251032
0.3285977
0.2735817
0.00897824
0.1839273
0.2727648
-0.1376356
0.2308689
0.1119878
-0.2113831
-0.1145707
0.8427861
0.7077425
0.5166695
0.7002165
0.6303372
0.2065079
0.4396216
0.5635543
0.6120762
0.532014
0.4232245
0.5671347
0.5314537
0.2647813
0.3550827
0.3240803
0.2784799
0.1492325
0.3399548
0.228192
0.3372981
0.4790081
0.5010827
0.4213561
0.2943946
0.2286442
0.01189866
0.2301208
0.4742001
0.5055
0.5085392
-0.2355589
-0.3441441
0.1530595
0.2272053
0.3620024
0.2854498
0.345534
0.4620456
0.3749775
0.01981283
0.4220917
0.2129537
0.3263594
0.3233917
-0.300865
-0.05139348
0.4805039
0.5874551
-0.03568077
0.2666159
0.2096823
-0.3762063
0.1763665
0.05775155
-0.1265912
-0.2273001
0.7311264
0.6135234
0.4746582
0.4039729
0.2711756
0.5581293
0.5251337
0.5975244
0.4026408
0.3144388
0.6609997
0.5677144
0.257974
0.4048826
0.3460905
0.3545491
0.2073825
0.3048427
0.2361201
0.2538262
0.5131027
0.3700113
0.5722581
0.4079126
0.2880313
-0.04287917
0.2281459
0.6283269
0.6096206
0.5847899
-0.1701166
-0.3843832
0.2389971
0.2393573
0.4359392
0.2669113
0.2993332
0.5497423
0.3069231
0.06487064
0.545632
0.1399356
0.416229
0.3566952
-0.2557358
-0.00423621
0.4725479
0.6616431
-0.1875553
0.3392966
0.03220304
-0.4077426
0.07841848
0.06723972
0.07340767
-0.2632913
0.8483159
0.368016
0.6052599
0.4441576
0.7561095
0.430155
0.4378506
0.2794651
0.1794228
0.6210692
0.5559425
0.2679816
0.4832489
0.233936
0.3923903
0.1937882
0.3188682
0.1995897
0.379936
0.3113326
0.4959102
0.3561463
0.2538572
0.1930794
0.1619976
0.1828405
0.2877242
0.3801483
0.5350723
0.1814117
0.03184255
0.5695405
0.4025176
0.2692648
0.390668
0.3007826
0.4395991
0.2610615
0.09934926
0.2553928
0.2052645
0.2187262
0.3991755
0.0956589
0.2401782
0.3830172
0.2696058
-0.0477533
0.4414917
0.1152955
-0.115501
0.3230909
0.07412257
0.2476595
0.1463079
0.152019
0.4509793
0.3905661
0.7335631
0.2633894
0.2590112
0.1429938
0.188965
0.4570375
0.459141
0.23492
0.3555301
0.1675283
0.3222529
0.2596089
0.3464212
0.224986
0.3340454
0.2435386
0.3682838
0.3351344
0.06607016
0.02810932
0.08568155
0.1078464
0.1541149
0.2802692
0.5232244
0.2480672
0.05682289
0.5434816
0.3573861
0.2507556
0.3437611
0.3645503
0.446303
0.3758262
0.2670824
0.169025
0.2563899
0.0933696
0.2862045
0.01787781
0.1322353
0.3806794
0.2346573
-0.07926192
0.4168341
0.1327928
0.005257064
0.2938031
0.03424992
0.3622376
0.1139519
0.6695749
0.1259753
0.1979432
0.3822477
0.3634698
0.6209595
0.3007151
0.3629716
0.407968
0.3522593
0.2655689
0.1390628
0.2141779
0.2112672
0.3072689
0.01284961
0.2472333
0.3769903
0.5653888
0.04844558
0.1927721
0.2131169
0.09211357
0.1320767
0.3588992
0.3133772
0.3570227
-0.2672727
-0.2219254
0.03011428
0.2550821
0.205635
0.06727184
0.178109
0.2812669
0.3665123
0.05358873
0.5360832
0.4341838
0.4947163
0.3617752
-0.3004172
-0.09299066
0.3794039
0.513796
0.0672956
0.05025268
0.3650523
-0.2826053
0.09568949
0.2343
-0.167955
-0.2879665
0.051367
0.3198923
0.2984965
0.3137623
0.5467233
0.4518537
0.3393968
0.4120342
0.4163566
0.410859
0.0684337
0.2964274
0.2296611
0.3082967
0.1391877
0.550559
0.2202735
0.6242234
-0.004943244
0.1204848
0.1133827
0.2607732
0.2709186
0.0506497
0.2806448
0.3471879
0.05365688
0.02723799
0.4703812
0.4559536
0.1270251
0.4110601
0.42547
0.2055457
0.3418297
0.09521662
0.2228319
0.5189818
0.3062552
0.3798996
-0.1347893
0.04871911
0.4059038
0.1694346
0.1818751
0.3578366
0.4534128
0.0186938
0.4575051
0.2841749
-0.06988864
0.01620184
0.7506895
0.6194069
0.4997258
0.03007573
-0.01676929
0.2444215
0.1716684
-0.01313819
0.1422929
0.0005464205
0.08995083
0.3616186
0.4005508
0.1311045
0.07347866
0.2234417
0.4109597
0.3655798
0.214091
0.5734751
0.4539499
0.2749556
0.2582192
0.2732354
0.4522388
0.05993149
0.1218197
0.1428213
0.266017
0.2402663
0.0413774
0.2444691
0.4551927
0.1564861
0.2857633
0.3169593
0.03482048
0.2297051
0.3057897
0.2447489
0.3978627
0.09764621
0.3128274
-0.2032983
0.177312
0.004271359
-0.06803258
-0.04389185
-0.07733683
0.2704063
0.08796412
0.6034849
0.5774864
0.09648737
0.0520631
0.4119373
0.3359865
0.1335063
0.3751043
0.09233592
0.3349742
0.3013298
0.3414801
0.2982037
0.2024507
0.288878
0.3920835
0.2936271
0.2021414
0.3868901
0.3873494
0.2347815
0.2508351
0.2818108
0.5557029
0.1141707
0.01010996
0.4356755
0.3330704
0.3491864
0.2611397
0.2771135
0.5143765
0.243218
0.2542037
0.311609
0.07982745
0.1850041
0.373328
0.269983
0.393061
0.2924725
0.2713159
-0.2201749
0.3185627
0.01598082
-0.07388367
0.07430754
-0.01342519
0.3330412
0.1424281
0.8894704
0.3961856
0.472216
0.5030651
0.4274534
0.1476211
0.2979245
0.1916462
0.206827
0.2750969
0.2907913
0.2764072
0.206387
0.3995746
0.4003411
0.3664938
0.3072764
0.647536
0.483047
0.4397125
0.5145749
0.4259614
0.4264886
-0.3215907
-0.3790396
0.01774922
0.1328497
0.2108526
0.07646056
0.2260397
0.3393055
0.1237224
-0.03831848
0.2907645
-0.06294808
0.0901689
0.1648153
-0.05139714
0.1504179
0.2270686
0.450269
-0.346778
0.1470435
-0.05892539
-0.4376326
-0.09066644
-0.06602718
-0.1585826
-0.1507896
0.274293
0.3957068
0.5198782
0.4347589
0.1396666
0.237075
0.1726737
0.2103071
0.3460119
0.3488748
0.3347546
0.296723
0.5082792
0.3903509
0.3971334
0.3421672
0.6119741
0.482647
0.4450595
0.4232992
0.4188559
0.3873606
-0.249074
-0.4425167
0.01526102
0.06358659
0.2635356
0.137567
0.2659992
0.3542625
0.1089414
-0.04115514
0.3066249
-0.1377408
0.1232887
0.160122
-0.07088114
0.08047653
0.2556041
0.4109732
-0.3319784
0.1466743
-0.07228639
-0.418737
-0.05357072
-0.1184543
-0.1878346
-0.1682016
0.662599
0.2767774
0.3456239
0.2557225
0.3714037
0.1654248
0.2522005
-0.03881486
0.07935836
0.09254905
0.2061783
0.1736895
0.4786447
-0.005054701
0.2105694
0.2062754
0.09143068
0.3444166
0.4290085
0.4897414
0.3299246
-0.3024226
-0.264106
0.2287297
0.2509614
0.03315565
0.1230033
0.2320618
0.07380919
0.1808751
-0.1352479
0.3432522
0.4290569
0.2843191
0.2063011
-0.2984704
-0.1355006
0.2093063
0.3699537
0.1392356
0.1268407
0.1849128
-0.2927071
-0.0006730618
0.1029797
-0.2751521
-0.290541
0.2841578
0.2563219
0.2141244
0.2178077
0.1403159
0.1598226
0.05695596
0.1391435
0.08293085
0.298193
0.2248255
0.294689
0.1608769
0.07929654
0.2284876
0.3014062
0.3701598
0.2953773
0.3473527
0.3295605
-0.1615639
-0.1850145
0.1371197
0.2459336
0.05763053
0.192679
0.3260291
0.1155573
0.177663
-0.09728922
0.06621843
0.2452368
0.03838372
0.09828454
-0.2747817
-0.07240157
0.08474483
0.2294509
-0.04117935
0.2600346
0.1247224
-0.1707098
0.2021353
0.0598326
-0.2714217
-0.1711278
0.7904218
0.3719451
0.3480908
0.1599181
0.2538573
0.1274217
0.1932952
-0.02672011
0.191116
0.3564723
0.4012984
0.4485123
0.4372513
0.4113689
0.2350138
0.2645117
0.5672484
0.3722694
0.4383145
-0.005371425
-0.1517405
0.1547458
0.3045907
0.2689484
0.1015186
0.01840785
0.3485318
0.06960733
-0.04984934
0.234685
0.01580946
0.2329251
0.2624906
-0.2097814
0.04233389
0.1923531
0.3801243
-0.27521
0.272048
-0.02630988
-0.3888288
0.1221399
0.1504297
-0.01821628
-0.09374177
0.4638219
0.429718
0.1231289
0.3729243
0.2552965
0.1632946
0.1489719
0.3303475
0.2485068
0.357153
0.2771478
0.1622901
0.3349515
0.1004559
0.2383012
0.3833934
0.4127519
0.2920852
-0.07830127
-0.3066499
0.1584894
0.1386611
0.1519415
0.0633509
0.1231329
0.2283758
0.1113638
-0.0626785
0.2139215
0.03277788
0.1375142
0.1238534
-0.2647926
-0.1680111
0.1406336
0.3428821
-0.2400186
0.1541005
-0.03899146
-0.4212058
0.06990312
0.05466171
-0.1549846
-0.2309227
0.5782233
-0.1424905
0.3178389
0.3378362
0.1410744
0.22137
0.05815954
0.02686436
0.2212606
0.03171774
0.2119375
0.05985286
-0.01181952
0.32625
0.1021808
0.1923578
0.08330796
0.03347131
-0.04386113
0.2699446
0.1771351
0.1415304
0.04506265
0.2022349
0.007262753
0.08745585
0.05188784
0.2435778
0.1787248
0.1349843
0.007722868
-0.1886631
-0.1889083
0.08916034
0.05047697
-0.007228665
0.03973976
0.1581184
-0.2213458
0.1216838
0.1916604
-0.1090966
-0.3208107
0.1473794
0.4683567
0.1691528
0.2867288
0.279672
0.2837165
0.05015816
0.2747313
0.07461038
0.3308331
0.2011678
0.04039623
0.3335162
0.2922212
0.4405607
0.1724702
0.115826
-0.03373837
0.5428586
0.339821
0.256209
0.2319307
0.3304965
0.1874295
0.1756499
0.1571223
0.2719157
0.1738619
0.1605667
0.2016747
0.08475955
0.1127069
0.2070843
0.1744646
-0.05683265
0.2010004
0.07351232
-0.194398
0.253001
0.2092038
0.07375126
-0.1598334
0.03124768
0.07461599
0.3552358
-0.09149468
0.1313884
0.1951166
0.07410623
-0.00497984
-0.2151036
-0.06818095
-0.1575532
-0.1911063
0.2517655
0.1160688
0.07742382
0.01862131
-0.2137956
0.0795845
0.0540859
0.02513451
-0.04369354
-0.07118008
0.1262626
0.1135467
0.05237918
0.1456799
-0.02311397
0.1099646
0.1350771
-0.022745
0.01452211
0.1969642
0.2565711
-0.1414238
-0.002374632
-0.2144517
-0.05856005
0.2147941
-0.08256262
0.08643897
-0.1779262
0.07714151
0.1218772
0.1476057
0.2994974
0.005971499
0.1834754
0.06605681
0.1632914
0.1546848
0.05621214
0.1176188
0.1479507
0.2684105
0.1019498
-0.07544465
-0.132306
0.3462862
0.1117739
0.02863655
0.1627945
0.1728113
0.03718078
-0.07264215
-0.09566368
0.290619
0.1069402
0.06121565
0.06599842
-0.008056399
-0.008493759
-0.02826273
0.02405352
-0.05090477
0.13959
-0.05745459
-0.3029058
-0.04800354
-0.04259808
-0.09523144
-0.1152049
0.6894992
0.3712881
0.3604172
0.3637095
0.2784902
0.2304507
0.06888942
0.2970848
0.1912961
0.1037081
-0.01835387
0.1065248
0.1888184
0.08263941
-0.1204732
-0.02695928
0.06740459
0.1293329
0.08260022
0.4067936
0.3672596
0.3592895
0.3833103
0.2476938
0.107911
0.2293441
0.08335921
-0.0287541
-0.05494376
0.3132528
0.3012067
-0.1371473
0.1116465
0.1437242
-0.02021048
0.2175557
0.009232099
0.1575126
-0.3585403
0.1779797
0.4474336
0.4536279
0.5349696
0.2978754
0.1720151
0.2687004
0.1757795
0.04913402
0.1265546
0.1732104
0.2772067
0.1776443
0.02931438
0.09068721
0.3283927
0.2076405
0.109774
0.4172401
0.5168649
0.4948374
0.5886511
0.3137176
0.2859415
0.3684086
0.3203678
0.003874108
0.09639517
0.4615585
0.4442658
-0.02800744
0.159273
0.2287937
0.06850271
0.3922336
0.08245448
0.2567497
-0.1893804
0.2714012
0.1887482
0.1404758
0.2458185
0.2779175
0.1026182
-0.01559969
0.3889771
0.03664239
0.3430038
0.1142603
-0.2626856
-0.4183218
0.1198934
-0.1117993
0.227077
0.2077181
0.5087246
0.27925
0.2781945
0.1842248
0.1209588
-0.05226553
-0.1019286
-0.1120557
-0.04274571
-0.1409846
0.2308885
0.1415525
-0.01353399
0.009627357
0.06834946
-0.2418323
-0.1253804
-0.1979264
-0.091677
-0.2349363
0.3012209
0.4206832
0.1946858
0.09767787
0.1315688
0.2896613
0.2380716
-0.007441297
0.2920737
0.2896264
0.1072246
-0.004828924
0.2726434
0.2782601
0.1313644
0.4293525
0.5007588
0.3143016
0.3451575
0.2236694
0.0204103
0.3038955
0.04931708
0.2515857
-0.05068276
0.0676281
0.2890824
0.179444
0.02951273
0.2812556
0.289652
0.06977685
0.4489588
0.07759532
0.07726711
0.1162859
0.4540988
0.5169993
0.3835208
0.4340798
0.1592517
0.02365505
0.4324213
0.2353816
0.2858049
-0.1462804
-0.2569953
-0.07632491
0.04611687
0.3727458
-0.02630503
0.1767935
0.5687359
0.3703249
0.1924661
0.3840689
0.005477674
0.310951
0.2695106
-0.07770071
-0.01482561
0.4047562
0.4698706
-0.02225545
0.1795601
0.1287886
-0.07954979
-0.001492538
0.04054018
0.2467494
0.01999669
0.3448129
0.3087731
0.4455018
0.428417
0.3162857
0.327435
0.4271601
0.5364633
0.06544172
0.0880322
0.2801436
0.5022065
0.1910738
0.2351136
0.4295878
0.4854682
0.4683428
0.3430358
0.3413213
0.423656
0.4788613
0.4979282
-0.1059714
0.04833899
0.3847478
0.4090315
0.1192884
0.3284887
0.4537581
-0.1226381
0.2133177
0.3439111
0.08202088
0.04812837
0.5688819
0.439144
0.09251778
0.2187838
0.4943905
0.5108272
0.5121196
-0.06855534
-0.05645824
-0.04267874
0.2487092
0.4606429
0.2890292
0.4411457
0.6607056
0.3222348
0.2666305
0.2817697
0.0566652
0.306236
0.3272983
-0.09890974
0.1310533
0.3262058
0.5502188
-0.07976688
0.4396331
0.162239
-0.1948443
-0.00990329
0.1147624
0.2331271
-0.02922194
0.3925735
0.1501324
0.3664115
0.4869154
0.3455773
0.2414737
-0.2639108
-0.09339736
0.08355878
0.2425935
0.4477862
0.1131824
0.2011732
0.3336523
-0.008856732
0.04223085
0.3861489
0.08318858
0.2673522
0.2122365
-0.1336549
0.1411775
0.2700729
0.3491669
0.06216559
0.194321
0.02798887
-0.2675246
-0.1142367
0.03182348
0.05691808
-0.08976507
0.6159776
0.4786491
0.4548441
0.4845153
0.3400985
-0.1244243
-0.1413083
-0.004246923
0.1971812
0.144327
-0.03383426
0.1949566
0.3418831
0.07222044
0.05254802
0.3399241
-0.08469611
0.27547
0.2109827
0.03604844
0.09809684
0.07447803
0.3431493
-0.2523363
0.174228
-0.05475415
-0.3235906
-0.1204467
0.0371272
-0.05925791
-0.00441238
0.4128405
0.07049657
0.09871682
0.4146658
0.1793228
0.2625993
0.195359
0.426233
-0.01470379
0.1729034
0.1435413
0.2134567
0.004032586
0.05397264
0.02575947
0.09098667
0.09286138
0.3094069
0.2490779
0.3506676
0.04552588
0.01075277
-0.09278978
0.2930837
0.09856933
0.0221383
0.1742755
0.08693275
0.01977199
0.2652066
0.2589153
0.6124269
0.2626289
-0.1840033
-0.2278145
0.2592485
0.1712413
0.02628406
0.1386753
0.4952477
0.1125294
0.06735417
-0.02412287
0.1605962
0.1041404
-0.03492499
-0.05400949
-0.1667032
-0.1011558
0.05398052
0.1524233
-0.3345119
0.1723326
0.0703403
-0.3485704
-0.05294009
-0.02170514
-0.3628806
-0.05808418
0.5906081
0.4984536
-0.3436186
-0.3119434
-0.05872024
0.1611917
0.2471926
-0.1402175
-0.03875582
0.4040757
0.05941299
-0.08228745
0.6000198
0.01020138
0.3433635
0.2326421
-0.3237233
-0.001024679
0.2666538
0.6940438
-0.268124
0.06001192
-0.1104689
-0.565933
-0.1991188
0.1467927
0.03678563
-0.2269621
0.5455855
-0.1602339
-0.3195498
0.2825433
0.2887084
0.1885803
0.3182404
0.5356823
0.379587
0.3766902
0.1412625
0.4530215
0.2443542
0.3304207
0.2388921
-0.2219897
-0.03612728
0.2584163
0.5075448
-0.2315574
0.2880156
0.1722924
-0.4081191
-0.02673855
0.1422326
-0.09389063
-0.2260792
0.03037064
0.0871413
0.2703676
0.5779327
0.337512
0.4140695
0.3853798
0.638822
0.436874
0.30276
0.3906736
0.3765571
0.4654882
0.561355
-0.09567162
0.2680439
0.4697579
0.6245643
-0.1003409
0.4879344
0.3382855
-0.1379122
0.1904325
0.2684129
0.237724
-0.01106044
0.717227
0.4776932
0.478467
0.01843212
0.375181
0.1097595
0.05086884
0.2071279
0.4058084
-0.2081847
0.1824373
0.2088592
0.4058764
0.5718572
0.4450787
-0.09026591
-0.3177171
0.2619581
0.3494805
0.2824065
0.5689933
0.6326149
0.3575485
0.4940425
0.3889463
0.3301976
0.5844562
0.0134695
0.2566287
-0.03037215
0.06368314
-0.009141915
0.3158645
-0.1819429
0.3492303
0.1931128
0.4771954
0.5214694
0.6154726
-0.101833
-0.3274194
0.368306
0.3150949
0.3072971
0.6367527
0.4597542
0.440241
0.5260226
0.4554872
0.5373148
0.117928
0.3814162
0.3423839
0.0574997
0.1430512
0.1269997
0.1243532
0.34385
0.119749
0.3776966
0.396305
0.3219876
0.1651111
-0.1458016
0.1601694
0.4819015
0.218125
0.1973118
0.4034294
0.2261828
0.3088019
0.3674322
0.284295
0.5194401
0.3374625
0.422188
0.3709485
0.4805943
0.2681338
0.7182287
0.6068101
0.8346194
0.275048
0.6298751
0.3170827
0.2124694
0.1694657
0.6361538
0.4267096
0.2854408
0.5413268
0.5423177
0.3773327
0.1526046
0.2625162
0.3516969
0.5339753
0.3481852
0.3352505
0.3296928
0.1417609
0.3722578
0.4327843
0.06879004
0.2708594
0.3292485
0.3804687
0.2047801
0.3216527
0.3046993
0.04438945
0.1707766
0.2050272
0.374239
0.00239397
0.5936417
0.3100502
0.4684522
0.3577387
-0.0491466
0.3835819
0.2623924
0.4673742
0.1532292
0.408984
0.3101185
0.05478705
0.202127
0.6094125
0.4967634
0.3178941
0.557784
0.294746
0.1699344
0.08103864
0.4864455
0.6453791
0.4931581
0.1636907
0.3775277
0.2436848
0.2560267
0.02664507
0.06226494
0.3740577
0.2890485
0.08073537
0.5134889
0.5962728
0.0699882
0.3402156
0.187867
0.0707499
-0.05326359
0.6065451
0.5690826
0.3828235
0.2816657
0.4929259
0.5595766
0.05261929
0.3072813
0.4542389
0.644957
-0.0333124
0.4288971
0.4273302
0.03590878
0.1881536
0.2120089
0.4465542
-0.05834271
0.6988597
0.2007827
0.4509475
0.4271835
0.432415
-0.0088499
0.08285893
0.4710815
0.417203
0.08240972
0.305396
0.6667171
0.1500491
0.4167547
0.3612094
0.2681933
-0.03153541
0.1587735
0.3985413
0.4909401
0.5069729
0.1367986
0.2880281
0.236472
0.2313428
0.1064589
0.2774328
0.522457
0.4254707
0.4265849
0.3887915
0.4508685
-0.04382531
0.2410033
0.6551425
0.4291364
-0.177692
0.08740511
0.3757909
0.6428541
-0.02329873
0.08045251
0.1080516
-0.3407045
-0.1224247
0.1283959
0.1487331
-0.3458699
0.5124346
0.5909148
0.007859503
0.3014281
0.3895352
0.2010924
0.2422181
0.4170425
0.5306015
0.2647736
0.3743903
0.4481577
0.2336503
-0.05190054
0.7973775
0.05456058
0.3022122
0.3953895
0.53667
0.2377758
0.3527142
0.4311604
0.06087081
0.2350658
0.4978353
0.2992234
-0.2207126
0.329109
0.650621
0.4028043
0.3764216
0.2475138
0.5470472
0.4786799
0.2565521
0.4341841
0.5701928
0.5239163
0.1249649
0.6485691
-0.06699873
-0.3737652
0.2442516
0.2706675
0.1082343
0.4621641
0.1721904
0.09564085
0.5008674
0.517679
0.06714074
-0.0544464
0.1444304
0.4425914
0.1979222
0.4818599
0.3203842
0.2872658
0.5365018
0.3511703
0.5487654
0.05910166
0.3381
0.3321667
-0.04642802
0.2192887
0.228756
0.2817509
-0.08068806
-0.1595415
0.1469748
0.205587
-0.4047207
-0.03474356
0.1574125
0.08677718
-0.4151887
0.02620319
0.4212462
0.3758879
0.2409349
0.129317
0.2810605
0.1146544
0.4157579
0.2739792
0.4125711
0.3245817
0.2865166
0.2892966
0.3098783
0.39997
0.5078484
0.2905299
0.08527773
0.437377
0.1722721
0.4554918
0.4297637
0.4219131
0.3212952
0.2067397
0.3186127
0.077196
0.3104147
