0.1623402
-0.1911476
-0.07960634
-0.2572684
-0.1402325
0.01577355
-0.1850146
-0.2982915
-0.2518378
0.5636338
0.004054689
0.1367899
-0.2028103
-0.123405
-0.07166433
0.1850464
-0.05756662
0.5101232
0.3566484
0.06853705
0.1381751
-0.3347477
-0.3397805
-0.4529602
-0.284523
-0.1797539
-0.1598518
-0.1372744
-0.1006358
-0.3581802
-0.2153705
-0.009663114
-0.05430622
-0.3907676
-0.186945
0.06811324
-0.09949105
-0.3158073
0.1865844
0.07921268
0.1773311
-0.106835
0.1782655
-0.2302058
0.03056759
0.3751658
-0.04146725
-0.01816175
0.1897143
0.4470032
0.3418158
0.5067562
0.4619332
0.4350147
0.3510052
0.2809174
-0.02283749
0.3023815
0.2307654
0.190313
-0.007215737
0.174277
-0.04052131
-0.4069979
-0.08660208
-0.09311605
0.01003152
0.06536443
-0.01697072
-0.1462697
-0.0908745
0.02005243
0.009610679
-0.08172412
-0.1414485
0.2138277
0.1213803
-0.04840399
-0.3431088
-0.07222958
-0.1802296
0.003677003
-0.04854486
-0.09901123
-0.08691854
0.0006173109
-0.2156853
0.03992799
0.08820049
-0.2565865
-0.05789192
-0.1654159
-0.0379331
-0.3540265
-0.2282188
-0.1710563
-0.221109
-0.01995626
0.2693205
-0.03817984
0.04583928
-0.1585625
0.1583475
-0.2127586
-0.09425127
-0.1333993
0.2403637
-0.1809407
-0.3142026
-0.3202717
-0.05087595
0.07516891
0.01352008
0.01095104
-0.1214413
-0.07426397
0.1672544
-0.1042693
-0.1829983
0.023465
-0.1164013
-0.1358037
-0.5022778
0.1165402
-0.03504346
-0.2452756
-0.2439149
-0.4634002
-0.4142641
0.1375456
0.1785009
0.2732341
0.2295056
0.09251773
0.05779037
-0.2444011
-0.2201206
-0.0992008
-0.09125624
-0.1319963
-0.2220486
-0.1867006
-0.04550489
-0.290352
-0.4527582
0.1673865
-0.02206077
-0.08550367
0.003755969
0.03884389
-0.01771177
-0.01341853
0.3307752
0.1727346
0.167019
0.1009727
0.01580857
0.08893632
0.06198824
0.1518995
-0.04458244
-0.03215757
-0.09076214
-0.05723834
0.03380213
0.001290518
0.01431093
0.06655006
0.06841983
0.3480726
0.5276068
0.2311017
0.2142797
-0.0005889644
-0.1034555
0.166199
0.3460347
0.01564243
0.106488
0.2335239
-0.02227549
0.2566498
0.1825661
-0.08044424
-0.07951278
0.02361726
0.1333778
-0.1437953
0.1807446
0.1849332
0.04247122
0.08588908
-0.3109373
-0.08919594
-0.02977099
0.005719086
0.1369264
-0.1216544
-0.1903302
-0.2597444
0.08897783
0.02857881
-0.02246876
0.1752016
0.08673219
0.03591158
0.1087182
-0.2420559
-0.1071398
-0.06874968
-0.2043619
0.2748464
-0.01545078
-0.02626615
-0.1941922
0.1717383
-0.06816228
-0.3170937
-0.02748754
-0.07333337
0.04602589
-0.25789
-0.1610183
-0.2415383
-0.04251904
0.004805435
-0.05295174
-0.2092273
-0.2483849
0.0861795
0.1302472
-0.2236086
0.4195885
-0.2077195
0.1506936
-0.3169777
-0.2285993
-0.3071144
0.2530415
0.06582158
0.2950952
-0.04264753
0.1691718
0.1028473
-0.0783188
-0.01552508
0.1272828
0.2149173
0.4644627
0.1614088
0.3980857
0.1200336
0.4733001
0.08517548
0.1914793
-0.005258898
0.22033
0.03683375
0.0119302
-0.2616636
0.3824038
0.1750837
0.002869922
-0.06877606
0.007688782
-0.2300262
-0.197968
-0.1526813
0.002873656
-0.07992401
0.1743839
0.08435976
-0.09494822
-0.02582183
0.06084498
-0.1234789
-0.253099
-0.2434769
-0.2063379
-0.1050703
-0.1520938
-0.1955113
-0.1645397
-0.01698034
-0.2107215
-0.3077123
-0.06475826
-0.2009105
-0.03141047
-0.1805808
0.3930953
0.02813133
0.2089649
-0.1905209
-0.03416056
-0.2576634
0.07778046
0.1911632
-0.3028118
-0.4104261
-0.2556124
-0.03186691
0.02020421
0.07316827
0.09091497
-0.1004468
-0.1773013
0.1223286
0.08428556
-0.2481692
0.3733889
0.02301595
-0.00422034
-0.03704481
0.2945311
-0.07629127
0.0642313
-0.008850293
0.1728851
0.3468822
0.06790237
0.009730151
-0.1492497
-0.08151726
-0.1174423
-0.1447473
0.08901368
-0.01957338
0.1938948
-0.0198801
-0.01669949
0.006822814
0.002087529
-0.1809087
-0.04511014
0.03355144
-0.04304454
0.0762778
-0.279115
-0.0271663
-0.2329955
0.08484618
-0.03879782
-0.06150556
0.08766727
0.6624249
-0.03391211
-0.04676434
-0.2945243
0.1543681
-0.2101869
0.2248551
-0.4159102
-0.1280098
-0.1611823
-0.1675321
-0.3118898
-0.02477105
0.07745895
0.02559768
0.2453089
0.55165
-0.07113972
0.03359358
-0.2008036
-0.10593
-0.3518117
-0.3642065
-0.2885889
-0.06229896
-0.06932584
-0.1607905
0.07132878
0.4390342
-0.06761712
-0.3581454
-0.3371802
-0.2114681
0.01032438
0.3083155
0.1382242
-0.1396379
-0.1887953
0.06362867
0.09403339
0.06987151
-0.2620046
-0.163595
-0.2798511
-0.1805501
-0.05550924
-0.1274125
-0.2116442
-0.2633176
0.02874721
0.2814914
-0.1452756
0.1076774
0.1106249
0.446185
-0.2956345
0.2051193
0.2389657
0.495687
0.1587069
0.2831937
-0.1243151
0.2547501
0.3876315
0.2533371
-0.1572672
-0.07574482
0.1404984
0.202979
-0.08352045
-0.01337882
0.157609
-0.3319487
-0.3280887
-0.05263444
0.1409449
0.06602504
0.06589041
0.1310858
-0.4647588
-0.2284099
0.1252007
0.4209347
0.4779548
0.04807284
0.6564637
0.09450993
-0.09406234
0.08374933
-0.361663
-0.1012442
-0.04124653
-0.3592983
0.1228507
-0.2254204
-0.1632861
-0.2892278
-0.358537
-0.4494421
-0.3705851
-0.3641959
-0.4623982
-0.05760058
-0.2864439
-0.04785728
0.06200781
-0.2584607
-0.3051361
-0.3417868
0.3811627
0.1609571
0.08529406
0.4250657
0.2930692
-0.1879686
-0.1174078
0.2482284
0.09420629
0.1345165
0.1815029
-0.1047359
0.1225106
-0.3117978
-0.04612684
0.1449704
0.105318
0.1571146
0.2425482
0.2747489
0.2764662
0.2791239
0.4104625
0.1357969
0.0204484
0.1157268
0.04170834
0.05774909
0.02364459
0.1847468
0.09260391
0.1395594
-0.01043297
0.2216842
-0.01610345
-0.05886863
0.1511138
-0.3027379
-0.3078395
-0.01551689
0.04890584
-0.1667813
-0.009538505
-0.1120431
0.05008242
-0.1288337
-0.2975862
-0.2646919
-0.1996065
-0.2699864
-0.2949826
0.03553197
0.1362104
-0.04610746
0.0251293
0.01618354
0.1243804
-0.1635223
-0.201769
0.1333128
0.2824398
0.0965446
0.05218359
-0.07931305
0.1005408
0.3086948
0.3090945
-0.2976959
-0.2055008
-0.2524381
-0.3055561
-0.2048362
-0.06194649
0.1016066
0.1210518
-0.05776373
0.1281336
0.1962461
0.2249583
0.02887888
-0.05585157
0.2159685
0.02393088
0.02913071
0.03323918
0.1249707
-0.1188599
0.1523397
-0.02443575
-0.1012933
0.01465793
-0.01940209
-0.1882893
-0.2452953
-0.3799703
0.05188939
-0.02840167
-0.1900258
-0.1602195
-0.1306528
-0.09527253
-0.01309222
-0.2647645
0.1298023
-0.0266135
-0.1457332
-0.2303205
-0.09165749
-0.1939038
-0.1104769
0.01953449
-0.02197306
0.1330616
0.4235651
0.5843334
-0.1549702
0.1210509
-0.04850678
-0.002959184
-0.08917882
0.09209911
-0.3779878
-0.2141511
-0.3520606
0.01109382
-0.06378165
-0.005216385
-0.0756155
0.04383538
0.08326076
0.1454099
-0.06091552
0.249695
-0.1811101
-0.0303722
-0.09217018
0.01631266
-0.05696776
0.02783741
-0.08622263
0.000148957
-0.05115487
0.01549293
0.08423644
0.05626498
0.1146083
0.294929
0.09956428
-0.03563739
-0.2307227
-0.02274731
0.03045903
0.13541
-0.07199692
0.2740107
-0.07767444
-0.08115505
-0.02959651
-0.1470281
-0.131475
-0.08868184
-0.08555865
0.02639204
0.09003271
0.2700708
0.08051143
0.3017986
-0.1641594
-0.1215117
-0.07467475
0.2789361
-0.02294055
0.1553246
-0.1743303
-0.07809134
0.2543675
-0.01184134
-0.1197801
0.05024589
-0.02149229
-0.1668817
-0.1370047
-0.1356659
-0.07316357
0.03117384
0.02609091
-0.1708455
0.1556304
0.2255834
-0.168777
-0.02007299
0.2150474
0.04154188
-0.3669398
0.1793835
0.02243123
-0.04971485
0.2145609
-0.2008299
-0.06831789
0.2248077
-0.1484538
-0.1159406
-0.1346167
-0.2781792
0.2414121
0.02851755
-0.05814445
-0.1166594
-0.1186938
0.004882375
0.02732247
-0.06289674
0.109097
0.009825881
-0.08907442
-0.1591108
-0.08367066
0.005271839
0.216463
-0.07696697
0.09831184
0.2224875
-0.1428531
-0.2816874
-0.3127908
0.2412118
-0.05785538
0.08240003
-0.05450879
0.1555812
0.05417282
-0.1507117
-0.07712513
-0.007296844
0.2111337
0.4302288
0.1593263
0.3018368
0.2306582
0.198209
0.09666953
0.1509971
-0.03189016
-0.04667646
-0.1295382
0.2500767
0.08166453
0.3047117
0.09322297
0.1971504
0.04613774
-0.2070909
0.1102782
0.08787522
0.08975362
0.07124173
-0.07360691
0.2198056
0.09425096
0.01653445
-0.2473306
-0.2288802
-0.2666869
-0.3765373
-0.4855228
-0.2987583
-0.3801203
-0.4013341
-0.350811
0.01622874
0.138469
-0.1538179
-0.1698876
0.2072936
0.01044405
0.007986793
0.08860841
0.2382532
0.1885757
0.3713
0.07406434
-0.1333415
-0.2098058
0.2733109
0.1721135
-0.3704543
-0.2415383
-0.2366965
-0.2040035
0.04498229
0.1100539
-0.01879748
-0.1708281
-0.07499127
0.1827656
0.1939165
0.0475318
0.3532946
-0.04990528
0.08122318
-0.1944651
0.1740515
0.1793229
0.03286465
-0.09233573
0.1625641
0.3188446
-0.1865725
0.05190989
-0.408599
-0.4138027
-0.2930695
-0.382168
-0.04775736
0.1174563
-0.2924735
-0.01484722
-0.1761467
-0.08940167
-0.1396421
-0.221309
-0.2218013
-0.3203799
-0.2494596
-0.3178452
-0.1433762
-0.2889597
-0.3736009
0.03393609
0.06804047
0.3770096
-0.2575073
0.297028
-0.1599787
0.2064031
-0.2355923
0.01140751
-0.2779688
-0.1766785
-0.3318847
-0.1133582
-0.03976878
0.1491825
0.1930183
0.4985483
-0.1015879
0.03249576
-0.3051727
-0.08975729
-0.1637139
-0.1892678
-0.1323535
0.1104261
-0.03220187
0.18618
-0.04139767
0.2068031
-0.08527785
-0.1763643
-0.3546712
-0.238366
0.02334627
0.2714156
0.2027206
-0.1279399
-0.2258288
-0.1061154
0.01393771
-0.01448363
-0.3705049
-0.1711108
-0.3586454
-0.3617821
-0.1387956
-0.2938108
-0.279299
-0.3048504
-0.0583197
0.2123718
-0.2342934
0.06163314
0.1873535
0.6620392
-0.2353905
0.1760114
0.03340407
0.3128706
-0.09779143
0.1962535
-0.1891774
0.3612267
0.4485309
0.2848497
-0.01065842
0.1352096
0.2856147
-0.04655113
-0.06754242
0.03540523
0.03827549
-0.05669729
-0.03375319
-0.03024562
0.1446076
0.1346621
-0.05888592
-0.1080855
-0.3018963
-0.1843425
0.07446285
0.4832199
0.4465464
-0.01612334
0.5364605
-0.05260192
-0.1031236
0.1361829
-0.3731102
-0.1757775
-0.06126483
-0.4063332
0.01431432
-0.190088
-0.3364187
-0.2616564
-0.3283048
-0.5332634
-0.3986402
-0.3886942
-0.3430064
-0.108601
-0.1383781
-0.1935734
0.1418649
-0.2762928
-0.2344515
-0.08355814
0.4182417
-0.3614801
-0.08209117
-0.04938249
-0.1004762
0.1645712
0.1405026
-0.08812547
0.1495208
-0.4323377
-0.1311387
-0.1381635
0.2437535
0.2251303
0.2227784
0.3561926
0.2735318
0.1618927
0.379829
0.01554622
0.1810387
0.1217407
0.08034769
0.09914032
0.1575134
0.06519038
0.03305732
-0.0403894
0.1049454
-0.05923336
-0.1144896
-0.12028
-0.09915612
-0.1109625
-0.2498724
0.07372534
-0.1086054
-0.2729595
-0.2853233
-0.2637043
-0.1742503
-0.2916275
-0.3233971
-0.3676081
-0.3943484
-0.2866693
-0.3235462
-0.1986734
0.04802167
-0.269394
-0.2544513
-0.1315835
0.03245621
-0.1946998
0.05861623
0.1991361
0.3437043
0.1306705
0.01414582
-0.1979342
-0.2147696
0.2111887
0.1340008
-0.1798254
-0.04402868
-0.1818321
-0.2013129
-0.1948421
-0.07870246
-0.1012184
0.02247587
0.09484622
0.04034883
0.06060739
0.01717025
0.1842528
0.2336873
0.2683828
0.06866054
0.0239957
0.02171844
-0.05849675
-0.1477472
0.1802903
0.0204677
0.1071439
0.1016528
-0.1188904
-0.2459311
-0.3332871
-0.3332036
0.08688979
-0.0958513
0.001951367
-0.167773
0.02367941
0.1009285
0.1229683
-0.2004977
0.133129
0.02707514
-0.08741246
-0.2580749
-0.1719152
0.03949416
-0.01344469
0.129865
-0.1161139
0.2200283
0.06349816
0.2589186
0.1782514
0.3133275
-0.3529688
-0.1559808
-0.3314556
-0.1719291
-0.1734833
-0.1000233
0.004485808
0.2126256
-0.02804344
0.05872782
-0.1325639
0.1386084
-0.02482919
0.01690457
0.1340526
0.2849266
-0.1695159
0.1205701
-0.1279302
-0.08185415
-0.02607017
-0.008379348
-0.01342753
-0.1908042
0.01939462
0.09295384
0.08296872
-0.1583294
-0.2354995
-0.1875976
-0.06468245
0.06723991
-0.0114797
0.1806505
-0.01439931
-0.06468969
-0.04674252
-0.1144748
-0.1173676
-0.05064402
-0.1489341
-0.1548386
-0.07639034
0.02406752
0.1141373
0.3313982
-0.1795114
-0.1024802
-0.1331091
-0.02007609
-0.3002309
-0.0477576
-0.2812214
-0.02055151
0.123403
-0.06873232
0.07817479
0.1552314
0.2103366
-0.08057701
-0.1752205
-0.03736897
0.002030869
0.2171363
0.09001853
-0.0511593
-0.02241221
0.1921391
-0.1785597
0.0841171
0.1537555
0.06014004
-0.2177161
0.1597895
0.1225998
0.03118438
0.1733802
-0.3094402
0.1115318
0.1712771
-0.009297216
0.1500348
-0.136217
-0.1253735
0.03294274
-0.0002263782
-0.2312401
-0.178429
0.002165117
-0.1100957
0.02357905
-0.06683198
0.1880392
0.2033195
0.1621193
-0.1256602
0.1241161
-0.05680031
0.1447003
0.007258712
0.1980799
0.3155417
-0.1888162
0.01211561
-0.09758061
0.2788836
0.09049367
0.6468099
0.261061
0.1570063
-0.1180442
-0.4992931
-0.4700551
-0.4922171
-0.4345715
-0.1721473
-0.2320333
0.2498142
-0.008753668
-0.1011491
-0.1177226
-0.1993865
-0.1179058
-0.5034987
-0.3789044
-0.08002608
-0.1894602
-0.07991226
0.08124694
-0.06797496
0.002213006
-0.271238
0.1368872
-0.2007388
0.07965053
0.2618631
0.1311732
0.2115586
0.2396376
0.5783242
0.5420759
0.5845492
0.6059293
0.5327523
0.5987391
0.2370453
-0.2283289
0.3157212
0.1157428
0.09741764
-0.1057287
0.3539762
-0.0730699
-0.6054987
-0.4825938
-0.4208297
-0.2834975
0.06172167
0.04633287
-0.2692438
-0.2170678
0.2856511
0.2092739
0.006725592
-0.006117563
0.07176567
0.01647368
-0.05199649
0.01591527
-0.07414755
-0.1491877
-0.2121433
-0.1369553
-0.424962
-0.2641272
0.1706766
0.08464994
-0.09554996
-0.2816891
-0.2080365
0.0957617
-0.3532324
-0.1579085
-0.2507958
-0.1973485
0.310522
0.2032664
0.2899862
0.5414175
-0.1041368
0.1736883
0.009833247
0.3417856
-0.03895763
0.09250427
0.04776304
0.5449491
0.2383178
0.05644973
0.06687727
0.2669801
0.2010663
0.1684923
0.1480227
-0.1907359
-0.088093
0.2312233
-0.2126682
0.1779069
-0.2705107
-0.1945606
0.07704363
0.1623304
-0.09986151
-0.07932161
-0.2438633
0.08957851
-0.4377201
-0.3779353
-0.4173879
-0.2334348
0.03094373
0.07551707
-0.03775261
0.1780839
-0.3073116
0.01218459
-0.3452452
-0.2053771
-0.3596949
-0.1507845
0.008432162
-0.1986879
0.08849772
0.02517327
-0.02322225
0.05165146
-0.3401476
-0.2610966
-0.08904827
0.1117141
0.09085061
0.2004003
0.1614827
0.2576506
0.2888102
0.1590404
0.2053224
0.1429092
-0.1595251
-0.02219893
0.05673654
0.1778655
0.1288791
0.5244404
-0.1432318
0.1093931
-0.3144136
0.0999137
-0.4209605
-0.1311018
0.0161739
-0.04806155
0.1590172
0.005351047
0.3360278
0.2984471
0.3747168
0.2396098
-0.1662211
0.05160535
0.07665759
0.009753903
-0.05425128
-0.1260187
-0.1324881
0.002012018
-0.2425837
-0.2418381
-0.2594773
0.04072477
-0.04161826
-0.07337933
0.1407083
-0.0585942
0.1622331
-0.09798676
0.07472837
0.02947791
0.06106858
0.2270981
0.1650022
0.05874132
0.008615445
-0.04594559
0.03313951
-0.004482809
-0.007024917
-0.1608253
-0.1028663
0.2180406
0.03314199
0.1717575
0.1479422
-0.02631987
0.1569524
-0.0708565
0.1192846
-0.1510814
0.1541538
0.4075183
0.2014091
0.1243796
0.09565572
0.1868935
0.1534852
0.107683
-0.05396831
0.08283333
-0.1082278
-0.1138662
-0.1173338
0.1406777
0.09145338
0.5237498
-0.02780555
0.1190121
0.07387313
-0.2413464
-0.1877267
-0.1056879
-0.1267242
0.1757816
-0.1569708
-0.02613714
-0.01857628
-0.1582542
-0.0835427
-0.1834758
-0.004420446
0.1195744
0.1113135
0.1623535
0.1042026
0.0618017
0.2088788
0.2044952
0.05534169
0.1444352
0.09902233
0.001497064
0.114189
-0.1139962
-0.3344803
-0.001681978
-0.119151
0.1594235
-0.03635508
0.1596059
-0.1039792
-0.07826167
-0.1149166
-0.1978312
-0.2387308
-0.08478701
-0.0582811
0.02407027
0.08034769
-0.03754473
-0.05347131
-0.1165344
-0.1842568
-0.008399583
0.07330332
0.07760821
0.03753848
-0.2716609
0.0982999
0.009300702
-0.08743887
-0.08300504
-0.04592385
0.231099
-0.0299062
0.04499507
-0.1189905
-0.05635753
-0.1023135
-0.003560553
-1.034758e-05
-0.03387136
-0.001278386
0.06167017
0.04760279
-0.1003531
0.1207623
0.03934001
0.08178008
-0.1731895
0.163995
0.03576812
0.0113354
0.1007373
0.1990716
0.3275715
0.1083396
-0.08327263
0.1782853
-0.0664892
0.06226323
-0.03724622
-0.03619857
0.2115172
0.506182
-0.1181526
-0.176966
-0.2924364
-0.1574757
-0.1041816
-0.2134213
0.2494068
0.3552957
-0.08499049
-0.06806305
-0.1155293
-0.1774267
0.03128774
-0.02638224
0.1688173
-0.01807635
-0.2848828
-0.1320122
-0.02065838
0.05816296
0.09009123
0.02407646
0.01306572
-0.2254271
0.1126795
0.1814135
-0.0223984
-0.3461423
-0.04324392
-0.03608311
-0.007967077
0.1369612
-0.06521385
0.0881766
-0.1885022
-0.09148826
-0.1532032
-0.07884714
-0.1092606
-0.2037869
-0.07373661
-0.08426034
-0.1477964
0.02795318
0.1145553
0.2426379
-0.1666126
0.1371692
0.1910515
0.09865829
-0.1162765
0.04153837
-0.2486193
0.06153376
-0.03185379
-0.07283179
-0.1331196
-0.1618791
0.1410306
-0.04717397
-0.0729148
0.05882878
0.1753806
0.09405622
-0.104436
0.2286525
0.1655967
0.2771423
0.1305042
0.299582
-0.2771162
-0.1404012
-0.004700805
0.07598479
0.26528
0.1531502
0.1857625
-0.03882061
0.04754161
-0.04984352
-0.1827187
0.2294557
-0.1083933
-0.1450297
-0.1564214
-0.1099914
-0.2015122
-0.2740533
-0.08188472
-0.1728116
-0.2792227
-0.1493028
-0.1963426
0.07145476
0.08811517
0.03468833
0.1195547
-0.1840411
-0.1839844
-0.2325492
0.5692645
0.02030382
-0.06492079
0.1355179
0.1118008
0.07703708
0.02933084
0.3379553
0.02543255
0.3065775
0.1279256
0.3672417
0.3307417
0.5419262
0.4450334
0.6187798
0.3581787
-0.03665768
0.02598898
0.1575728
-0.1318975
0.1964003
0.1597956
0.04665145
0.01035079
-0.01971051
-0.1938951
0.09891253
0.03438868
-0.0104738
-0.1544801
-0.06603454
0.01772813
-0.02959614
0.01579199
-0.01580817
-0.04062213
-0.01068332
0.06033673
0.1518552
0.08544766
-0.3868231
-0.4087309
-0.2267578
-0.3472907
-0.1251103
-0.3010898
0.1247625
-0.1019063
0.04653751
-0.3028435
-0.1537871
-0.2316583
-0.3403961
-0.2549862
-0.1697998
-0.211945
0.0420118
-0.1085699
-0.07855208
-0.2629448
0.1141517
0.1337548
0.05330622
0.1875856
0.1978136
0.05519142
0.1309698
-0.02091507
0.1109031
0.1372823
0.2939596
0.07273177
-0.004157094
-0.2198864
-0.3990156
-0.11804
-0.2581094
-0.07980421
0.159435
-0.1749476
0.05932567
0.053697
-0.2523428
0.09352382
-0.1805314
-0.07926776
0.001336021
-0.08273977
0.1952703
0.09486311
0.1488303
-0.02218156
0.1900785
0.003297065
0.08161035
0.03481892
-0.1513478
0.1257605
0.1127278
0.2668378
-0.1991572
-0.1841542
-0.000777961
0.2031723
-0.1602906
-0.01533877
0.2614213
0.1883812
0.1349812
0.0103886
0.03377297
0.2054231
0.2261311
0.4126018
0.3539632
0.3575055
-0.1858971
0.01705056
0.002504184
-0.1386154
0.04390763
-0.02188377
0.1033743
-0.04850523
0.04172276
-0.05935796
0.05480083
-0.08464698
-0.08508435
-0.199748
-0.1357973
0.03255252
-0.08647144
0.03192304
0.01764397
0.04098898
0.01265067
-0.04508624
0.0601012
-0.06091302
-0.3867473
-0.3727854
-0.1566708
-0.1001212
-0.1291688
0.03022209
-0.003157127
0.07375547
0.1241941
0.09371617
-0.1106007
0.0489312
-0.2957819
-0.02973209
-0.1360644
-0.1273355
0.103579
-0.08183666
0.09832728
-0.1416123
-0.1403114
0.015437
0.1041589
0.1391273
0.1327677
0.07209682
-0.08281221
0.1381886
0.1453755
0.3555698
0.09683259
-0.07585568
0.0276014
-0.06745912
-0.3221965
-0.3375634
-0.02208204
-0.2196659
0.09301972
-0.02670738
-0.05525637
0.09267128
-0.3251319
-0.05588002
-0.03712367
-0.1594202
-0.2449354
-0.1337308
0.1849473
-0.026371
0.06694787
-0.06693682
0.05089906
-0.05163914
-0.04138826
-0.1703373
-0.1741067
0.02143929
0.1971544
0.1622515
0.5154707
0.2170072
-0.1181163
0.1046923
-0.03212726
-0.1292262
-0.1164846
0.08074468
-0.07180253
0.1267892
-0.2391133
0.3119019
0.1880132
0.102823
-0.1302646
0.14633
0.09281748
-0.1135072
-0.1986709
-0.02968751
0.06705063
-0.1277838
-0.03121812
-0.3008307
-0.2324543
-0.3096505
0.1045429
0.4517266
0.3742797
0.01630338
-0.2124001
-0.009181971
-0.3578804
-0.04684009
-0.1126711
-0.09643942
-0.0419583
-0.2144487
-0.06346969
0.3648656
0.03315534
-0.1037572
-0.2965344
-0.07417713
-0.3599617
0.308151
0.1242253
-0.0892947
-0.1398836
0.1134477
-0.1820155
0.3229344
-0.03281556
-0.1512796
-0.04707974
-0.09162177
-0.1223719
-0.1290945
-0.09809912
0.1876258
0.0611437
-0.106362
0.2768667
0.1814363
0.3392505
-0.1463628
-0.3825475
0.1773641
0.1421136
0.2278693
-0.03063132
0.04894294
-0.2388615
-0.2272379
-0.0484314
-0.4150639
-0.01109294
-0.01609414
0.03203211
0.1249694
-0.07527726
0.06593651
0.1660572
-0.2665148
0.0395813
-0.03746895
0.2026784
0.1128208
0.08956756
0.01436873
0.132766
0.1378861
0.03100344
0.02057523
0.08859982
-0.1127057
0.1754842
-0.01745072
0.08597892
-0.09773305
-0.0669842
0.01505495
0.2167085
-0.2164371
-0.1642057
0.1581191
0.04870486
0.1664912
-0.1332654
0.2571611
0.3349477
-0.06377473
-0.2538633
0.1872974
0.2758227
0.07566485
-0.07234777
-0.07026621
0.001104219
-0.0805258
-0.1571008
-0.2452942
-0.2172209
-0.2875585
-0.06064696
0.533842
0.4567361
-0.2386904
-0.217444
-0.07429278
-0.3963938
-0.1784611
-0.3081102
-0.344616
-0.2852924
-0.3069913
-0.2238138
0.4471212
0.2337237
-0.1633652
-0.301302
-0.09541619
-0.3933361
0.2073911
0.166197
0.02791118
-0.04934664
0.1546628
0.03866935
0.3725485
0.04020301
-0.1638766
0.08179873
-0.2249052
-0.1080091
-0.1059407
-0.02273894
0.07236403
0.1682245
-0.1493397
0.3531666
0.324453
0.4935226
-0.2488928
-0.1290953
0.1224122
0.1324751
0.1969283
0.09698693
0.02730166
-0.2415111
-0.09892497
-0.1388821
-0.2779376
-0.02791434
0.1014444
0.02106584
0.1876575
0.01817652
0.06186694
0.002649092
-0.1244307
-0.02229621
0.1399738
0.07646833
0.2225629
0.1153143
0.1183425
-0.005588398
0.3704766
0.07592571
0.1248034
0.008693719
-0.03081121
0.1308351
-0.007410326
0.1708473
0.4822594
0.1526929
-0.0354374
-0.3445137
-0.4686506
-0.3780293
-0.4477069
-0.04975251
-0.2272688
0.1870378
0.08800263
-0.03434654
0.03570528
-0.0460571
-0.09279769
-0.3216074
-0.4166917
0.008924608
-0.1146861
0.06768261
0.3252375
0.0423401
-0.1268804
-0.02311599
0.2187229
-0.2312138
-0.2360119
0.2852284
0.001245644
0.1712491
0.2824207
0.5691149
0.558856
0.6192756
0.5672331
0.5710886
0.5829477
-0.02583293
-0.1277423
0.3586733
0.1749816
-0.0714
-0.2310332
0.3912118
0.01946014
-0.4500229
-0.4538794
-0.1984165
-0.350083
0.09346233
-0.05512891
-0.3325335
-0.3154079
0.3883068
0.1630512
0.04299309
0.03506854
0.246509
0.07418128
-0.03493671
-0.1654243
-0.06470888
-0.1978412
-0.184482
-0.224746
-0.1806472
-0.2892966
-0.01075715
-0.06108595
0.08041659
-0.2855196
-0.2421549
-0.06431208
-0.2822739
-0.0514419
-0.2304228
-0.2177395
0.1757811
-0.005431258
0.2558502
0.4862753
-0.02719881
0.03560588
0.1462664
0.2540877
-0.03040088
0.01541934
0.09498689
0.3108483
0.03960982
-0.07745154
-0.1074247
0.1329018
0.01221791
0.198337
0.04747564
-0.03014215
0.1205629
0.2109787
-0.2290204
-0.3001513
-0.2241508
-0.2924985
0.0219136
0.1276566
0.09570213
0.2526094
-0.05366496
0.05948753
-0.1948025
0.002253621
-0.2161391
-0.137518
-0.02703166
-0.004980905
-0.087364
0.2195097
-0.07767474
0.1388957
0.1153586
0.299269
-0.1986157
-0.2133471
0.1285749
0.2046496
0.1524209
0.1054702
0.3378311
0.2672069
0.3866492
0.2984358
0.3382679
0.3536487
-0.1700582
-0.09736061
0.178075
0.02120346
-0.2098908
-0.07288004
0.1094188
0.1073057
-0.2220265
-0.05668247
-0.1028496
-0.1763452
0.004866266
0.02617143
-0.1351895
-0.2108695
0.1244037
-0.006397482
-0.1275842
-0.03718415
0.09946265
0.2163669
-0.1170478
-0.3175252
-0.01862008
-0.2336005
-0.2043365
-0.05303684
-0.1773076
-0.087274
0.05858641
0.02214059
-0.07895112
-0.2571913
-0.2742352
-0.1649759
-0.0004690196
-0.03440644
-0.3301696
-0.1870986
-0.1013692
-0.2652655
0.05338954
0.2655503
0.1977008
-0.07374268
0.169774
0.1816157
-0.1111633
-0.08007824
0.08591216
0.08507252
0.01017416
-0.3840309
-0.3345609
0.05689875
-0.2616477
0.2547275
0.1150076
7.291499e-05
0.0325378
-0.1654447
-0.08134492
0.07277349
4.187694e-05
0.2435747
0.318434
0.1766933
-0.0003741148
0.02862723
-0.1123728
-0.1145666
-0.2487238
0.1058868
0.05601211
-0.0771542
-0.01657429
0.1545683
-0.1081537
-0.2142643
0.0538286
-0.1150024
-0.01377023
0.09892071
0.1230325
0.0831216
0.2422973
0.2082568
0.3382906
0.1691234
0.08606666
0.2414009
0.1606441
0.09934495
0.06458977
0.04726829
0.02962276
0.1376907
-0.03030376
0.001636491
-0.1040338
0.1107116
0.03969317
-0.1690404
-0.1054943
-0.07009896
-0.1958854
0.04224321
0.03979846
-0.01975321
-0.1869173
-0.1449708
-0.1512678
-0.131476
-0.1499932
0.1153266
-0.1351664
0.03310265
-0.09540158
-0.2196759
0.0107317
0.0680821
-0.1868784
-0.2526003
-0.1152509
-0.03684065
-0.06873945
-0.08407202
0.04461294
0.004300019
0.115915
0.001245229
-0.08990386
-0.03670455
-0.2357942
0.1096573
0.03586328
0.1919888
0.1891381
0.1593751
-0.1468882
0.1646894
0.2292844
-0.1587298
-0.2074938
0.1087717
-0.03479047
0.04997465
0.1614283
-0.09024147
0.1960407
0.01338283
0.1920099
-0.1041882
-0.09271677
0.022439
-0.01909428
0.09249478
0.1254928
0.1425928
0.1968309
-0.02887908
0.1651184
-0.07413484
-0.06257646
0.09047206
0.2163198
-0.01836876
0.0656
-0.01973637
-0.001078421
-0.2094452
0.1152181
-0.01592231
0.05787281
0.002538234
-0.06636119
-0.0569429
0.0354719
-0.2412757
-0.3292572
-0.2939448
-0.2768667
-0.1958815
-0.342763
-0.05981924
-0.1453564
-0.03828295
-0.1426152
0.02920195
0.1601323
-0.2085995
-0.1714168
-0.100508
0.09478903
-0.01529258
0.1100283
0.01518553
0.1817442
-0.01741427
0.05106706
-0.02410088
-0.001312665
0.04286584
0.1867193
-0.2840868
-0.2485334
-0.2484513
-0.2557717
-0.1039795
0.1096819
-0.226531
-0.2140216
0.2430436
-0.1264466
-0.1373895
-0.1715018
0.1885544
0.03479269
0.09739449
-0.02161902
0.2601213
0.231337
-0.08795868
-0.03857401
0.1229788
0.1110336
-0.09518734
0.05925213
-0.3409289
-0.5266825
-0.07382358
-0.2122705
-0.03187097
-0.2923821
-0.01137742
0.01572827
-0.1129243
-0.1686973
-0.1368886
-0.3585271
-0.05157107
-0.3756801
-0.3682197
-0.1763514
-0.2182489
0.08371283
-0.1120541
0.3576225
0.6861892
0.5788681
0.4200556
0.3665006
0.2071404
0.07768367
-0.01627267
0.3886416
0.1667119
0.2249691
0.09539337
0.5169231
0.322319
0.2315703
0.01739729
-0.07289697
-0.09418866
0.05766718
-0.01387124
0.1688537
-0.2753896
0.1072365
0.002563213
-0.1104679
-0.1016189
-0.2920809
-0.2954385
-0.5252241
-0.445846
-0.4212032
-0.3150923
-0.2996653
-0.2852771
-0.2608507
-0.05661284
-0.5037682
-0.3165794
-0.1382053
-0.0145599
-0.2938018
-0.1833008
0.5258649
0.1602564
0.2461038
0.1103769
-0.4078657
-0.1965478
0.3143953
0.3205187
-0.1890831
-0.150595
-0.05882433
-0.1123248
0.01770553
0.05299892
0.05826163
0.0128929
-0.117989
0.0144376
0.2099627
0.09358083
0.4137675
0.1480947
-0.02926107
-0.02898832
0.1572071
0.1952778
0.06739587
-0.07215616
0.2199656
0.1229841
0.0641697
0.1253488
-0.2275684
-0.1003141
-0.4273997
-0.4610117
-0.1998077
-0.116706
-0.2640459
-0.4197429
-0.07438683
-0.1098869
-0.1623205
-0.4315209
-0.2544368
-0.1261551
-0.0381693
-0.1509199
-0.1524999
-0.2299636
-0.1881254
0.1545394
0.3611028
0.4112314
0.1373951
0.1208896
-0.0886638
-0.1035397
0.1918233
0.2175843
0.04936333
0.1020241
0.2527544
0.3624043
0.08951386
-0.1240423
-0.1478128
-0.1805337
-0.01780436
0.1659671
0.01722178
-0.2625407
-0.05712807
0.01474405
-0.1907929
-0.04617459
-0.2981459
-0.2771034
-0.5211324
-0.4533628
-0.3977836
-0.3332783
-0.4360967
-0.3784457
-0.1464671
0.1132027
-0.5373911
-0.1781907
-0.1785336
0.2635043
-0.50636
-0.1489051
0.3011664
0.3709846
0.01283562
0.149823
-0.3319195
-0.061115
0.3469836
0.357215
-0.2196459
-0.1087031
0.1334566
0.007785321
-0.07154348
0.03861093
0.09161248
0.1146192
-0.1260831
0.01760587
0.1576748
0.1153687
0.2868779
0.1833455
-0.145113
-0.1073265
0.05944515
0.3103136
0.236852
-0.0127778
0.3703676
-0.06647359
0.09459136
0.200332
-0.2052311
-0.02714778
-0.2208837
-0.4809345
-0.1556981
-0.2115171
-0.2794299
-0.4739849
-0.08365471
-0.2944025
-0.3297291
-0.4678784
-0.2089512
0.001611835
-0.03799738
-0.096751
0.05558152
-0.1242888
-0.126652
0.06707789
0.617159
0.5875757
0.4550984
0.07968992
0.3211632
0.416487
0.2002564
0.3634894
0.2116921
0.5931024
0.2370235
0.1752168
0.1683975
0.1821856
0.08798062
-0.127687
-0.1739391
0.1777345
-0.08407826
0.3482112
0.1256018
-0.2678546
-0.0867935
-0.06761716
-0.3758077
-0.5411977
-0.5339993
-0.5030608
-0.5035878
-0.4469739
-0.3991011
-0.1508596
0.03182137
-0.4650223
-0.4592589
-0.2956126
-0.3237397
-0.05434966
-0.1158512
0.535318
0.1950497
0.3911503
0.09914921
-0.05828636
-0.2135993
0.1665334
0.07942514
-0.2581838
-0.2783912
-0.1540958
-0.08013828
0.06433157
0.07324725
-0.05727071
0.2656046
0.18904
0.2150783
0.03661936
0.009334403
0.4095915
0.1424938
0.2451901
0.09808086
0.03164415
-0.1069694
-0.2509099
-0.1376701
-0.09979107
0.05975727
0.2342024
0.09494793
-0.08429979
-0.09610366
-0.2720046
-0.3113402
-0.03008298
-0.135898
-0.004834708
-0.2305645
0.1223351
0.1491822
0.1339786
-0.3778552
0.0221064
-0.07068767
0.0632426
-0.1245881
-0.3220987
0.0447779
0.006875624
0.3775393
0.2233898
0.2379875
0.02353365
0.130374
0.1301077
0.1250019
0.37029
0.3280874
0.3844335
0.3912698
0.1390666
0.02382912
0.07012297
0.09097188
0.0496754
0.09714673
0.0899952
-0.01948146
0.1627851
0.2167722
-0.3001345
-0.1824276
-0.1232083
-0.2379923
-0.496238
-0.5251045
-0.5456141
-0.4957495
-0.5104721
-0.3791827
0.08321511
0.1356444
-0.3333237
-0.2282999
-0.09005147
-0.03574866
-0.2572096
-0.1825389
0.3315022
0.2788647
0.2753108
0.3031332
-0.09587712
-0.03680273
0.2961025
0.1597268
-0.3545927
-0.1695722
-0.09344371
0.009364369
-0.09727443
0.06661984
0.05707413
0.1905857
0.05263827
0.1342435
0.1295786
0.2337356
0.1442694
0.07229405
0.1086088
0.1027296
-0.1027229
0.0632532
-0.1016797
0.1059814
-0.02631762
0.06753295
0.1461064
-0.04299873
-0.1035311
-0.06819574
-0.2418097
-0.3152825
-0.05754401
-0.05631256
-0.09310114
-0.2438128
0.1263517
0.06514035
-0.02105569
-0.191662
-0.04131152
-0.06908407
0.02534599
-0.08397834
-0.1221417
0.0463253
-0.003278097
0.2282342
0.3824932
0.1792261
0.1504479
0.3155822
0.07341537
0.1724504
0.001221305
0.4144487
0.09185298
0.1793065
0.2081178
0.1158983
0.09721798
-0.3337195
-0.1917899
-0.05472402
-0.04673748
0.3198929
0.1671705
-0.2009743
0.04992216
0.1225348
-0.1264382
-0.1410182
-0.2305336
-0.2124259
-0.04617308
-0.2111384
-0.1237192
-0.1059248
-0.02697186
-0.3192006
-0.3362677
-0.3393582
-0.3814374
-0.09400541
-0.3159324
0.230273
-0.09020248
0.0941029
-0.1760947
-0.0124224
-0.3420099
-0.1167915
-0.1139372
-0.3072161
-0.4750905
-0.422661
-0.3534298
0.01098308
0.1687225
-0.05324043
0.2213881
0.1628452
0.114243
-0.1136176
-0.236223
0.3531022
0.1196761
0.2542838
0.02770491
0.1710961
-0.2132566
-0.3138825
-0.01882136
-0.242487
0.0293441
0.1220628
0.07178561
0.01949053
-0.07714508
-0.2083852
0.009800262
-0.1435493
-0.04713023
0.02827474
-0.0659616
0.1394811
0.1366216
0.1843912
-0.3187369
0.266508
-0.119808
-0.121409
0.1331975
-0.2846961
0.1075162
0.02182292
0.4605611
0.05340734
0.1536587
0.2193205
0.2286303
-0.0894876
-0.09984562
0.2481385
0.1310696
0.1371291
0.142736
0.1263504
0.08931667
-0.08031572
0.05395695
0.02795549
-0.06798489
-0.001509403
-0.1216941
-0.1840218
0.07695324
0.002926617
0.07081369
-0.02546499
-0.1318283
-0.07226732
-0.08727238
-0.04631708
-0.09460227
-0.3476473
-0.2334763
-0.1106443
-0.2137936
-0.279176
-0.1824563
-0.09776669
-0.1529973
0.09257663
0.08455751
0.01053018
-0.03278683
-0.2309969
-0.1001771
0.09306171
0.03116476
-0.1143342
-0.1774345
-0.1839747
-0.2844897
-0.1347204
-0.09619826
-0.1539506
-0.07321842
-0.009993811
-0.1213339
0.03670849
-0.05493072
0.0402978
0.09652842
0.3748536
0.08472409
-0.09873513
0.06779122
-0.2962296
-0.1272135
0.0007904417
-0.1015559
0.03477024
0.00133293
-0.02197449
-0.1968374
-0.1560775
-0.01992092
0.162299
-0.06257059
-0.117229
0.01336014
0.02826256
0.1146717
0.2706073
-0.2715282
0.1678952
-0.1589112
-0.1013053
-0.05387459
-0.07304497
0.1402345
0.08266104
0.325371
0.5352925
0.5219047
0.198801
-0.01394635
0.04540329
-0.02035643
-0.2759683
-0.07530917
0.08245663
0.1936927
-0.06515084
-0.1678726
-0.2343454
-0.1205949
0.05813759
0.2956659
0.08687745
-0.0692616
0.1599228
0.0482911
-0.06396216
-0.03390736
-0.07529818
-0.113301
-0.1125744
-0.08885106
0.011852
-0.02164007
-0.2258298
-0.07957804
-0.3538866
-0.05160926
-0.246177
0.2004014
0.05340539
-0.1125961
-0.3107211
-0.1383689
-0.2791562
-0.01440701
-0.1417143
-0.06579274
0.005834204
0.2863661
0.2220553
0.01592904
-0.01403141
0.1827731
0.1980324
0.2084512
0.4130024
0.06682093
0.2250507
0.005408609
-0.1180578
-0.2300947
-0.1830313
0.3333779
0.1387586
-0.1393718
-0.3090738
-0.2081689
-0.1605766
-0.2744711
0.01142914
0.08728433
-0.1257188
0.3452914
0.2036428
-0.03535298
0.1720936
-0.2379338
0.06535875
-0.006166673
0.1706273
0.2538299
0.1807969
0.09630606
0.2294256
0.3549833
0.2589428
0.2892677
0.1789924
-0.1008899
0.1718375
0.09332731
0.1072131
0.4608398
0.2445457
0.1243271
0.3738827
0.039845
-0.2612153
-0.1983346
0.07094514
0.1744654
0.07282966
-0.04770259
-0.2355451
0.05792994
0.1626508
0.1807051
0.009462321
-0.3093079
-0.0649355
0.03504771
-0.2410153
-0.1388417
-0.168147
-0.1966742
-0.273437
-0.07240469
-0.0896483
-0.06924006
-0.1019904
-0.09518377
-0.3153132
-0.2052232
-0.2569269
0.1630829
0.2062525
-0.01174574
-0.09030925
0.01072567
-0.04206714
-0.00165579
-0.213391
-0.1790404
-0.211871
0.2025701
0.1551254
-0.01351905
-0.04207107
0.1570305
0.2088506
-0.0372598
0.3819321
0.4139215
0.194335
-0.2014024
-0.007889526
-0.08525587
0.01171142
0.3315848
0.1244214
-0.239996
-0.3766112
-0.4975268
-0.2166328
-0.4032526
-0.1029528
0.1793916
-0.1171866
0.1833651
0.08519287
-0.08054909
0.1487233
-0.1562891
-0.1287202
0.1040508
0.1119568
0.2839814
0.2676589
0.1557031
0.03848667
0.1846773
0.006142179
0.2385302
-0.04627773
-0.2567375
0.304597
0.2999922
0.3015273
0.4752509
0.09713094
0.1701993
0.2564291
-0.04489993
-0.02703263
0.1245183
0.4073338
-0.05406868
-0.06086537
-0.2668937
0.08203189
-0.116136
0.1610183
-0.0489819
-0.1534493
0.09807305
0.04044829
-0.1641419
-0.2238757
-0.1596077
-0.1636153
-0.1450104
-0.005536286
-0.05636581
-0.266421
-0.264726
-0.2493205
-0.3642463
-0.2650771
-0.2784658
0.03742049
-0.01572341
0.09447728
-0.2427109
-0.03471216
-0.149294
-0.1815201
-0.3481293
-0.1204401
-0.08250506
0.2185041
0.1475567
0.02585707
-0.05965466
0.1520554
0.09320831
0.0381646
0.3086821
0.2647113
0.06908139
0.0243913
-0.06742814
-0.02876026
-0.04934945
0.2568917
0.2534983
-0.1479304
-0.2640688
-0.2150703
-0.1018311
-0.2185981
-0.1317789
0.2876947
0.06913211
0.2794635
0.1713528
-0.04305503
0.07457807
-0.224313
-0.1337468
0.0752024
-0.1038882
0.1957944
0.2505698
0.09314335
-0.008306786
0.1752467
0.225513
0.2836674
0.1083534
-0.1349923
0.06354794
0.07878654
0.2728602
-0.1543628
0.09185393
0.09457057
-0.08466521
-0.1907792
-0.1481017
0.1087304
-0.1182595
-0.271963
-0.312346
0.09385304
0.1618963
-0.1133977
-0.3807363
-0.2346392
0.02292342
0.1602454
-0.05836873
0.1323947
0.1066942
0.06889591
-0.01809979
-0.02053147
-0.02507007
-0.4657838
-0.421045
-0.1591713
-0.2232542
-0.187149
0.09334491
0.01073981
-0.1936752
-0.07852852
0.04806963
-0.1411549
-0.1031069
-0.2332464
-0.1843437
0.07877468
0.04652581
0.2946357
0.1854015
0.3691324
0.0990572
-0.02981408
0.1802868
0.03639395
0.184615
0.06834166
-0.1163407
-0.2360803
-0.2722302
0.006994567
-0.04932445
0.03376329
-0.004749221
-0.2107056
-0.2025999
-0.2330838
-0.1839923
-0.03053044
0.01518983
0.2691475
-0.01535192
0.1647673
0.196917
-0.1733503
0.1569998
0.03002617
0.10132
0.02511617
0.06690959
0.3343531
0.08068446
0.04114251
0.1308974
0.2819253
0.1841709
0.1539652
0.08836984
-0.09510091
0.1487767
0.2359135
0.2595791
0.5067015
0.2973976
0.1810934
0.03037518
0.04674879
0.1023349
0.2402629
0.2384153
-0.1331169
0.1553764
0.03829567
0.1601181
0.2571859
-0.04807282
-0.3238267
-0.2476436
-0.3467768
-0.3865209
-0.3746647
-0.2929672
-0.3032677
-0.2043373
-0.2674598
0.2333969
0.1791946
-0.07471187
-0.06154791
-0.07774627
-0.2057351
0.1557287
-0.04035678
0.2887094
0.0187879
0.4903498
0.3033787
0.2896335
-0.06799868
0.1856946
0.1510206
-0.1596182
-0.02942741
-0.1777924
-0.07421251
0.1990426
-0.00486181
-0.05814879
0.2228057
0.2135253
0.1003617
0.1244389
0.08936295
0.2999541
-0.09061202
0.02509159
0.1158402
-0.02156302
0.0124017
-0.1406255
-0.08515445
-0.2325751
0.09788073
0.006664468
-0.1180516
-0.03852849
-0.2640274
-0.189768
-0.2967041
-0.1610528
-0.09949481
-0.02675468
-0.1505807
0.05066021
0.08651389
-0.1674821
-0.2368512
-0.1807889
-0.1783218
-0.1080343
-0.1984516
-0.1477978
-0.1432551
-0.03367588
0.181707
0.1019219
0.06801063
-0.03564653
0.09019597
-0.05647848
0.1159755
0.08057309
-0.09375991
-0.0254291
0.01741976
0.1090319
0.1549157
-0.1962589
-0.2627395
-0.201922
-0.4151233
-0.2745597
-0.4012475
-0.2920165
-0.3717686
-0.1885701
-0.1357041
0.1490335
0.1266149
-0.2527883
-0.1991822
-0.1436535
0.05192024
-0.08030562
0.01290637
-0.001956635
0.04491146
0.09273498
0.2769581
0.06155877
-0.08791525
0.2259614
0.04123362
-0.229289
0.06778945
-0.0253373
-0.2007388
0.1206875
0.2095963
-0.3724439
0.3211455
0.4297605
0.01925932
-0.1080198
0.03301472
0.2061845
-0.06786182
0.1460102
-0.04485444
-0.1562042
-0.2223741
-0.2217117
-0.09590897
-0.3297845
-0.1271718
0.0003503344
0.04945406
-0.05570251
-0.2103295
-0.1702714
-0.138191
-0.2658646
-0.2360608
-0.05133003
-0.1458345
0.1405999
0.01470043
-0.2058795
-0.218107
0.02785074
-0.236988
0.04869278
-0.1716496
0.02557272
0.08216312
0.08101459
0.3608287
0.5172931
0.198127
-0.009844687
0.1103574
-0.1151994
0.06535177
-0.06368427
0.1411246
-0.1953886
0.3014476
0.1391053
-0.2008862
-0.1004382
-0.0400659
-0.1986746
-0.396207
-0.4259379
-0.4411906
-0.3150029
-0.3212975
-0.4282392
-0.07159242
0.1688433
-0.2328092
-0.2223421
-0.003986689
-0.2256845
-0.1362439
-0.1159418
0.6076535
0.1169431
0.5728798
0.2969253
0.004765559
-0.09500793
0.1621711
0.1721542
-0.2310072
-0.2053324
-0.1169635
-0.06403034
0.1063813
0.02177645
0.07682202
-0.02587258
0.02941551
0.1997627
0.209906
0.1511159
0.3816193
0.08895049
-0.1489972
-0.1137795
0.132729
0.07603232
0.04801278
-0.153834
0.0915889
0.3172586
0.1633475
-0.01368714
-0.02732525
-0.03338653
-0.2917315
-0.3707252
-0.03529885
-0.006187553
0.05571418
-0.2287251
0.03059056
0.005494623
0.06027055
-0.3159742
-0.1110544
-0.05540532
0.01513913
-0.1910581
-0.1896731
-0.2400683
-0.1761623
0.1744441
0.1827908
-0.09645288
-0.1228717
-0.2237693
0.149782
0.2674088
0.09338687
-0.1102324
-0.02710755
0.2598088
-0.1605932
-0.07541463
-0.2008297
-0.2175367
-0.3560602
-0.4272945
-0.3103418
-0.2340048
-0.2236488
-0.3672412
-0.05637435
0.2048422
-0.1247202
-0.02682643
-0.0004809173
0.1072485
-0.2709572
-0.05545348
0.4644687
0.3676487
0.3155674
0.4895476
0.001173961
0.275872
0.2636965
0.1204218
-0.3586111
-0.2464699
-0.1778859
0.05726009
0.06828302
0.08115173
0.1485738
-0.2421708
-0.09200497
-0.08090636
0.3062781
0.2162587
0.2256789
0.2153475
-0.1946622
-0.1077617
0.1850509
0.2179874
0.1779662
0.1089143
0.3710113
0.2379466
0.1691647
-0.1332267
-0.2481267
-0.1316919
-0.1396446
-0.38552
0.01315239
-0.174685
0.01298515
-0.2120247
-0.2272275
-0.1543925
-0.137133
-0.2887421
-0.1979462
-0.03573576
-0.2095861
-0.05907469
-0.05092315
-0.1273895
-0.1727144
-0.1226435
0.3927334
-0.05303118
0.3658894
0.3063693
0.3992956
0.06524342
-0.1684515
-0.02507131
-0.1831022
0.2400583
-0.01484822
-0.13992
0.02468996
-0.1068101
-0.152241
-0.05452798
0.07133262
-0.0287641
0.002844046
0.1355298
0.2391754
-0.08829308
0.06026781
0.09717017
-0.1364559
-0.02570378
-0.01173259
0.2375574
-0.04136989
0.1341027
0.112671
-0.1332491
0.2200308
-0.04369154
-0.06806746
-0.09627822
-0.1853404
-0.2320838
-0.2749634
0.1873564
0.3303288
0.08265176
-0.227394
0.02518305
0.1610829
0.432448
0.5076093
0.2258499
0.1320023
0.001817612
-0.1648142
0.259776
0.2190403
0.09702722
-0.03126096
-0.009266938
0.0005175646
-0.1827001
-0.01152496
-0.4339049
-0.3571934
-0.1974563
-0.1690168
-0.1524041
-0.07605723
-0.2811876
-0.3863236
-0.3829641
-0.2154299
-0.1029294
-0.3126618
-0.2802017
-0.4460023
-0.3220851
-0.2518911
0.08889071
-0.3737231
-0.2883285
-0.01739696
0.0439202
0.09128973
0.09531479
0.1144974
0.1058455
-0.00411979
0.2368957
-0.2950662
0.07088422
0.008619704
0.004160755
-0.1042551
-0.1932199
-0.2248864
-0.2446812
-0.105028
-0.1008306
-0.06258038
0.04867148
0.1126489
-0.1406752
-0.2000945
-0.05053399
-0.2315129
0.01014403
0.1212173
0.11057
-0.1445833
0.05984316
-0.1579431
0.0297449
0.0094536
-0.1594633
-0.1643034
0.01785255
-0.05356033
-0.2483352
-0.2595512
0.3347274
0.2273305
0.0012463
0.06951034
0.2750856
0.1973584
0.276437
0.1480289
0.1545771
0.1287212
0.128136
0.05704654
0.02812293
-0.03249483
-0.02154219
-0.03835851
-0.2542745
-0.08645846
-0.02896183
-0.09272279
-0.160441
-0.2343606
-0.06414624
-0.06795822
-0.155788
0.01130833
0.04094847
-0.1796877
-0.1242282
-0.06729082
0.05201305
-0.1002708
-0.06090952
-0.2118642
0.04439711
-0.1474342
-0.08522048
-0.08648644
-0.09290942
0.1477523
0.215091
0.1227961
-0.07515078
-0.08574305
-0.1822112
0.03055334
-0.03066628
-0.1390731
0.1609179
0.3034302
0.2868144
0.1123005
0.1530146
0.07360329
-0.03491558
0.1462169
0.1032351
-0.1215789
-0.09829283
0.3013724
0.1285054
-0.2289711
-0.2343326
-0.05611663
-0.08005351
-0.008836274
-0.1830601
0.07674676
0.01293832
0.128126
-0.1315569
-0.1945899
-0.08724673
0.2235752
0.1733434
-0.05480661
0.162112
-0.0124171
-0.1128419
0.1255896
0.2155574
-0.05884959
0.1252252
0.01676291
0.1288668
-0.2345286
-0.192026
0.1342127
0.19346
-0.1929518
-0.2681509
0.0007054974
0.01492244
-0.1416299
-0.1173894
0.2613222
0.1065514
0.4307086
0.2905962
0.2208278
0.1382221
0.09653169
-0.0200678
0.1639303
0.05136539
0.2049565
0.3235833
0.2621939
0.07113572
0.1715762
0.3758718
0.2805247
0.08655137
-0.01237287
0.06254228
0.08559986
0.1015912
0.2945809
0.155497
0.04355158
0.06538728
-0.1437945
-0.1104807
0.04485784
-0.03774057
-0.04136281
0.03260428
0.04009228
0.09132875
0.1940819
0.1022921
0.1328344
0.1866824
0.03827849
0.1307975
0.09860472
0.2100326
-0.1320371
-0.1252285
0.1382785
0.1047035
-0.008910511
0.0186898
0.1267713
0.08712934
0.002396053
-0.1041307
-0.124459
-0.1067371
0.09158185
0.07071526
-0.2268826
-0.0009831805
0.07419515
0.05947458
-0.02776903
-0.1344652
0.1209452
-0.1313111
0.02208958
0.1776555
0.02859593
-0.1144449
0.1472244
0.05913362
-0.09173857
-0.08451055
-0.2007794
-0.0108095
-0.2135905
-0.05471513
-0.2362971
0.05428015
-0.07978925
-0.2953336
0.1613046
0.09507438
-0.08724409
-0.05707409
-0.04608034
-0.04334232
-0.04783801
0.152551
0.05180553
-0.05953573
-0.1551732
-0.4210383
-0.218351
-0.0467609
-0.110413
0.04729321
0.06283579
0.1754512
0.4777302
0.2071368
-0.2084321
-0.4102501
-0.09908998
0.05770031
-0.2107724
-0.2904665
0.1578606
-0.1796727
-0.06753868
0.01213555
0.06540052
0.1772823
0.005765872
0.117926
0.2840403
0.2892274
0.4405408
0.2115582
0.1367736
0.01487101
0.2192113
0.09482347
-0.009160536
0.2244884
0.4034163
-0.1257285
0.08241568
0.09150098
0.01321225
0.04522113
0.1405419
-0.01023162
0.06256491
0.1950114
-0.02069887
0.1039865
-0.27925
-0.006402283
-0.01869881
0.4738858
0.4952682
0.01415631
-0.1124868
-0.2105671
-0.1093262
-0.1123619
0.2557691
0.243368
0.01090697
0.106289
-0.1143611
-0.06728728
-0.1096257
-0.2355999
-0.1391302
0.03937384
-0.282055
-0.120411
-0.2160869
-0.1823912
-0.4086854
-0.3619941
-0.166804
-0.2175827
-0.1420474
-0.4852412
-0.1800723
-0.05509329
-0.303864
0.2258695
-0.3963914
-0.198313
-0.2529428
0.04489262
-0.1924878
-0.3964238
-0.06906924
0.2074029
0.008905364
-0.2474299
0.2214632
-0.2135771
-0.1955029
0.00537351
0.002194764
-0.04130874
-0.05510106
0.2215476
0.397
0.2645416
0.4603938
0.2225514
0.3365864
-0.2199594
0.08776978
-0.03791421
0.1143629
0.06433139
0.3019228
-0.227361
0.2736445
0.1500674
-0.004292865
-0.183667
-0.0168953
-0.1096719
-0.1455164
0.1349436
0.1427073
0.1313869
-0.3800139
-0.116051
-0.1002431
0.4747033
0.5808411
-0.152489
-0.1765166
-0.1567477
-0.1546702
-0.1530596
0.360076
0.3427224
0.1771887
0.3619276
0.003465642
-0.3528411
-0.004552391
-0.4326731
-0.2838142
0.05229358
-0.2757697
-0.03568662
-0.07840877
-0.2724349
-0.3046009
-0.6052368
-0.3744813
-0.3127929
-0.2073662
-0.4361916
-0.318858
-0.3089374
-0.2736837
0.2194497
-0.2884186
-0.3033647
-0.3277534
0.3823055
-0.06025196
-0.2168428
0.2915398
0.2104178
0.004925373
-0.06261551
-0.2266159
-0.09224029
-0.02947986
-0.1091659
0.005466497
0.01758825
-0.1531205
-0.03681935
-0.06597386
-0.06698595
0.1033705
-0.02262769
0.1719767
0.101092
0.1492942
-0.01096389
0.08747285
-0.08392565
-0.06929684
0.0580828
-0.05133462
-0.262116
0.194541
0.09936716
0.1434344
0.1222334
0.2125365
0.2195115
0.1670345
-0.1406901
0.1237878
-0.09843591
0.04431334
0.1860705
-0.06064848
-0.1118142
-0.1253485
0.1391762
-0.04395192
0.2443529
0.08179808
-0.02048621
0.1814697
-0.0247931
0.02421302
-0.008165181
-0.3279576
-0.1497338
-0.008961164
-0.1114985
0.1267879
-0.0889105
-0.00292815
-0.255191
-0.1629872
-0.1250187
0.0671763
-0.1426888
-0.2449069
-0.1459899
-0.1388538
-0.1194189
-0.183638
-0.1810243
-0.02571296
-0.001288728
0.01824147
0.03728437
0.09383963
0.202437
0.4102382
-0.008993087
0.2038055
0.1885936
0.2372789
0.1137047
0.1184176
0.2328978
-0.1028366
-0.2469728
0.08883026
-0.07047785
-0.01931978
-0.02549909
0.2487031
-0.1363885
-0.1541769
-0.05151716
-0.1903773
-0.2534069
0.3343578
0.01222936
-0.1001863
-0.2348557
0.1827785
0.03539144
0.02829213
0.1265221
0.07234867
0.1123167
0.002636103
0.1263429
0.05568029
-0.165405
-0.2523295
-0.1597966
-0.1551605
-0.1060554
0.1669187
0.2327259
-0.05263685
-0.2044638
-0.3522047
-0.008192394
-0.2641773
-0.1058126
0.07227683
-0.0727074
0.03009572
-0.04380164
0.09042676
0.2930446
0.1472278
0.09255022
0.1678622
0.3454578
0.207959
0.1010328
0.3126768
0.2836047
0.105867
-0.08254442
-0.1068915
0.1528425
-0.1837732
0.282384
0.374719
0.1587409
0.382709
-0.0997786
0.03583005
0.1763286
-0.3365048
-0.2926765
-0.3388968
-0.4821845
-0.4572828
-0.5010312
-0.4211581
0.2005414
-0.00194728
-0.2528329
-0.4664006
-0.119567
-0.3945863
0.2224401
0.1684254
0.3046778
0.02867641
0.3290112
-0.03916657
0.3423436
-0.0503104
-0.161102
0.1073778
-0.1169868
-0.08240319
-0.07898182
-0.07033679
0.05720319
0.04702537
-0.01969689
0.3757826
0.1787178
0.4992998
-0.2508812
-0.2448297
0.1872187
0.1956375
0.1378597
0.1614098
-0.007826444
-0.1699505
-0.1271435
-0.2220137
-0.2989176
0.03926934
0.1025226
0.02810246
0.2133976
0.03353844
0.01382765
0.04160687
-0.08145343
0.100085
0.106992
0.1982308
0.3170438
0.2509658
0.2214799
0.04828538
0.3154356
0.1152387
0.1128946
0.156037
-0.2306865
0.1442511
0.02785428
0.2824298
-0.1799501
0.0384749
-0.03890618
-0.1991103
-0.2021391
-0.2460387
-0.2145963
-0.2012518
-0.2422162
-0.1704941
0.3340118
0.04605181
-0.09257348
-0.1406363
-0.09673668
-0.1852269
-0.03058691
-0.07148982
0.1056146
0.04522495
0.1621512
0.3044015
0.2898991
-0.02029462
0.07757732
0.1670761
-0.4025792
-0.2604645
-0.2240633
0.006504568
-0.06181012
-0.2068938
-0.174531
0.3133976
0.07716702
0.2609542
-0.1443266
-0.1060553
0.06794842
0.1655881
0.2044412
0.0009984127
-0.00163288
-0.1259706
-0.1607921
0.1316095
-0.2039194
-0.1076058
0.1412382
0.03007826
0.1750202
0.08665023
0.03988263
-0.05768369
-0.09076182
-0.1001461
-0.01624504
0.1300778
0.1846134
0.1517773
-0.06920944
-0.07972307
0.1362319
0.09782688
0.0158277
0.2674019
-0.0452301
0.1065872
0.1018073
0.09697689
0.3752432
-0.06795429
0.3142578
0.2104148
0.2502631
0.4028998
0.2680296
0.3125829
0.3341725
0.1841659
0.04113104
0.2993795
0.2404467
0.3121947
-0.01231164
0.1536775
0.02422252
-0.1862719
-0.1577859
0.02767754
-0.1197546
-0.1048058
0.1283663
-0.04947258
-0.1625608
0.08033974
0.1013543
-0.01411397
-0.1125004
0.2536222
0.04097301
0.1253207
-0.2544818
-0.2044227
-0.202269
0.2369532
0.1592861
-0.2519865
-0.2455991
-0.1022976
-0.1201095
-0.001230513
0.2003691
0.2275615
-0.0668791
0.1649154
-0.01694053
-0.3689319
0.004810454
-0.2209404
-0.1266862
-0.03739929
0.07847874
0.1661664
0.03502373
-0.05980042
-0.1038387
-0.3779428
-0.1975471
-0.1529974
0.02606814
-0.2786478
-0.09971605
-0.2685187
-0.1531282
0.1555748
-0.2160211
-0.2859168
-0.4088784
0.4301418
0.3334948
0.2999653
0.3472417
0.2927976
0.2810844
0.2366277
0.3305444
-0.1243964
-0.217943
0.102489
-0.05046185
-0.1314357
-0.09291135
-0.06161276
-0.166302
-0.1749908
-0.2237593
-0.2702366
-0.2063297
-0.06495716
-0.0003135476
-0.1833469
-0.1218904
0.1489888
0.00120586
-0.0206311
0.1258081
-0.01505908
-0.02100295
0.1980879
0.1584181
-0.1674584
-0.0871493
-0.02219262
0.008644965
-0.3810234
-0.1541871
0.07642395
-0.006231835
-0.244018
-0.1409484
0.02266149
0.07056232
0.01639815
-0.196709
-0.1320505
-0.008128766
0.1633721
0.2452428
0.1519472
0.3090172
0.2573162
0.03285255
0.08972609
0.04289222
0.05132815
0.03192038
0.07604478
0.03513947
0.0972741
0.1249712
0.1069938
0.3297062
0.1302982
0.1667507
0.1552167
-0.101953
0.274281
0.4696517
0.4336772
0.2816339
0.297259
0.2089182
0.3282436
-0.127256
-0.3487009
0.2147972
-0.1527931
-0.1210033
-0.1686766
0.09405343
-0.1986516
-0.2359575
-0.3340789
-0.2572758
-0.3654992
0.2362957
-0.1441069
-0.376526
-0.2632945
0.1433989
-0.01774745
-0.05861383
0.1963397
-0.1004625
0.02063509
0.03724145
0.1854984
-0.2052761
0.02048892
-0.314496
-0.1365246
-0.254703
-0.07371665
0.03527092
0.2626233
-0.1936875
-0.3775372
-0.1642558
0.2031031
-0.3307588
-0.114884
0.02644378
-0.1179945
0.4076395
0.3321167
0.2630687
0.5406358
0.196626
0.1745168
0.1790706
0.4059384
0.2288081
0.1817568
0.3993478
0.3789315
0.2770858
0.1837973
0.1717966
0.2907349
-0.05743624
0.2893405
0.230378
0.08739476
0.5124963
0.527019
0.5362786
0.4654362
0.4238736
0.358397
-0.1045418
-0.1247455
0.5824671
0.5496936
0.1639915
0.1827793
-0.03776111
-0.2247185
-0.349068
-0.2070024
-0.2312136
-0.1603133
-0.08266937
-0.01127954
-0.03535557
-0.2137421
0.1439682
0.00470175
0.07286891
-0.07653132
-0.1060315
-0.2294226
0.09256042
-0.196995
-0.3330081
-0.2594012
0.1394743
0.1167338
-0.4130743
-0.3133346
-0.1237801
-0.111452
-0.1678001
0.04295789
0.1343681
0.09576073
0.07841744
-0.1348511
-0.09667467
-0.06688763
0.02863593
0.1493407
0.1423053
0.2959677
0.2738757
0.07181509
0.04968012
0.1440623
-0.1377981
-0.05113262
0.1848735
0.1747938
-0.01476803
0.1322616
-0.02771264
0.112151
0.256862
0.01044947
-0.03389671
-0.224587
0.8668393
0.758929
0.7807325
0.6922952
0.6893322
-0.1231771
-0.403971
0.5069225
0.2169319
-0.01384382
-0.0888402
0.1066578
-0.2592698
-0.5947758
-0.3828896
-0.3861385
-0.2912643
-0.01668266
-0.007830243
-0.3292975
-0.3034545
0.2537929
0.04058895
0.01232907
0.01493823
-0.1374368
-0.08837011
-0.06692623
-0.09812641
-0.2715613
-0.3097241
-0.2579668
-0.2504313
-0.376955
-0.0948818
0.04053115
-0.1051361
-0.1108335
-0.2733021
-0.2240537
0.06871666
-0.2531002
-0.1332759
-0.1083276
-0.1691274
0.3046767
0.2224999
0.06137972
0.6167423
0.150998
0.2215957
0.05201485
0.4012571
0.128145
0.1075977
0.2561178
0.4273234
0.2845894
0.1103221
-0.002081848
0.209707
0.2153462
0.2122901
0.2441315
-0.1278832
0.7536753
0.7772988
0.7261499
0.7224185
-0.145125
-0.3418604
0.4549375
0.2940997
-0.04866338
-0.100137
0.146057
-0.174663
-0.4962317
-0.3648004
-0.337568
-0.2688585
-0.05415689
-0.08193426
-0.3322192
-0.3068815
0.404513
0.1924531
0.1794993
0.2338832
-0.1125995
-0.1433607
0.01784651
-0.1403678
-0.2943136
-0.3302845
-0.2425885
-0.1980371
-0.3783274
-0.08234072
-0.08528052
0.01878177
-0.1378251
-0.2632122
-0.132449
0.1083391
-0.1902161
-0.1535224
-0.1022286
-0.1588821
0.369757
0.3593361
0.1572007
0.6029442
0.1466243
0.1955081
0.1760405
0.2619036
0.1441706
0.1165957
0.1971001
0.4513964
0.1666683
0.2012517
0.08809982
0.2636019
0.1753169
0.1422111
0.2478635
-0.2594466
0.7747504
0.7953093
0.7129886
-0.1733183
-0.3272008
0.4252998
0.3021957
0.01750376
0.07919049
0.1460665
-0.1541486
-0.5881056
-0.3119499
-0.4000827
-0.208859
-0.06448708
-0.03344928
-0.2266758
-0.2899404
0.2788017
0.1131016
0.05357672
0.04384558
-0.02386936
-0.1301737
-0.05966353
-0.2609101
-0.2920156
-0.4203234
-0.1206022
-0.2214853
-0.3634558
-0.2019618
-0.07167434
-0.1037171
-0.01091063
-0.0842352
-0.1088954
0.06110521
-0.008861664
-0.1866188
-0.1648631
-0.07745688
0.0961746
0.02575086
0.2239956
0.4532777
0.1779878
0.03653507
0.08443226
0.2197231
-0.1048577
-0.06953026
0.08441585
0.275537
-0.01011375
0.01241038
-0.1761896
0.1830859
0.2212041
0.1245692
0.1483481
-0.1676494
0.7744875
0.754004
-0.06250387
-0.263415
0.3427883
0.2493189
-0.05887315
-0.09715943
0.04898325
-0.2800173
-0.5251977
-0.4517266
-0.3947695
-0.2644972
-0.1673486
-0.01725692
-0.3300993
-0.2218879
0.2120235
-0.05217275
-0.07757722
-0.04437495
-0.03676037
-0.1013032
0.0003928382
-0.2342634
-0.2624701
-0.396579
-0.06329136
-0.1849769
-0.2599471
-0.0734967
-0.1379436
-0.07758854
-0.02720975
-0.05816767
-0.1015515
0.1435375
-0.1818606
-0.1875413
-0.2064725
-0.1501462
0.1486305
0.1040683
0.09652634
0.4390079
-0.03256907
0.08723052
0.01020568
0.0954557
-0.1230683
-0.07604674
0.05948557
0.3000054
0.05407333
-0.05161051
-0.1002924
0.1879967
0.2604242
0.03719867
0.1448832
-0.161393
0.7876193
-0.20159
-0.2719536
0.4349866
0.2508891
-0.04538975
-0.1155855
0.07035306
-0.1483979
-0.4635484
-0.4311465
-0.3231429
-0.1531813
-0.1768976
-0.02284538
-0.3281152
-0.2570305
0.309785
0.1681563
-0.003247235
0.0306975
0.08325584
-0.06454028
-0.02026285
-0.2613205
-0.1633301
-0.4490486
-0.003442952
-0.0475841
-0.3528451
-0.1613417
-0.04666482
0.04566683
-0.01435539
-0.1516803
-0.1511214
0.08764151
-0.1622151
-0.1908035
-0.08174572
-0.2193676
0.1868668
0.09820493
0.1244593
0.4190585
-0.0253966
-0.06066544
0.1822347
0.08974169
-0.1212671
0.01100483
0.09406653
0.2648133
-0.06610195
0.02699967
-0.04765928
0.07254805
0.2528176
0.04183461
0.1143599
-0.1482937
-0.0930665
-0.3100137
0.2651676
0.08674336
-0.1668966
-0.1931472
-0.004899886
-0.2564398
-0.5866401
-0.5917085
-0.4967822
-0.3326537
-0.1561946
-0.06518211
-0.3622212
-0.279805
0.2870364
0.1780129
-0.03612101
0.0343667
-0.03906556
-0.05399632
-0.1218657
-0.09497851
-0.2020879
-0.4027326
-0.1924692
-0.08158111
-0.4290238
-0.1706336
0.1448987
0.1461102
-0.1141859
-0.192974
-0.2206318
0.2707375
-0.2988221
-0.3058492
-0.1201596
0.03157806
0.2926949
0.209818
0.122043
0.5296336
-0.03299563
0.03205969
0.03212914
0.1398419
-0.0110061
0.04074257
0.2013704
0.2996825
0.1154627
0.02026475
0.01250367
0.1586642
0.2581405
0.2043917
0.1889728
-0.04557818
0.4458147
0.08933748
0.1537263
0.2596344
-0.0797542
0.2122887
0.08805853
-0.05566374
-0.04546757
0.1524058
0.09443219
0.2914358
0.2416773
0.05573264
0.02084335
-0.1808993
-0.003384148
-0.0842083
-0.06705588
0.1335967
0.1734774
0.08187582
0.050968
0.1754529
0.2838322
0.07168559
0.2188229
-0.05195891
-0.125486
-0.07717787
-0.03989634
-0.09451865
0.1609712
0.2456472
0.1632679
-0.1476121
0.02067973
-0.2209154
-0.007781264
-0.06687517
-0.04465746
0.08887452
-0.01451838
-0.1839961
-0.03494627
-0.1303757
-0.1250666
-0.2406413
-0.08168749
-0.1977654
0.001836108
-0.1327359
-0.1340485
-0.05684527
-0.06079744
0.1213252
-0.2461412
-0.213614
-0.215757
0.02968877
0.3612553
0.2428158
0.1697933
-0.1330955
0.3043447
0.2588588
0.305939
0.3800073
0.2437572
0.150071
0.1855348
0.206813
0.07929901
-0.1922144
-0.04453596
-0.09362281
0.05865054
0.2481924
0.1997552
0.1005982
-0.2484637
0.1202581
0.1875767
0.2867193
0.3318134
0.09816489
-0.1282049
-0.2664599
-0.10742
0.2207962
0.2570431
0.4275906
-0.04960598
0.2442187
0.04704348
-0.2305537
0.02305917
-0.3357907
-0.246324
0.07076549
-0.4185613
-0.1034396
-0.2647073
0.02655176
-0.4080651
-0.4817337
-0.380611
-0.2961175
-0.2794127
-0.4334699
-0.2041311
-0.1666143
-0.3634761
0.01856435
-0.3728887
-0.430047
-0.2356514
0.6615595
0.2938688
0.1164828
0.1510558
-0.02977549
-0.3051964
-0.1904998
0.1452548
0.104766
0.0798578
0.158852
-0.127571
-0.1929685
0.2144364
0.1781666
-0.05229333
0.01352243
0.1376788
-0.09825023
0.1391867
-0.2421517
-0.2566556
-0.2507351
0.06412473
0.154052
-0.5368127
-0.3725602
-0.05765577
-0.02363279
-0.242674
-0.1167527
0.1138463
0.0512778
-0.06991312
0.04172763
-0.1847119
-0.2404674
0.06175393
0.02598094
0.1438538
0.3662736
0.1309164
0.2176115
0.09656789
0.3413502
-0.2254412
0.08891605
0.05913564
0.2875468
-0.1105367
0.07302296
-0.08396392
-0.0808124
0.1918663
-0.1084022
-0.09163087
-0.4194672
0.3348718
0.4063505
-0.02505642
-0.03760387
-0.1809303
0.09593922
0.07805425
0.281326
-0.01967863
0.2355675
0.1311282
-0.08172633
0.09151915
0.1303658
0.1057066
0.04123434
0.01111638
-0.127504
0.08136062
-0.3181667
-0.1672556
-0.3147063
0.2228722
0.2764811
-0.2711432
-0.2730558
-0.252792
-0.1369026
-0.05649431
0.2095986
0.2937231
-0.06799039
0.1913569
-0.08035892
-0.2276166
0.04459411
-0.1886743
-0.06475009
0.1503323
-0.06414137
0.02408631
0.04491155
0.005153596
-0.02675109
-0.3396024
-0.1231762
-0.1599168
0.08587155
-0.3055399
-0.04883456
-0.1690046
-0.1789093
0.2592748
-0.3251776
-0.1149648
-0.3841182
0.4499244
0.1695177
0.1213636
0.09164259
0.1277533
0.09762946
0.02739016
0.003989838
0.1849536
0.2616957
-0.0002019517
0.06393003
0.1180681
0.1396446
-0.03023858
0.06274931
0.07787725
0.2782417
-0.2913541
-0.05875374
0.05220746
0.2976565
0.3050963
-0.2229798
-0.2727915
-0.1912661
-0.04426985
0.1046911
0.2922548
0.3791694
0.02368093
0.2363688
0.2756772
-0.16166
-0.09291125
-0.2972117
-0.005396523
-0.06377207
-0.0971379
0.0006813563
0.2256426
-0.122264
0.01990517
-0.3117726
-0.2499362
-0.117748
0.2037445
-0.2745039
0.01670656
0.005191638
-0.2953162
0.03687493
-0.5026224
-0.2371716
-0.4913225
-0.227784
0.03346501
-0.04530226
0.4290353
-0.2006345
0.1726644
-0.1031975
0.2690104
0.5232817
0.2347387
0.0008499284
0.1235584
0.2153226
-0.07309052
-0.2315431
-0.05486782
0.1131621
-0.1989343
-0.1844345
-0.2679966
0.1488063
0.1213491
-0.1763253
-0.2289818
-0.3435331
-0.1501905
0.05294914
0.3335664
0.3758793
0.06053758
0.4438174
0.05262093
-0.1176935
0.1274965
-0.3919993
-0.09249327
-0.1010464
-0.2435026
-0.02374523
-0.1101011
-0.2723849
-0.04493066
-0.3085691
-0.3699364
-0.3037047
-0.09693106
-0.302284
-0.04474113
-0.1749777
-0.2199032
0.1089052
-0.2532236
-0.08016264
-0.1916542
0.3793264
-0.001888766
-0.1828756
0.05395831
-0.2722531
0.2582821
0.1460818
-0.1821322
-0.2387724
0.2532439
0.1222785
0.07334233
0.08184734
0.2443237
0.1071918
0.1220403
-0.02683865
0.3267875
0.1397993
-0.1276062
-0.1146202
0.01523769
-0.1197762
0.06048041
0.1946445
-0.1042675
-0.1454172
-0.1052231
-0.08505349
-0.1889092
0.09955927
-0.1033635
-0.3041943
0.04745777
-0.05501333
0.2080328
0.243942
0.08085561
0.06878113
0.1430638
0.3045886
-0.01886317
0.03277382
0.1566739
0.2589489
0.1123576
-0.02929568
-0.07254735
0.08563846
-0.2363655
0.05335923
-0.02250682
-0.1159167
0.1827837
0.2322665
0.199324
0.05333624
0.04434069
0.1187397
-0.09183515
-0.1773929
0.1390811
0.1748742
0.03479487
0.174543
0.2212053
0.03756625
0.09296338
-0.2675339
0.2531799
0.2878873
0.06937845
0.1422976
0.02319179
0.203775
-0.1827258
0.05135827
-0.0285024
0.1044772
0.1553737
-0.1575173
0.21999
-0.04552368
-0.04786724
-0.07045511
-0.1471419
-0.09474526
0.1731735
-0.1175551
0.06783391
-0.3163895
0.005804835
-0.02610159
-0.2087278
-0.1650627
-0.01638226
0.006306101
-0.2157214
-0.03944613
-0.1036453
-0.1893573
-0.2121116
-0.03259443
-0.2486201
-0.2261808
0.436674
0.6201068
0.2833545
0.1137002
0.07466104
0.2713573
0.2706684
-0.1365755
-0.2019135
-0.1421853
0.09299171
0.1016999
-0.001464076
0.1686061
-0.1012424
0.05629134
0.2682153
0.1758887
0.2240677
0.5192253
0.3318123
-0.08514371
0.02499872
0.2861339
0.1104075
0.1295649
-0.2095845
0.242222
0.2636387
0.1437477
-0.0136284
-0.2392977
-0.0903238
-0.2571734
-0.463597
0.09040498
-0.1801535
0.05850096
-0.2389761
-0.04573915
-0.05756705
-0.05021345
-0.3573767
-0.3103176
-0.09964419
-0.03178654
-0.1475143
-0.3930047
-0.2204945
-0.1599959
-0.01498884
0.3711799
0.4110578
0.03826145
0.09397846
0.4768896
0.3125054
-0.244384
-0.09260656
0.02997481
0.08325018
-0.08181396
0.05382815
0.1339239
-0.2840619
-0.04296861
0.01014401
0.08785388
0.09866546
0.3146255
0.2563044
-0.1918723
-0.1851338
0.1662735
0.2180471
0.1553168
-0.300109
0.4646229
0.1642481
0.06008129
0.06914066
-0.3970732
-0.2936969
-0.2280818
-0.5004345
0.1766612
-0.1903899
-0.01995333
-0.1805101
-0.1356278
-0.1550089
-0.1591242
-0.2145019
-0.190407
-0.1023576
-0.3337038
-0.2458023
-0.3137341
-0.1766603
-0.08653605
-0.1171641
0.5462075
0.1312353
-0.011142
0.2177543
0.2271121
-0.1783889
-0.08893573
-0.1721188
0.02662398
0.3061632
0.02173068
0.03144538
-0.1888365
-0.008083774
0.246043
0.1909226
0.1808345
0.3213636
0.1233071
-0.09258998
-0.1169146
0.008946675
0.001661883
0.07496539
-0.3350825
0.0651808
0.273802
-0.113158
-0.1698131
-0.1773682
-0.2855734
-0.2525363
-0.3687037
0.09488619
0.05692862
0.1090704
-0.1095518
-0.1633039
0.004329101
-0.1206462
-0.21221
-0.3482462
-0.2036725
-0.1654918
-0.3208692
-0.3113154
-0.3386067
-0.3216281
-0.1574261
0.01362523
0.2115222
0.2134749
0.303212
-0.2349956
0.008454568
-0.05902881
-0.009211472
0.01744475
-0.1018411
-0.07598415
-0.07831266
-0.01562947
0.02848779
0.2036054
0.2643122
0.133659
0.2246841
-0.1069138
-0.2450407
-0.02386556
0.1748535
0.00624793
-0.2044863
0.09347742
-0.02380428
-0.02372073
-0.005623152
-0.1360428
-0.150589
-0.1966288
-0.3494385
-0.06827461
-0.09915706
-0.1269282
-0.1738228
-0.07377893
-0.01185047
-0.3265904
-0.2483476
-0.2820191
-0.1419435
-0.138411
-0.2864936
0.05635896
-0.2497862
-0.05900424
-0.05461154
0.1746122
-0.09879418
0.02999841
0.04916138
-0.03466434
-0.0209037
0.152818
-0.06909317
-0.08571039
-0.06414753
0.2240524
0.08763774
0.305597
-0.1520157
-0.1520645
0.09168623
-0.02327567
0.04200709
0.1170951
0.223432
-0.1540682
-0.09698295
-0.107262
-0.2560463
0.00254846
0.0923501
0.08644074
0.2113689
-0.0007435388
0.2723139
0.1176331
0.09197983
-0.04319377
0.1476551
0.2902501
0.255299
0.1915257
0.2549904
0.09334947
0.1088111
0.09306049
0.03874486
0.1041579
-0.1029149
0.1580781
0.1625639
0.1934761
0.09257667
0.1047785
0.08017853
0.02283245
0.03177527
-0.04047973
-0.07918405
0.05954074
0.2236651
-0.09311959
-0.01617859
0.07247304
0.1685024
0.2616041
-0.1801271
0.02050818
-0.2313708
-0.05329925
0.154282
0.3050709
0.298111
0.02037778
0.1838751
0.01769315
-0.1417784
-0.1484159
-0.2448933
-0.1152164
0.02485202
-0.1131594
-0.04345584
-0.1618352
-0.2489795
-0.02536943
-0.3535217
-0.3784156
-0.09440161
-0.1076029
-0.2648809
-0.1501639
-0.2512405
-0.2114214
0.08177599
-0.2256568
-0.1819881
-0.2013133
0.417996
-0.1880299
-0.01451741
0.2009267
0.01885169
-0.08027476
-0.03528785
-0.07444179
-0.1347284
-0.126864
-0.1170592
0.2678491
0.04631159
0.1699857
-0.2132602
-0.1226372
-0.1650353
0.02317958
0.1353132
0.2252687
-0.1359565
0.3708355
0.2085066
-0.02841806
0.01770588
-0.3324022
-0.1730061
-0.2732505
-0.5186562
0.04278516
-0.08258967
-0.08338354
-0.1496552
-0.2029519
-0.2362906
-0.3022849
-0.216524
-0.2399865
-0.06484236
-0.03395963
-0.1307371
-0.03577371
-0.3379104
-0.1736768
-0.1554515
-0.03040909
0.1226231
0.0543715
0.04847741
-0.1045868
-0.2007414
0.05169974
0.006604459
-0.2448734
0.04974209
0.0881982
-0.04689225
0.1692274
-0.08172804
-0.05716779
-0.03215406
0.08686439
0.2409039
0.2152044
-0.211254
0.2088596
0.1520426
-0.03952456
0.1318133
0.04409617
-0.1180467
-0.1257506
-0.3717139
0.01375749
0.04698723
-0.1143616
-0.05785722
0.02689771
-0.120319
-0.2753294
-0.1628033
-0.04947342
0.001389395
-0.01881168
-0.100056
-0.03323179
-0.1540514
-0.04963908
0.1186618
0.7390035
0.4129259
0.3712823
0.1968667
0.02971329
0.2723173
-0.003801038
-0.02302903
-0.07274996
-0.1165698
0.0145123
-0.42275
-0.2236609
-0.01873985
0.2379475
-0.06913425
-0.08972705
-0.05368059
-0.2268035
-0.05168447
-0.105216
0.07894503
-0.03281021
0.354762
0.2964833
0.2000921
0.3376133
-0.0447183
0.154864
0.1059666
0.1373807
0.0985178
0.2039587
0.198407
0.4232986
0.05850881
0.2777542
0.2906525
0.136899
-0.001284188
0.01557066
0.2773879
-0.06354545
0.4165586
0.3795973
0.31184
0.02522758
0.2306087
-0.006822608
-0.1002059
-0.1155985
0.02392667
0.1418094
-0.4843556
-0.2833867
-0.0443585
0.231073
-0.2862361
-0.03362021
0.1186419
-0.128333
0.04369723
-0.08607279
0.05674239
-0.01144647
0.4121775
0.2705729
0.1884361
0.1419712
-0.08300391
0.1284917
0.1741801
0.02930517
0.04147712
0.1870416
-0.01055446
0.4170304
0.05123373
0.3898373
0.3097803
0.0634891
0.1212902
0.00122947
0.195046
-0.1903521
0.4402879
-0.03880018
0.0437777
0.02286313
0.06714626
0.0204369
-0.04307397
-0.1111626
-0.08566941
-0.1093017
-0.1617987
-0.2287599
0.0866841
-0.1327705
0.0890467
0.09716746
-0.1668744
0.1542786
-0.04719277
0.2078816
0.0692233
0.1601657
0.3987866
0.1157922
0.02919867
-0.09546948
0.1343258
0.06402152
-0.01125268
0.2606495
0.06283919
9.313626e-05
0.2569409
0.1119245
0.3893631
0.4056778
0.1539992
0.2633106
-0.04250626
0.2178715
-0.09373829
0.07069838
0.02548101
0.2899293
-0.07028371
-0.1655389
0.009703127
-0.1202894
0.02265775
-0.07455707
-0.04042845
-0.1654012
0.2427081
-0.004507657
-0.2007478
0.2043655
-0.006150375
0.2346373
0.09150001
0.2611205
-0.1059071
0.3428983
0.4652943
0.3857753
0.009501911
0.1806415
0.09669995
0.3650651
0.03366931
0.2143154
0.1352414
0.04587506
0.3791097
0.0250181
0.4616053
0.419553
0.2511227
-0.04644496
0.04114279
0.139903
-0.315061
0.3807529
0.2028717
-0.113089
0.07508367
0.06208646
0.3067707
0.139862
0.005779879
-0.09634154
-0.0904915
-0.09101229
-0.1181168
-0.0866477
0.09932648
-0.1290082
-0.04500754
0.01029362
-0.09231423
-0.3760624
-0.08864322
-0.1380549
0.02020685
-0.01187871
-0.09313019
-0.08738698
0.2368668
-0.2166772
-0.3262899
-0.2061479
-0.2709349
0.02432628
-0.2203514
-0.01824592
-0.01900966
-0.051843
-0.1577614
-0.07184471
-0.190574
-0.252103
0.2752596
-0.04687784
0.2736352
0.2098971
0.0448614
0.2578252
0.1067472
-0.1307649
-0.02029749
0.01475267
-0.004989795
-0.1465247
0.05118406
-0.01376528
-0.06766056
0.1857118
0.07570677
-0.2512423
-0.3197098
-0.113232
-0.1186579
0.0434065
-0.2241726
0.04896526
-0.02369394
-0.2261131
-0.216103
-0.2403
-0.1084291
-0.04973682
0.007980389
-0.2456491
-0.1439361
-0.1071538
-0.109887
-0.2572727
-0.2372149
-0.02523256
-0.09308534
-0.0811194
0.1004302
0.3504926
0.337413
-0.1642227
-0.1272319
-0.246805
0.1156563
0.02940276
0.1387114
0.3635492
0.08232364
0.2814558
0.2927904
0.168064
-0.2196657
-0.02140141
0.1814885
-0.05699496
-0.07561465
-0.09938404
0.07373044
-0.05286785
-0.2509814
-0.173384
-0.1782256
-0.03826993
0.1098365
-0.09210318
0.2806785
-0.06601792
-0.1057386
-0.1553084
-0.256949
-0.1359777
-0.3236949
0.1992443
0.3305746
-0.2171985
-0.1882901
-0.02534229
0.01165203
0.2822738
0.08120027
-0.2621261
-0.3367287
-0.2814896
0.01601582
-0.5307294
-0.2446879
0.2546846
0.07731321
0.4429581
0.3603944
-0.02766724
0.09857351
-0.2398336
0.0875878
-0.04262995
0.07188292
0.5363611
0.2919669
0.07596074
0.01468705
0.4030766
0.3094392
0.446155
0.2407972
0.1477922
0.3219619
0.3693631
0.3982353
0.1771073
-0.1267565
0.02954946
0.2349274
0.06229414
0.2784621
0.1826836
-0.001981531
-0.1159926
-0.2803803
-0.1298903
-0.2928614
-0.06221014
0.1351699
0.0580689
-0.129268
-0.1901793
0.003252652
-0.0007069661
-0.219974
-0.1247162
0.02363421
-0.05670729
0.1275697
0.03334468
0.05333155
-0.1886761
0.1519563
-0.2493232
0.02157133
-0.1613774
-0.2559584
-0.02510813
0.03715439
0.3733375
0.07140261
0.1596437
0.2516752
0.2138713
-0.01441847
-0.09225028
0.08500499
-0.1066993
0.07635955
-0.08334404
-0.1332878
-0.01684029
0.1478362
-0.09438872
0.0369863
0.1519294
0.02757119
-0.1043652
0.02828674
0.01930217
-0.1126124
-0.1737807
0.1090997
-0.03537053
0.01251226
-0.1035519
0.002809457
0.03485497
0.1580497
0.02979417
-0.07532405
-0.1659333
-0.1678473
0.06755969
0.5098171
0.07329601
-0.1227341
-0.2557093
-0.2419412
-0.002552231
0.3421085
0.3610925
0.05582018
0.3168591
0.2087948
-0.07338796
-0.1321153
-0.3087478
-0.1982286
-0.2169952
-0.4696755
-0.08953419
-0.1249655
-0.1509063
-0.4623839
-0.4676071
-0.2776804
-0.2559867
-0.199988
-0.4770586
-0.05125426
-0.1162561
-0.3018045
0.1495797
-0.3795805
-0.3211589
-0.3208176
-0.1329678
-0.08545899
-0.1025622
0.07177409
-0.0515426
0.2120919
0.2968559
0.1489058
0.1725536
0.08116369
-0.08244591
-0.1457752
-0.2619973
-0.06964098
-0.1621541
-0.2912003
-0.02556022
-0.02129778
-0.2127835
-0.3489495
-0.4211979
-0.1979641
-0.1390642
-0.1449077
-0.4034665
-0.2338028
-0.145501
-0.3953046
0.08642422
-0.4634757
-0.3060802
-0.3334679
0.4076205
-0.09669545
-0.2842967
0.3749231
0.008204193
-0.1225404
-0.214117
0.04097201
0.215564
0.1048696
0.06742562
-0.3077234
-0.2696491
-0.2589473
-0.4422325
-0.03855168
-0.151169
-0.06214548
-0.2777466
0.08556997
-0.1010388
-0.1640166
-0.3902548
-0.09781933
-0.2923579
-0.1788164
-0.1252755
-0.229581
-0.126697
-0.1298197
0.2978093
0.05528312
-0.1189498
0.1957922
0.08395113
-0.2358088
-0.1648017
-0.04109217
-0.2405402
0.1813393
0.04608923
-0.05381165
0.001815493
-0.2436812
-0.1686737
-0.06093788
-0.2348336
-0.05034047
-0.1063541
0.2218956
-0.005908778
0.05786302
-0.1907609
0.06088347
-0.01589967
-0.1054781
0.0119904
-0.1837818
0.1583648
0.1396755
0.1172706
0.3314828
-0.06937701
-0.3002225
-0.48653
-0.09013496
-0.4058001
-0.2562544
0.1091113
0.2038673
0.2000429
-0.06437006
0.05312898
0.185836
0.02298187
0.2257156
-0.03912085
0.3406125
0.2860181
0.3598799
0.3647692
0.02989029
0.4282175
-0.009903246
0.1637583
0.08105807
-0.1426005
0.302272
0.2653229
0.3150139
-0.1221248
-0.1316143
-0.07892007
0.1099498
-0.1691837
-0.1815033
0.1148216
0.06685798
0.3443614
0.1750907
0.2593611
0.1718618
-0.07731904
0.1008741
0.1242232
0.1820322
0.1263045
0.220003
0.3714442
0.2870163
0.2899754
0.1670938
0.1729234
0.05096922
-0.2060681
0.0952796
0.1878432
0.07174117
0.1442202
0.09953895
-0.1414367
0.2214139
0.1756044
0.05212146
0.08720156
-0.2793996
-0.2449201
-0.07505279
-0.2213873
-0.04221049
-0.1278552
-0.04273759
-0.1141101
-0.1182928
-0.1542236
-0.06053253
-0.2598635
-0.2046921
-0.1456414
-0.2326555
-0.1953664
-0.1701906
-0.2992553
-0.2628964
0.09646976
0.3904311
-0.01535907
0.4823654
-0.05045683
-0.1280675
0.3042713
-0.4116348
-0.2729956
-0.131336
-0.4439584
-0.02405033
-0.2167927
-0.4695087
-0.3119468
-0.3907792
-0.4110457
-0.1982993
-0.3087318
-0.393242
-0.1564998
-0.304063
-0.3416017
0.09095311
-0.3211228
-0.1747274
-0.06888415
0.2397089
0.6320143
0.1946678
-0.1010323
0.03397061
-0.2312022
-0.01201916
0.2337978
-0.3200561
0.1152911
-0.03133823
-0.0101983
-0.3911085
-0.4992555
-0.4738161
-0.3210945
-0.1812835
-0.3592531
0.15201
-0.01584867
-0.1122176
0.1432203
-0.4754708
-0.5364565
-0.5516803
-0.02219168
0.2474388
0.03047148
-0.1422985
0.02393926
0.1863759
0.1504043
0.2679245
-0.09179668
0.1208276
-0.03441687
0.02597107
-0.1279266
-0.05427621
-0.0992994
-0.0356875
-0.06859836
0.04948245
0.02693772
0.2250353
0.1726976
0.1092395
-0.1848927
-0.1916159
0.2653359
-0.07388053
0.126666
-0.3709448
-0.1497959
0.01757684
-0.4936647
0.3683045
-0.1432469
-0.03440753
-0.3301646
-0.4069386
-0.3752302
-0.2222546
-0.2230105
-0.3178575
0.08668344
-0.2277726
-0.1541864
-0.05053063
-0.2708295
-0.3347277
-0.4345654
-0.01232908
-0.2729789
-0.1957974
-0.1169569
-0.1701986
-0.1149007
0.03815586
0.403802
0.1860919
0.1353593
-0.02537958
0.06755342
-0.1761303
0.02114742
-0.09829912
-0.0771272
-0.08743347
-0.06877586
-0.2102012
-0.1546298
-0.3167572
-0.2206192
0.157221
0.2394875
0.4095077
-0.005834948
-0.02557085
-0.05663516
-0.04853926
0.1956738
0.000298849
0.4086575
0.2560539
0.3150352
0.05022287
0.3472595
0.5530988
0.3103662
0.2161166
-0.02605898
0.1078388
0.2695069
0.2416719
0.01266878
0.01366459
0.04395495
-0.1670316
-0.04099721
-0.1148896
-0.2810849
-0.1122505
0.1716378
0.1846308
0.2409166
-0.1618395
0.1735603
0.1062622
0.05762297
-0.1039943
0.05698866
0.04140307
0.2162981
0.3661279
0.6393458
0.3029921
0.3850025
-0.002643172
0.192835
0.3068637
0.3331823
0.564381
0.5119969
0.3290866
0.5042201
0.5523861
0.6324836
0.5684854
0.4362505
0.1119486
0.4229904
0.4640017
0.1016862
0.1764306
0.3108742
-0.02893906
0.1505552
0.1441367
0.1253155
0.4591564
0.3152339
0.2185415
0.4598033
0.3448384
0.7166484
0.7150446
0.3996357
0.247472
0.1924739
0.3599047
-0.1517207
0.3200633
0.2680574
0.08223565
0.3794985
0.2209445
0.04042618
0.09200833
0.180798
0.291544
0.1333523
0.2066707
0.3064199
0.4710377
0.1299545
0.2662131
0.08564825
-0.09608753
0.07583611
0.2248251
0.1859062
0.5027186
0.2764987
0.3298767
0.316694
0.4099738
0.3333566
0.08334054
0.1470078
0.4320265
0.07845207
0.4162011
0.2155106
0.06596848
0.07834185
0.2856166
0.1938786
-0.02598636
-0.04578208
0.1589155
0.04584462
-0.002771394
0.003660331
-0.05651874
0.1779453
-0.1744717
0.1675566
-0.0353299
-0.2336524
0.1454798
0.3871108
0.2511199
0.3257537
0.1626809
0.4252487
0.3005353
0.08640079
0.2810757
0.1710141
0.06457808
-0.06721114
0.08195487
-0.1265059
0.236977
0.2521963
0.2640128
0.1098698
0.2812392
0.2204893
0.3248309
0.2549291
0.4185074
-0.1332874
0.300997
0.1412276
-0.1180914
0.3450291
0.3756492
0.3494718
0.4465167
0.3797296
0.1178085
0.1224651
0.2771295
-0.1067966
0.4213476
0.2391574
0.09499349
0.613688
0.3462574
0.2580892
0.6356346
0.3996636
0.50288
0.4127288
-0.00202166
0.5272943
0.6230352
0.4744121
0.3890528
0.4053225
0.4480704
0.3088273
0.4241272
0.3770913
0.05774771
0.3615712
0.5187608
0.2704952
0.32599
0.4449473
0.2123735
0.1696577
0.09208615
-0.10676
0.3331292
0.3397044
0.3084877
0.3695841
0.4083439
0.3906659
0.2951086
0.06371655
0.2133469
0.3889166
-0.2412919
0.4451345
0.2966664
0.3768184
-0.03064418
0.477036
0.4836026
0.3379717
0.5865194
0.342363
0.1676471
0.2277676
0.3101374
-0.175517
0.3639012
0.2717777
0.1898268
0.381814
-0.01584045
0.1435379
0.4934568
0.3725768
0.04538631
-0.03314183
0.005071421
-0.09956245
0.5234956
0.330945
0.3389139
