0.7425354
0.7200003
0.2477877
0.225342
0.3275926
-0.08624885
-0.0917929
-0.1055178
-0.0674543
-0.1385682
-0.082628
-0.1418021
0.4747491
-0.1804866
-0.3643285
-0.4392485
-0.2553554
-0.2487056
-0.4401015
-0.1817995
-0.2236986
0.1281941
-0.08852182
0.170942
-0.2488302
-0.06625854
-0.1108721
-0.2880128
-0.2279301
-0.1032309
-0.02386802
-0.07456787
-0.3651306
-0.1848551
-0.2688827
0.04789201
-0.462813
-0.1911647
-0.3687973
-0.02638477
-0.1062745
-0.4184966
-0.4830812
-0.3251231
-0.1628725
-0.120137
-0.1062573
0.2050392
-0.1413508
0.7512957
0.6615459
0.4630424
0.6278985
0.2511282
-0.07054871
-0.01720113
-0.2096041
-0.2537629
-0.1184374
0.1372134
-0.2962294
-0.1345326
-0.2285782
0.4016232
0.007289273
0.07661638
-0.2418058
-0.2454597
-0.2745908
-0.3099271
-0.1838823
0.1151813
0.1633177
-0.01293903
0.07004333
0.09522091
-0.1106835
0.07932586
0.09258968
0.1843424
0.3789596
0.124187
-0.07492784
-0.1046792
-0.2349136
0.1255527
0.2932483
-0.07221616
-0.4140814
-0.06128659
-0.4218943
-0.1936872
-0.06055832
-0.0270163
0.1538883
0.673214
0.2379653
0.09372227
0.2185142
0.5147967
0.19401
0.04086147
0.2675623
-0.1089658
0.156797
-0.0005140536
-0.1325127
-0.03758154
-0.1984466
-0.04146232
0.6742775
-0.03406142
-0.3710258
-0.2372493
-0.09908052
-0.3167161
-0.3584742
-0.3491197
-0.3078426
-0.04489328
-0.2645385
0.06073888
-0.3956669
-0.2544685
-0.150096
-0.1441688
-0.3375539
-0.01673714
-0.07967388
-0.1599687
-0.3187337
-0.271645
-0.3143101
-0.1473082
-0.5222707
-0.3065609
-0.5776959
-0.1271752
0.02823891
-0.4409856
-0.4802765
-0.3493544
-0.3230361
-0.3465488
-0.2193444
0.2164306
0.03110726
0.7419929
0.845321
0.5277805
0.3756598
0.2080765
0.01759689
0.05935497
0.06621788
-0.05194097
0.03377418
-0.2028887
-0.02439847
-0.261827
-0.0920912
0.6213702
0.06393581
0.1769202
-0.1005908
-0.2543742
-0.2792311
-0.2523107
-0.2947442
-0.1281673
-0.03493006
-0.1710184
-0.1273767
-0.08519141
-0.04038325
-0.02958033
0.266936
0.155822
0.3144154
-0.1657312
-0.1694134
-0.06965268
-0.3876865
0.1987427
0.2388739
-0.2063246
-0.2852322
0.06124132
-0.4348917
-0.1251984
-0.1138348
-0.1673168
0.1100694
0.494696
0.1444786
0.01478748
0.2213701
0.05497404
0.2004801
0.3134352
-0.09699021
-0.1334117
-0.1453004
-0.2797706
-0.1316805
-0.1801603
-0.3034617
0.2837773
-0.09769415
-0.2219706
-0.3874713
-0.2344416
-0.1887813
-0.3286684
-0.1344972
-0.2323714
0.1020871
-0.08632196
0.07312473
-0.2163114
0.06129502
-0.2269537
-0.1133937
-0.1850616
-0.04744827
-0.1052136
-0.02422985
-0.3279538
-0.02523381
-0.1184814
0.2370457
-0.3119978
-0.06750542
-0.4094784
-0.1694819
-0.09445815
-0.3401838
-0.3811464
-0.2216773
-0.2304357
-0.1352913
-0.1053834
0.1051375
-0.1198784
0.5170608
0.5238978
0.1324092
0.7164591
0.115591
-0.1574813
-0.1544187
-0.2501397
-0.3410824
-0.1766815
-0.02954651
-0.2973144
-0.1993167
-0.3852451
0.1945158
-0.1586139
0.05738074
-0.3003999
-0.1972397
-0.1499283
-0.3377059
-0.144892
0.1270381
0.1813673
0.08879397
0.1090224
0.09131731
-0.156501
0.04478419
0.1119743
0.2774962
0.3173451
0.06992299
0.02615746
-0.1339558
-0.1992334
0.1447115
0.4129435
-0.02757295
-0.34548
0.04276546
-0.3472415
-0.1061572
-0.2372779
0.01992013
0.1298719
0.4597417
0.06766368
-0.0217553
0.1500378
0.4778976
0.3365564
0.5179329
0.2622112
0.3008826
0.276033
0.1562863
0.2746731
0.2028053
0.1426632
0.1943823
0.2288553
0.05264044
0.1820715
0.3489057
0.08600763
-0.04962801
0.2345899
0.2694018
0.03691322
0.1682183
-0.193645
-0.3322808
0.002271875
-0.1201277
-0.4935884
-0.1170721
-0.20678
0.1917953
-0.2238298
-0.08974865
-0.1662873
-0.1826337
-0.3922816
-0.3737757
-0.184319
0.1937955
-0.1322241
-0.5233993
-0.4015796
-0.3355421
-0.08970863
-0.07325359
0.03828596
0.07617107
0.1668791
0.2066586
0.01685666
0.5105521
0.05949429
0.5401258
0.5389902
0.4681988
0.1079061
0.1900387
0.1767764
0.2910944
0.08296175
0.3021755
0.2313544
0.412866
0.03687692
0.5123947
0.2324768
0.3174252
0.08334488
0.3937593
0.1107216
0.174108
0.1098598
-0.1208144
-0.1674088
-0.2462904
0.02436708
0.02089961
0.3777134
-0.2568902
0.08686637
-0.2568925
-0.5449922
-0.3899169
-0.3630089
0.07264763
0.009965317
-0.2973522
-0.3045232
-0.1774617
-0.3469098
-0.3296203
-0.02843213
-0.1086601
-0.01110046
0.2601167
0.225089
0.1171073
0.3251715
0.6579712
0.6223476
0.04068697
0.1096735
0.07134222
-0.01959807
0.266619
0.04089393
0.06476621
0.04601297
0.1388159
-0.1311228
-0.01859794
0.2338329
0.1321116
0.2748743
0.2325935
0.6115678
0.293762
0.2040499
-0.1059239
-0.1059894
-0.07434842
0.09903804
-0.3274233
-0.1024313
-0.177167
0.1236032
-0.3813902
0.1896891
-0.1579928
0.08381623
-0.3622056
-0.06356024
-0.006607539
0.2273196
-0.01434629
-0.3266265
-0.3601403
-0.2542848
0.04469139
0.01551987
0.1906981
0.1681484
-0.2084909
0.09127619
-0.04635447
0.297491
0.1545743
0.7468273
0.474272
0.2663933
0.003514845
0.2808351
0.0731268
0.3504179
-0.06809816
0.3053532
0.02341294
0.2297188
0.003160305
0.3209468
0.0179954
0.316507
-0.06175854
0.230706
0.2041922
0.2248426
0.3251652
0.0616733
-0.15385
-0.05140445
-0.2227207
0.1173578
0.09608551
-0.2818158
0.02381398
-0.1636879
-0.2933901
-0.3341866
-0.2689927
0.1074774
0.1599702
-0.2104887
-0.350692
-0.09616309
-0.1748441
-0.3219123
0.004705235
0.005960424
0.1164435
0.2097428
0.1925599
-0.01116619
0.1010302
0.5559253
-0.03372035
0.02880261
-0.04309188
-0.07669527
0.1071566
0.009938828
0.1217978
0.04911025
-0.001773641
0.02388728
-0.06008972
0.06490583
0.0993757
0.008554855
0.09192533
0.4346638
-0.009576716
0.2840363
-0.1560197
0.02782458
0.002439067
0.005056172
-0.262224
-0.2148819
-0.1995939
-0.03825481
-0.4355867
0.1959339
-0.0638486
0.04688494
-0.3824355
-0.2160606
-0.1801387
0.03613271
-0.1586553
-0.4137565
-0.3645447
-0.2829686
-0.2002997
-0.2490939
0.2091773
0.2601611
-0.1650075
0.2557225
0.1208339
0.1721227
0.2621564
0.8400952
0.2863429
0.1990365
-0.01521097
0.09805291
-0.01632362
0.07866436
-0.09031188
0.2210479
-0.06177483
0.2344919
-0.009225313
0.1784516
0.0601818
0.06767607
-0.03349472
0.03353462
0.05454337
0.03494778
0.3655305
-0.02366806
-0.05271951
-0.1066733
-0.2158084
0.0320852
0.01826845
-0.1804495
0.01341556
-0.05598961
-0.2768134
-0.2594919
-0.3546474
-0.0940588
0.2991178
-0.297172
-0.1946552
-0.06177686
-0.2096921
-0.2505594
-0.2920878
-0.1117513
0.3359916
0.3644863
0.1573464
-0.05493386
0.07741296
0.3424664
0.4305406
0.3172301
0.1904385
0.2639175
0.3253114
-0.2029745
0.07120623
0.2132316
0.3685968
0.2261489
0.2866892
0.2336473
-0.08288236
0.3386277
0.2506016
0.1329876
0.02782097
-0.08631685
-0.2234261
0.04593384
0.09161781
-0.3841307
-0.2456966
-0.435
-0.0583835
-0.2426021
0.38357
0.1012676
-0.02168524
-0.2500099
-0.1600121
0.1662063
0.2854132
-0.1122988
-0.415575
-0.2727884
-0.4171384
-0.1287606
-0.3448706
0.388276
-0.1154107
-0.02688153
-0.1554295
-0.2570604
0.1684118
-0.05657797
0.7349822
0.6024662
0.434345
0.2799591
0.4040725
0.384121
0.2240053
0.120748
0.312639
0.2712083
0.1733685
0.1415841
0.3920068
0.2590609
0.473075
0.05430198
0.4239383
0.1014008
0.07816936
0.04960943
-0.2557437
-0.2580281
-0.2587303
-0.03571221
0.08506557
0.1267538
-0.5834101
-0.401526
-0.4025796
-0.4681504
-0.4746934
-0.3910979
0.08692499
0.138199
-0.252538
-0.165825
-0.02414861
-0.005847108
-0.2991895
-0.1956633
-0.2448294
0.3040268
-0.01353663
0.1275447
-0.1049953
-0.003909101
0.7800338
0.2286276
0.5243481
0.1846458
0.6170173
0.1471369
0.1609203
-0.006298729
0.3544148
0.6034767
0.1348424
0.1306096
-0.4599015
0.07998085
-0.1212704
-0.09578452
0.09421438
-0.3367937
-0.2949073
-0.05659356
0.1744398
-0.4078383
-0.05152214
-0.3269521
-0.1025059
-0.1645176
-0.1191889
-0.112932
-0.353305
-0.2637515
-0.2217471
-0.2267809
-0.03645347
-0.08758122
-0.4254763
-0.3359465
-0.3183183
-0.2690599
-0.4190804
-0.07734051
-0.07187766
0.1603035
-0.02774799
0.04144268
0.1436876
-0.1023755
0.168778
0.2299614
0.6003209
0.7980859
0.5154133
0.7317702
0.1052434
0.4694172
0.2127128
0.558343
0.4269906
-0.03567132
0.3488792
0.4292591
0.3140225
-0.06184586
0.3580001
-0.06238711
-0.1595452
-0.002176528
-0.4171213
-0.2247692
-0.3309577
0.1682377
-0.06043006
0.4452048
-0.2919382
-0.222319
-0.5167664
-0.3333522
-0.3311808
-0.4257757
0.08394417
-0.03011588
-0.513839
-0.2362826
0.07595024
-0.113771
-0.3176282
-0.1183758
-0.4888871
-0.07366498
-0.03433035
0.1651665
-0.1540475
-0.06763748
0.3308456
0.5703988
0.3120434
0.7028585
-0.05186776
0.07244847
0.01760004
0.3069072
0.5333258
0.1490859
0.06273386
-0.4000651
0.2556757
-0.05135071
-0.1392071
0.172282
-0.3771089
-0.2411872
0.01905855
0.1961387
-0.2565932
-0.02370347
-0.2900334
-0.170851
-0.2132777
-0.06711041
-0.08083695
-0.1079976
-0.2405019
-0.2710221
-0.1135451
0.09640493
-0.1390444
-0.44157
-0.2808266
-0.2799938
-0.2663304
-0.4060781
-0.07521294
-0.1053381
0.03144049
-0.06311264
-0.08434717
-0.002018122
-0.09162254
0.1488726
0.2285657
0.6193179
0.6670826
0.5233939
0.7873743
0.1861419
0.4646328
0.3349874
0.625086
0.27632
-0.09046427
0.3526058
0.3709817
0.3279478
-0.1635543
0.3980153
-0.008030265
-0.07121284
0.1280586
-0.3036571
-0.1578854
-0.3114577
0.1393112
0.03856628
0.439435
-0.2883906
-0.3065406
-0.3236251
-0.1817082
-0.2189014
-0.3205475
0.1300005
0.03950297
-0.4290813
-0.2224903
0.007894421
-0.08781796
-0.3635639
-0.1139472
-0.5122737
-0.1282133
0.02687263
0.06049869
-0.256012
-0.0423772
0.4248944
0.4419192
0.3608373
-0.2761718
-0.1790735
0.03465565
0.1507817
0.1228036
0.214288
0.1524429
0.07493812
0.466656
0.1649354
0.113525
0.06098566
0.1928835
0.06751046
-0.1773862
-0.05352064
-0.2683697
-0.1246254
-0.1551911
0.01313124
-0.00396967
0.07372255
-0.03409025
0.02713593
-0.07915448
-0.09278328
0.2406395
0.1589414
-0.06055065
-0.1359016
0.01688423
-0.07080827
0.310722
-0.02766239
0.1624447
-0.2538594
0.0634061
-0.1973098
-0.2503928
0.1188548
-0.009598553
0.07184276
0.4883356
0.2443573
0.0566351
0.3169748
0.2407783
0.5633579
0.3461849
0.3305357
0.4045019
0.04188295
-0.1110193
0.1787142
0.1857423
0.2242442
0.1049203
0.4480298
0.3552209
0.08626479
-0.1207648
-0.1544247
0.07424267
0.06902644
-0.1044114
-0.1098943
0.1258227
-0.3715155
-0.1957799
-0.2297685
-0.2781754
-0.03572317
0.003455641
-0.01791461
-0.06072709
-0.05789575
0.03318043
-0.1123043
0.01595984
-0.1230054
0.1723454
-0.01201966
-0.07763477
-0.1940559
0.2332169
0.2372099
0.1076609
0.3933858
0.5868819
-0.04820255
0.06579467
-0.04423004
0.337949
0.2735365
0.08861633
-0.03241426
-0.2559217
0.2987886
-0.01992361
-0.07102611
0.02937273
-0.3037709
-0.1201968
0.003768132
0.2823504
-0.2849839
0.0831931
-0.0830165
-0.08608772
-0.0682115
-0.04068385
-0.2409875
-0.08434647
-0.2847299
-0.1415032
-0.02265637
0.06821848
0.05423653
-0.07897075
-0.1502399
-0.01475574
0.0714732
-0.1340853
-0.1003714
-0.125728
0.1348734
-0.03166899
-0.1670781
0.0129834
-0.03021203
0.02589345
0.2046266
0.3463647
0.4259517
0.3514167
0.4785515
0.2686583
0.5856864
0.3466384
0.5985154
0.1706264
-0.1813166
0.04804233
0.299517
-0.0003387201
-0.1899361
0.3880425
0.2383895
-0.001023849
-0.1556513
-0.2376571
-0.2490414
-0.1157889
0.2024311
-0.0858975
0.3380576
-0.08240509
-0.0966555
-0.377817
-0.02640066
-0.0436137
-0.09228592
0.04975857
0.08882322
-0.2322794
-0.1074603
0.08729345
0.07399273
-0.1655777
0.1795571
-0.09573886
-0.1919907
-0.1211585
0.1715912
0.02036681
0.2406079
0.4548398
-0.1254093
0.08392238
0.202233
0.1874179
0.3148518
0.3915567
0.1750675
0.243183
0.350721
0.3646399
0.1564175
0.1982683
-0.1891225
0.0317205
0.02540752
-0.02062986
-0.05344159
0.04029777
-0.112141
0.2832579
-0.3206749
-0.01912153
-0.04347123
-0.005747867
-0.1772447
-0.1013328
0.1214304
0.1136802
-0.1188636
-0.1415949
-0.1446356
-0.04532501
0.01949204
0.122398
0.01217413
-0.02653078
-0.1231877
-0.2017782
-0.3054769
0.04928868
-0.1720662
0.2639093
0.3329291
0.2520796
0.01120635
0.2214801
0.1891304
0.5039094
0.3091519
0.762413
0.4905482
0.06626234
0.02157869
0.2389743
0.347118
0.2370928
0.1648811
0.5270239
0.343609
0.02440907
0.3304127
0.02119076
-0.01622737
-0.04332313
-0.03132174
-0.1012527
0.1561507
-0.3792278
-0.1412007
-0.07988984
-0.1667435
-0.1875496
-0.1174418
-0.1056144
-0.0702578
-0.1229608
-0.2301007
-0.2740513
-0.0360928
-0.4121646
-0.02456115
-0.06510883
-0.1066697
0.03422551
-0.01250872
-0.0844333
0.1087521
-0.065949
0.1930302
-0.04909595
0.3852675
0.4855194
0.02913306
0.1261011
-0.3448873
0.2181691
-0.05103962
0.01205359
0.0858718
-0.2967458
-0.2412207
0.1885912
0.1532415
-0.1897484
-0.06183633
-0.2286154
-0.07030299
-0.1145905
-0.069432
-0.1764283
-0.117662
-0.2808351
-0.1772377
0.04860131
0.1538865
-0.03684566
-0.2470503
-0.1912057
-0.1231794
-0.1134357
-0.2006689
0.03701285
-0.133867
0.0895147
-0.194162
-0.21766
0.1147782
-0.3382578
0.1637308
0.2115154
0.586937
0.569974
0.4088958
0.6364993
0.2902743
0.4964159
0.4905873
0.8310188
0.2485887
0.004171179
0.2018046
0.4120558
0.1337918
-0.1821773
0.4593762
0.05445359
-0.01863437
-0.0074427
-0.2991748
-0.2265034
-0.2343039
0.2442766
-0.02595596
0.3131003
-0.2236217
-0.2342048
-0.2468293
-0.1424547
-0.1758968
-0.1657041
0.2072112
-0.1117316
-0.4281613
-0.1601869
0.03019555
0.1424022
-0.2836847
0.07235828
-0.2870936
-0.02368134
-0.01726212
0.2103595
0.07324803
-0.06115568
0.2094352
-0.2079257
-0.3209677
-0.05444654
-0.2473268
-0.3592754
-0.1738387
-0.2737097
-0.03285809
-0.2629061
0.1827647
-0.4740077
-0.3130085
0.1734249
0.01449702
-0.23925
0.203179
0.1894563
0.1388716
-0.2548011
-0.3897726
-0.3818819
-0.2985807
-0.4090221
-0.06878911
-0.4419001
-0.03240093
0.2901458
-0.2409261
-0.4061271
-0.1848212
-0.1812944
-0.001706687
-0.2701603
0.4377005
0.1792386
0.6491326
0.5888109
0.5036143
0.1911183
0.1231415
-0.1729012
0.1226299
0.0257717
0.03072135
-0.1073736
-0.0289971
-0.01355495
-0.1740167
-0.1350042
0.6300783
0.02893719
0.209472
-0.1440554
-0.3072795
-0.3918102
-0.2471869
-0.1642349
-0.109884
0.1270097
-0.1482603
-0.2842367
-0.1724867
0.2532102
0.2215832
0.2960329
0.239674
0.3639965
-0.126447
-0.06905136
-0.1739557
-0.2965592
0.09428065
0.006153051
-0.4319376
-0.4699345
0.07180807
-0.4110559
-0.2836476
0.004618186
-0.100933
-0.0154364
0.3424029
0.2212267
0.1753551
0.1526395
-0.0004387099
0.1156518
-0.08628259
-0.1684343
-0.1291663
-0.07592898
0.05964001
-0.06273653
0.00291294
-0.1426903
-0.3964469
-0.4355569
0.250985
0.06292599
-0.03463911
-0.07823695
-0.08859208
0.0486994
0.03822222
-0.1686311
-0.252978
-0.2903736
-0.1244988
-0.1342989
-0.1332242
0.1565968
0.2063552
0.0713889
-0.03498313
0.1329054
-0.1549482
0.03556027
-0.1395168
0.04521868
0.3907934
-0.09050787
-0.01364792
0.2106541
-0.2902765
0.03280007
0.1307401
0.1644736
0.1435756
0.09272479
0.1643832
-0.1766941
0.06147372
0.1386082
0.06662295
0.06830017
0.2088195
0.0488506
0.002643293
-0.1525966
-0.118356
-0.01598441
-0.09918711
-0.1120912
-0.03200705
-0.04751372
-0.393007
-0.3805074
0.2670102
0.06278827
0.09147481
0.02661211
-0.003731411
-0.1108921
-0.007089969
-0.1245741
-0.1215789
-0.1221027
-0.3023591
-0.2421368
-0.009255488
0.02303536
-0.03277344
-0.008712087
0.02293888
0.06331685
-0.02688455
-0.04048861
-0.09503541
0.1520423
0.1039988
0.3545009
0.1998287
0.6458183
0.5758629
0.264514
0.2202019
0.208829
0.1168962
0.1181119
0.2677036
0.2323447
0.001477729
-0.04705687
0.09977263
0.4785112
0.1986916
0.488663
0.102332
0.2191756
0.4256388
0.1427627
0.3704374
0.07135744
-0.08189867
-0.131472
-0.03811538
0.05569049
0.07393887
0.2063801
0.005921683
0.1370753
0.01117685
0.09197852
0.008354494
-0.3155632
-0.4503651
-0.136504
-0.1916734
0.1016189
0.1917562
0.1444263
0.03820196
-0.03326776
-0.1108716
-0.05865655
0.01591265
0.1552723
0.1720171
-0.2728003
-0.1581606
0.3890628
0.2357812
0.4477707
0.5219977
0.3544251
0.08556731
0.2031112
0.1773032
0.1313437
0.07629019
0.03027031
0.1266048
-0.1990042
0.09041514
-0.1029842
0.04456723
-0.1046618
-0.04070674
-0.1044172
-0.08261335
-0.1110083
0.009507926
0.02836583
0.01894551
-0.2085894
-0.161943
-0.04824215
-0.1524563
-0.09267632
-0.1299196
-0.2122642
-0.2353798
-0.1088686
-0.07907257
0.3648157
0.31489
0.3142015
-0.1197098
0.2655758
-0.06270952
0.05294216
-0.138882
0.0482874
0.02873017
0.04825623
0.07345066
-0.02105914
0.1542751
-0.00161896
0.07561795
0.1584803
0.3327895
0.3048818
0.01854553
0.108923
0.04032002
0.06140762
0.04872509
0.002232125
-0.00818777
0.002929612
0.004728805
-0.06428883
-0.2235449
0.1580528
-0.1448339
0.1030655
-0.333129
-0.3639792
-0.1664139
-0.285884
0.1109334
0.2193064
0.2004175
0.4060181
0.1948013
0.2682936
-0.1291757
0.3468819
0.2359386
0.438528
-0.05744339
0.01429436
0.1497978
0.5654487
0.2289196
0.261583
0.38133
0.05995327
-0.09655349
-0.03250553
-0.1559013
-0.1313396
-0.2445981
0.09074126
-0.1577966
0.04190966
-0.1792574
-0.2597609
-0.3258886
-0.09023166
-0.1083676
-0.1693691
0.05422666
0.08442666
-0.1297976
0.2207987
0.08661664
0.1617253
-0.110709
-0.1710491
-0.1736983
0.1243686
-0.2060208
-0.1274256
-0.1637518
0.0513232
0.4626995
0.3641084
-0.1128612
-0.05084603
0.02759719
0.04441788
0.1184789
-0.01863519
-0.1146061
-0.04978858
0.06436538
-0.1335776
0.05252381
-0.240114
0.1507924
-0.1865308
-0.2122268
0.09910761
-0.303142
-0.09400811
-0.1989866
-0.1070168
-0.1039262
-0.2096303
-0.3995946
-0.2699462
-0.2559854
-0.1721105
-0.1934394
-0.06833336
-0.1203027
-0.05692634
-0.2556498
-0.2051546
-0.06506507
-0.2003893
0.1596675
0.1163096
0.38707
0.5022334
0.4610431
0.417036
0.2010506
0.3128897
0.3610755
0.4508009
0.2724183
-0.1201147
0.451552
0.461763
0.5128809
0.2645884
0.5619335
0.1579199
-0.1481009
0.1140605
-0.1615021
0.06508537
-0.1546204
0.03094717
-0.19879
0.4443326
-0.1867937
-0.1959593
-0.1628355
-0.2046156
-0.263701
-0.1499329
0.07852324
-0.02355367
-0.3513193
-0.1404361
-0.2012021
-0.07939181
-0.398944
-0.2799988
-0.4668268
-0.1345065
-0.01791701
0.02865289
-0.2749413
-0.03436529
0.4635782
0.289949
0.2846303
0.3722757
0.1860931
0.09853214
0.2557145
0.1955403
-0.1404885
-0.1402954
-0.1353996
0.1597867
-0.03831241
0.3953909
-0.1403928
0.1113431
0.3348902
-0.05482856
0.06252318
-0.005007046
0.03142932
-0.06247174
-0.2368118
-0.2194696
-0.1660404
-0.09876778
0.005106785
0.01327661
0.0896044
-0.02214822
-0.1987413
-0.2713842
-0.3751321
-0.03048926
-0.01285195
0.2107893
0.3104076
0.1896677
0.1027246
0.1760924
-0.1008681
0.3213408
0.08939872
0.4225547
0.1918463
-0.05756766
-0.1476351
0.4697696
0.3395044
0.6119285
0.5901716
0.5730695
0.2894593
0.1412422
0.2785946
0.02756375
0.1998787
-0.01497287
-0.1483864
-0.1452374
0.1672261
-0.2662883
-0.05504885
-0.09352984
-0.262359
-0.2781298
-0.1720243
-0.2440155
0.06227248
-0.1213807
-0.160659
-0.2414316
-0.07080359
-0.3881187
-0.1777743
-0.1901681
-0.08283077
-0.1499727
-0.05471895
-0.228632
0.04099971
0.2782014
0.08253226
0.1260793
0.2507576
0.2393384
0.41224
0.3446443
-0.2026264
-0.0129918
0.1128445
0.14223
0.04751648
0.3232083
0.072963
0.1280968
0.316157
0.08525175
0.3639231
0.02837612
0.004233502
-0.232316
-0.1662823
-0.008590724
0.1298394
0.2147561
0.06810983
0.05954352
0.0645363
-0.1465611
-0.07141969
-0.5210773
-0.4298401
-0.2669277
-0.2036234
0.1448303
0.1837601
0.2133561
0.2351837
0.2076743
0.08301375
-0.001353686
0.03099617
0.1646143
0.2717299
-0.1791111
-0.3626262
0.2480402
0.2935071
0.4165991
0.6208445
0.3685503
0.1198027
0.1345026
0.2694743
0.1683942
0.2292988
0.01990106
-0.1725349
-0.3622818
0.09642317
-0.08729436
-0.06639672
-0.152496
-0.1505667
0.04400581
0.06471223
0.02246284
-0.1605122
-0.1459063
0.2752309
-0.1842899
-0.01874283
0.005353346
-0.2438227
-0.1452289
-0.1371963
-0.237501
-0.2376107
-0.1336277
-0.305614
0.2850906
0.4858374
0.5565512
0.08005289
0.3293532
0.3182319
-0.129847
-0.1263981
0.2055204
0.1753472
0.3408342
0.4187295
0.09291892
-0.07256937
0.100442
0.2039346
0.1669884
0.03836684
0.06984211
0.06059104
0.1411371
0.2943423
0.1220562
0.3414482
0.5304423
0.4981796
-0.1187606
-0.08237364
-0.1687222
-0.2526854
-0.2082161
-0.08649616
-0.04492498
-0.01141074
0.06312077
-0.2879891
-0.4723107
-0.06054104
-0.4092974
0.1915271
-0.1372585
0.1522944
-0.2167817
-0.3410337
-0.1648839
-0.005935844
-0.08875516
0.1486383
0.3469143
0.1832039
0.4089776
0.2796679
0.1997719
0.5849221
0.2199136
0.3193998
-0.2646785
-0.1091629
-0.1044956
0.1307833
0.2461535
0.1986446
0.1691075
0.2147933
0.3851085
-0.07531291
-0.2108212
0.2821551
0.1265888
-0.3983957
0.01556165
-0.03628933
0.2743323
0.3995621
-0.3113279
-0.2858337
-0.05060692
0.1516644
0.1163094
0.2994285
0.2964181
0.1039866
-0.02764107
0.08838593
0.06420173
0.1740237
-0.2506001
0.1097872
0.1059487
0.07080678
0.07508202
0.1855288
-0.02516864
0.2799379
-0.1647987
-0.1408288
0.1482923
0.3178831
0.1670452
0.05824543
-0.05736869
0.06723237
0.4149111
0.1772715
-0.008991611
-0.1019823
0.1119121
-0.1773698
-0.3461177
0.02821704
-0.1864902
0.1261162
0.2858303
0.1814056
-0.05292511
0.1571446
0.05290923
0.3044748
0.3928472
0.4899707
0.2976945
-0.09409017
-0.0870648
0.102889
0.1761282
0.1791308
0.02793738
0.4364974
0.3411129
0.2569004
0.08212285
0.0860516
-0.1729137
0.1031062
0.05823149
0.09394527
0.06358622
-0.2256953
-0.00114949
-0.1802787
-0.04728046
-0.08757931
-0.006264984
-0.04642222
-0.03673612
0.02710513
-0.126014
-0.213305
0.09900189
-0.1382707
0.2586154
0.2297086
-0.2559979
-0.2584316
0.2423486
0.1306825
0.2217374
0.4287043
0.1526628
0.1007895
0.1885865
-0.3531376
-0.05172715
-0.2637895
-0.05246379
-0.01021953
0.2678059
-0.3416539
-0.06347023
-0.1512705
0.1675059
-0.3629922
-0.2068437
-0.1576073
-0.07890617
-0.1387598
-0.2560781
-0.3101697
-0.1022055
0.2228467
0.08585973
-0.100259
0.1452915
-0.3157909
0.04974945
-0.01715039
0.08364043
0.2010834
0.4447052
0.2974255
0.1155452
-0.1705264
0.1580622
-0.1436545
0.3566434
0.1652865
0.3827753
0.03712697
0.07270829
-0.1336562
0.2945336
-0.04199751
0.3748903
0.2264741
0.2676649
0.4484906
0.3567513
0.3150846
0.3125301
0.1471216
0.08008357
-0.3410504
-0.1704118
0.187152
-0.06517244
0.2701566
-0.008993562
-0.09353368
-0.1332346
-0.03867317
-0.01192667
0.09678719
-0.02661331
-0.2544648
-0.2876659
-0.2228824
-0.2713487
-0.0531301
0.2023146
-0.1193751
0.0997021
0.1358838
0.105304
0.2682708
-0.0427408
0.3033645
0.2366844
-0.1601822
-0.105243
0.008100456
0.009379633
0.2256877
0.1835541
0.1768928
0.01247229
-0.02920743
0.2355549
0.02192611
-0.1168306
0.03578492
0.1097952
0.1747968
0.116338
-0.03673811
0.3008208
0.5162982
0.2961539
-0.08018239
-0.274966
-0.1211961
-0.2539051
-0.1755825
-0.0260202
0.006869471
0.08718389
0.1603311
-0.09197499
-0.169039
0.1266929
-0.02571588
0.2400806
-0.1118228
0.1780134
0.05343987
-0.2128264
-0.2258151
0.06739727
-0.06606818
0.2517474
0.2875068
0.1723673
0.293735
0.4949588
0.05497513
0.4485924
0.223212
0.3268772
-0.1790069
-0.2256515
0.007744228
0.1344925
0.2859454
-0.0176788
0.1593906
0.1767281
0.3637879
0.2384069
-0.2761556
0.1882363
0.05920433
-0.3892899
0.05327604
-0.08289534
0.2465398
0.292791
-0.2871008
-0.1777284
0.1526033
0.1675699
-0.01639761
-0.02140906
0.3333614
0.1805683
-0.04314075
-0.1186149
0.1608893
0.2789754
0.2831842
-0.249389
-0.0664384
-0.1803968
0.06486341
-0.04559032
-0.2027345
-0.1359574
-0.07527039
-0.01703374
-0.2145413
-0.03703269
-0.006517463
-0.05091476
0.181382
-0.03862756
0.2879002
-0.1007102
0.1196445
-0.04260478
0.1161918
0.1961581
0.2701772
-0.0213717
0.2568065
0.03004209
0.03586722
0.05144873
0.2547155
-0.0797897
0.2484819
0.0700354
0.1037331
-0.3176456
0.1500335
0.07541148
-0.01491911
0.09023732
0.04668537
-0.05856304
0.2627543
0.6207649
0.0987172
0.1837326
0.2906483
0.2175024
0.003059326
0.05978048
0.03692118
0.128529
-0.002379775
-0.07318631
0.02352382
-0.118277
-0.09653448
-0.1199212
-0.2989924
-0.2183324
-0.3458371
-0.1647734
-0.1809593
-0.1136937
-0.247165
-0.1079473
0.1564521
0.05189358
-0.02421918
-0.1404825
0.5692428
-0.2119872
-0.1047008
0.2103919
-0.1012825
0.1950213
0.1506358
0.3871524
0.2228441
0.3316882
0.1328088
0.5358948
0.1216285
0.296916
-0.1451199
-0.1171033
0.2968452
0.483599
0.2745588
0.3089851
0.2459011
0.1934634
-0.2006716
-0.1739666
-0.4011545
-0.3303282
-0.3175083
0.03281751
-0.1228147
0.01093807
-0.3725381
-0.225877
-0.006517017
-0.2645647
0.08727653
-0.258183
-0.1321981
-0.2400956
-0.4960906
-0.2258489
-0.1606843
-0.07342618
0.2777591
0.4791535
0.03238416
0.1772322
0.2097534
-0.07746889
0.1941568
0.6062396
0.3957697
-0.2554888
-0.2998719
-0.3546321
0.1045275
-0.05253108
0.1485351
0.08488241
0.2864613
0.5017497
-0.05082099
-0.1024769
0.4172789
0.4219079
-0.2077803
0.2497102
0.391862
-0.03268087
0.2060469
0.01040423
-0.261607
-0.05589565
0.07049122
-0.1955308
-0.2069145
-0.07577261
0.2134863
0.08125031
0.3663415
0.1001615
0.1066884
0.1321494
0.23584
0.3246988
0.4300294
0.009728852
0.08453684
-0.3501948
-0.09417309
0.166911
0.3001115
0.3121909
0.1534193
0.1880369
0.006659242
-0.1111959
-0.2918057
-0.2011687
-0.2047668
-0.4442267
0.2519168
-0.1215794
-0.2312393
-0.2200481
-0.2204599
-0.1879017
-0.265385
0.02240138
-0.1681264
0.02623949
-0.1466389
-0.4406209
-0.4499673
-0.09178095
-0.02354174
0.07059413
0.429563
-0.1335612
0.07365565
0.3938792
0.4282644
0.3303448
0.620142
0.6206467
-0.191536
-0.152124
-0.2378836
0.2318305
0.1618807
0.158649
0.238442
0.399
0.3383181
-0.1365835
0.004393551
0.2235388
0.1883718
-0.2866393
0.2035458
0.1985664
-0.1582593
0.1569127
-0.09329986
-0.08990279
-0.1197535
-0.0902563
-0.1728722
0.07933854
0.1071205
0.07397514
0.1226788
0.02806484
0.1638773
0.1001137
-0.1609629
-0.1184074
0.05837716
0.06086693
0.2416928
0.2695761
0.1914729
0.2250984
0.1127032
0.1433684
-0.1580807
0.1321693
0.1550242
0.2299687
0.1712159
-0.0702177
-0.2672291
0.2204093
-0.3620171
0.0514649
-0.1049768
0.1208302
-0.06669708
-0.1638512
-0.01521111
-0.05763426
-0.143683
0.2043754
0.06978558
-0.07061296
0.1653062
-0.1296822
-0.01085518
-0.24154
-0.2805429
-0.003036423
-0.3072246
-0.01055495
0.010275
-0.1502291
-0.3964449
0.01243203
0.7051302
0.3989592
-0.1648931
-0.04820239
-0.1271479
0.053487
0.1115505
-0.1621821
0.02339709
-0.1370248
-0.208653
-0.1701466
-0.1782508
-0.01866662
0.3011749
-0.06021004
0.1651332
-0.106845
0.1373082
-0.07584502
0.08817745
0.09115886
-0.164954
0.04316913
0.09366297
-0.115857
-0.2894315
0.05350541
0.202839
-0.007407477
0.08259847
0.03520258
0.1397729
0.1588503
0.2264713
0.2768522
0.1050442
0.05085409
-0.07090192
0.164765
-0.008400047
0.09826335
0.1706981
0.2730391
-0.1457915
-0.1935815
-0.2533617
-0.323921
0.01804374
-0.0852708
-0.02577462
0.1553837
0.2104087
0.1391413
-0.08053394
0.2209486
0.06338319
0.1044751
0.1192017
-0.01140796
-0.1013294
0.2218125
-0.0235793
-0.2959606
0.1228868
0.09140914
-0.05573689
-0.1447211
-0.2021342
-0.2496098
-0.01822476
0.1170955
0.4703031
0.09595291
-0.07229508
-0.2026181
-0.01011306
0.01656285
-0.03908273
0.0355373
0.1610638
0.2759731
-0.05570784
0.04659905
0.3588149
0.2597471
0.1343685
0.09059527
0.05451898
-0.003931665
-0.0048799
0.1790941
-0.03035216
0.04223462
0.2399531
0.2985513
-0.06994706
0.2886609
-0.001338505
0.2644521
0.1863135
0.594644
0.2604786
0.142267
-0.0507671
0.1318869
0.5301521
0.3953565
0.4682341
0.04336247
0.2469478
-0.1511642
-0.005349459
-0.08641199
-0.3056962
-0.2487746
-0.5284767
-0.2526622
-0.3803258
-0.4285539
-0.2921949
-0.1981978
-0.1879223
-0.1962495
-0.2351372
-0.3376287
-0.1628927
-0.1781569
-0.5385737
-0.02588612
-0.3986441
-0.08541009
-0.1823745
0.1550161
-0.2808633
-0.1337389
-0.188875
0.007825154
0.3343019
0.2937262
0.1242601
-0.01469549
0.02655339
-0.3504276
0.2736808
-0.122772
0.6021023
0.5742025
0.4806345
0.4860513
-0.01094193
-0.03468805
0.3936245
0.5023481
-0.01167657
0.1859241
0.260153
-0.009965598
-0.06550379
-0.1083815
-0.03679329
-0.3897302
-0.1682553
-0.3304378
0.5893185
0.3956974
0.1244507
0.04445331
0.06669562
0.2231041
0.1443017
0.272263
-0.2666752
0.04042665
0.1945796
0.2173706
-0.1719239
0.3536153
0.1481675
0.3195537
-0.2729934
0.1552091
0.09854193
0.02027162
-0.1064413
-0.09994932
-0.08792197
-0.1992066
-0.1744853
-0.04444365
-0.07201563
-0.1001961
-0.1921012
-0.0652287
0.1161107
0.02344226
0.1719159
-0.04658665
-0.2267129
0.1813738
0.1420082
-0.151143
0.03671527
0.09434355
0.006234816
-0.01800049
0.06302394
0.2414346
-0.06521598
0.127481
0.182918
-0.05581896
0.191065
0.3205957
0.3526493
0.04951954
0.3974372
0.2090283
0.02182652
0.100169
0.1899376
-0.003880838
-0.07696651
0.04140439
-0.2967179
-0.2014522
0.06966797
-0.06272824
-0.3105912
-0.0797109
-0.1244193
-0.09678041
0.0132085
0.3470332
0.4019834
-0.05641833
-0.003178149
0.3037922
0.2583014
0.1233084
-0.0916654
-0.02370783
0.3682541
0.4958502
0.2039334
0.6312283
0.3620151
0.6580017
-0.3109251
0.1224976
0.02771717
0.1116393
-0.005742826
-0.07845401
0.02218261
-0.2897147
-0.3084434
-0.2265848
-0.3007943
-0.1544523
-0.3565905
-0.07454729
-0.1214172
-0.06362825
-0.1206186
-0.2044705
-0.4099404
-0.1525531
-0.08093647
-0.2764311
-0.0351619
-0.2179607
-0.01276862
0.2609024
0.1766466
0.4027326
0.2085174
0.411487
0.1174406
-0.111198
-0.1723124
0.5650139
0.4274402
0.1224984
0.480654
0.4852789
0.4191163
0.0310303
-0.2051925
0.205078
0.04365982
-0.2248955
-0.05102048
0.06217436
0.2863608
0.2711132
-0.4261266
-0.109494
-0.01752601
0.1305056
-0.0236837
-0.06727376
-0.1128155
0.08057229
-0.05065696
0.003677508
0.1658839
-0.1157009
-0.0539423
0.02060126
0.03614623
-0.04143612
0.1451696
0.1621159
0.4188872
-0.08078652
0.1021232
-0.02354959
-0.0752149
-0.198478
0.1684962
0.08388366
0.0657763
0.04624033
0.01458616
-0.1096923
-0.09258159
-0.2109589
0.3026489
-0.08304331
0.1407085
0.06001755
-0.01829732
-0.08492828
0.2592798
0.03186342
0.1345764
0.3183276
0.2236739
0.3257492
0.1519449
0.2968312
0.2482686
0.06669317
-0.03789555
0.1336209
-0.2337276
0.121244
0.1034397
0.3292765
-0.008271093
-0.02176923
-0.2209202
-0.02462835
-0.007961544
-0.1833463
-0.1521962
-0.2732438
-0.2374491
-0.206907
-0.3194287
0.040244
0.0896016
-0.1046975
-0.07798763
-0.04152283
0.1164092
0.05333406
0.2546886
0.2298523
0.2756462
0.5276311
0.1449364
0.2320973
0.03066562
0.2354886
0.6554382
0.4914259
0.6229563
0.2696303
0.343406
0.02944764
-0.188962
0.03485027
-0.293158
-0.2042858
-0.2930403
-0.3264732
-0.4125174
-0.1942896
-0.2562653
-0.1723279
-0.1101362
-0.1041557
-0.3197668
-0.1140962
-0.2113886
-0.1310591
-0.435632
-0.07686457
-0.4430281
-0.01679385
-0.06637711
0.05994207
-0.2123817
-0.1177767
0.1397953
-0.3420597
0.03333498
0.1251157
0.1797894
0.1032822
-0.06783393
-0.3415111
0.2639688
-0.06435842
0.01800181
0.2801471
0.3789156
0.6296649
0.09005043
-0.2882818
0.363497
0.5011289
0.03479105
0.3539346
0.3917059
0.3784785
0.2230846
-0.129021
-0.4360676
0.05756027
0.2359563
-0.1157075
0.4632524
0.4826881
0.3040406
0.4869004
0.4761494
0.1783911
0.04116812
0.2208385
0.2043883
0.04262537
0.01646694
-0.07605008
0.6627942
0.00552411
-0.09324125
-0.2342281
-0.3394361
-0.2833979
-0.03164823
0.1992856
0.2234305
-0.21783
-0.1067058
-0.07839002
-0.06048153
-0.0909249
-0.09556046
0.0404564
-0.03941186
-0.3161544
0.1288764
-0.2118234
0.1646932
0.08533264
-0.02132159
0.09885624
-0.07638991
-0.01766318
-0.05564614
-0.2164252
-0.0421846
-0.04870794
-0.1345885
0.1103688
-0.408975
-0.3573549
-0.3939544
-0.1382263
-0.1235822
-0.1071426
-0.09671586
0.07882583
0.3819678
0.1890342
0.192635
0.4071974
0.3127916
0.1290306
-0.08961628
-0.01703983
0.5190662
-0.1656451
-0.151792
-0.1732735
-0.2447416
0.2289318
0.4885384
0.3571598
0.2940628
-0.09760287
-0.04373667
0.174389
0.267933
-0.01531002
-0.05632923
-0.07616846
0.3806093
-0.03176903
-0.06329574
-0.2072646
-0.2568558
-0.4154126
-0.05056488
-0.04801221
-0.2069228
-0.3002631
-0.1187528
-0.1140244
-0.1458319
-0.1985871
-0.1427944
-0.1637611
-0.07239717
-0.4356891
0.09435694
-0.05843806
0.144125
0.2410479
0.2578462
0.1364615
0.03046506
-0.1348843
-0.001193693
-0.1268727
0.2014868
-0.04487793
-0.2732903
-0.1265649
-0.2986179
-0.2203708
-0.2763896
0.03965741
-0.1331735
-0.09615689
-0.04798758
-0.09636061
0.1961978
0.1587014
0.2162542
0.1500429
0.1862368
0.07080111
-0.1373691
-0.04275901
0.2930645
-0.189637
-0.2014072
-0.1734936
-0.3328919
0.2190319
0.1420841
0.1200536
-0.02063425
0.07406286
0.2374776
0.11194
0.3427026
0.2865688
0.2154254
0.03651211
-0.1702327
-0.2728983
-0.1355621
-0.1218684
-0.367916
0.1375398
-0.1068651
-0.04539893
-0.2177831
-0.3314482
-0.2164399
-0.1713412
-0.04008064
-0.1272449
0.02898836
-0.02568123
-0.2825155
-0.2782465
-0.1798963
-0.04371994
0.009682077
0.002768091
-0.06448859
-0.04991747
0.3719597
0.1177891
0.2631925
0.1826209
0.2810561
-0.2059412
-0.02140174
-0.2034273
0.1759425
0.04360391
0.1853711
0.3469771
0.2863212
0.3161083
0.3747643
0.2071662
0.3804592
0.1491239
0.008169878
0.07088789
0.1582298
0.04589354
0.1818609
-0.1252606
-0.04828897
-0.1197468
-0.000985406
-0.08148143
0.3750113
0.3806437
-0.10737
0.0335565
0.5788463
0.711893
0.5360413
0.1137764
0.2389484
0.2008999
-0.1145346
0.003102044
-0.4769639
-0.4652534
-0.5514576
-0.2792134
-0.4194809
-0.1993749
-0.2774072
-0.1265001
-0.1523936
-0.125907
-0.2561214
-0.3118936
-0.3008679
-0.2063119
-0.6367489
-0.09410862
-0.3142472
0.01163892
0.04564704
0.3008759
-0.2037652
-0.147591
0.01416041
-0.00497164
0.06152487
0.3368556
0.2406835
0.03076934
-0.03423539
-0.4427994
0.03526502
-0.2634652
0.2307007
0.224269
0.3836922
0.3949353
-0.09426303
-0.1548648
0.3792326
0.5634437
0.03635769
0.3128981
0.4950776
0.02607953
0.02127163
0.002770776
-0.3197235
-0.3715828
-0.1017363
-0.4379843
0.4939087
0.1844931
0.09919565
0.4845078
0.2432319
0.1108356
0.08111343
0.1752628
0.5152148
0.1808259
-0.06501855
-0.05210296
-0.3298072
-0.2276999
-0.05139686
-0.2427781
-0.2180192
-0.2796149
-0.1454783
-0.1967529
-0.2703975
0.01339231
-0.1198911
-0.2019171
-0.1271022
-0.2614347
0.2259747
-0.356343
-0.09565223
-0.2092906
-0.1500509
-0.1157712
0.01795669
-0.3002313
-0.08521385
-0.1307403
-0.1835417
-0.1611225
-0.07184919
0.1983676
-0.4089986
-0.1037053
-0.1644805
0.1328897
0.01126266
-0.1497275
-0.03407392
-0.02331316
0.2373984
0.04123533
0.05424887
0.6730346
0.2694787
0.02116554
0.1726091
0.08846972
0.4128924
-0.1160115
-0.1446371
-0.0664968
-0.3831574
0.3171577
0.022641
0.3886028
0.4874645
0.04224566
0.2542379
0.2103139
0.6638457
-0.1354126
-0.06645953
-0.3867897
-0.5930019
-0.2120972
-0.3097897
-0.05457087
0.01735839
-0.1647033
-0.2129889
0.01821333
-0.1321015
0.2182078
-0.1025868
0.1288286
-0.02265885
-0.3597277
0.2240965
-0.3230943
0.01343499
0.02964137
-0.0930331
0.1315355
0.08779124
-0.04223676
-0.151726
-0.2538078
-0.05645979
0.1057301
-0.008643965
0.2776078
-0.4734731
-0.4120212
-0.4660653
0.07183952
-0.137633
-0.1403
0.2011693
-0.06032694
-0.06565552
0.1852327
0.1665457
0.2525987
0.690898
0.1962961
0.2824572
0.1602324
0.3875312
-0.2834154
0.01873156
-0.005520064
-0.2980568
0.3283554
0.1698604
-0.07153811
-0.1068024
0.3195556
0.1070802
0.1978256
0.05583139
0.1603305
0.03733236
-0.246871
0.2633925
-0.2442462
0.1216819
0.2670516
0.05688871
-0.06760495
0.1921022
0.04429788
0.2389445
-0.01555494
0.1048384
0.1415371
0.06994256
0.2211289
-0.126832
0.06174804
-0.1074538
-0.2638721
0.2024697
0.1989577
-0.1561716
-0.2102287
-0.1751055
-0.4065887
-0.1160383
0.1089712
0.3815695
-0.1116144
-0.3262427
-0.2436788
0.1052083
-0.08199812
-0.1536078
-0.1030548
0.01143365
-0.0518509
0.05679974
-0.1299158
0.1152822
0.06198005
-0.1986664
0.3461195
0.08042346
0.042911
0.0407318
0.3711493
0.2028734
0.04804676
0.3423813
0.1204319
0.1536906
0.3561489
0.3541892
-0.1169318
0.05433549
0.4537137
0.1147404
0.03705697
0.1543507
-0.1335602
-0.1137464
-0.1279645
-0.1096741
-0.1263668
0.1571013
-0.1256945
-0.07838329
-0.05627726
-0.194843
-0.1445993
0.06945922
-0.07792402
-0.1800159
-0.1463759
-0.2269575
-0.2978519
-0.0731733
0.0858205
0.04107917
-0.1498268
0.0009747117
-0.2537098
0.06203169
0.1811091
0.1971796
-0.02660131
0.1678227
0.05911582
-0.05060601
0.2005266
0.1344464
0.1123135
0.2111134
-0.1044649
0.05039372
-0.01030903
0.03918061
0.1061154
0.09828993
0.3176993
0.2625232
-0.1274163
-0.04179821
0.2170769
0.3280003
0.06358899
0.6603045
0.6935177
0.3384817
0.507597
0.0669779
-0.02061372
-0.02285988
-0.2544026
-0.3350546
-0.2977201
-0.3616356
-0.500795
-0.2476673
-0.4249359
-0.3099055
-0.2078014
-0.2943783
-0.2696253
-0.1458653
-0.1993772
-0.1988979
-0.5842472
0.02891981
-0.6979343
-0.1997056
-0.3227875
-0.07142681
-0.2816939
-0.02110916
-0.09740026
-0.282763
0.1748883
-0.0605651
0.2342188
0.09051368
-0.04804636
-0.5961334
0.1647108
-0.09939783
0.2242265
0.4326254
0.3862339
0.5496457
-0.1426405
-0.2888261
0.4927337
0.3965193
0.118027
0.443582
0.4439498
0.4709496
0.3707022
-0.1285871
-0.4233258
-0.1393452
0.1149543
-0.2709243
0.4969383
0.1582404
0.3095782
0.2467063
-0.06786277
0.05772554
-0.4023741
-0.3463759
-0.3402496
-0.3037126
-0.4220889
-0.08947158
-0.3388411
-0.1743321
-0.1798003
-0.1025611
-0.2242087
-0.2010847
-0.2594502
-0.2186471
-0.5575554
0.04179341
-0.4969817
-0.07355293
-0.1348683
0.05586207
-0.2780923
-0.09325648
0.0009594722
-0.1520298
0.03150123
0.2309792
0.2207828
0.08946777
-0.08098632
-0.5257084
-0.01901694
-0.3127809
0.1188487
0.1045315
0.3560866
0.4254025
-0.1526928
-0.3663865
0.4305096
0.5100551
0.0114041
0.5216184
0.7020181
0.2326957
0.2518937
0.01630889
-0.4191543
-0.2786058
0.08887442
-0.3386352
0.3256717
0.5285354
-0.205064
-0.1145541
-0.03089852
-0.3315632
-0.2211818
-0.3132088
-0.2348694
-0.4303087
-0.1394496
-0.2431644
-0.2404555
-0.1670528
-0.1875095
-0.1766923
-0.1459623
-0.03999394
-0.04282119
-0.4780343
-0.3461189
-0.3585652
-0.05505008
-0.2522295
0.113571
-0.2351435
-0.05267863
0.2128325
-0.0118625
0.4048225
0.230388
0.3056822
0.03802627
-0.2539079
-0.2293331
0.4620312
0.1786015
0.1848123
0.5818283
0.6343452
0.6462205
-0.0549219
-0.3728055
0.3157423
0.4235692
-0.1696406
0.1594145
0.3050429
0.2965823
0.1908946
-0.422522
-0.3949729
-0.1816367
0.1101678
-0.2543873
0.5242522
-0.04652357
-0.1362728
0.1542145
-0.1829326
-0.277961
-0.06087593
-0.04338784
-0.2021802
0.08912671
-0.2836537
-0.3021737
0.03787666
-0.2866987
0.3536122
0.06765677
-0.01209243
-0.01162218
-0.1571233
-0.222488
-0.1832938
-0.01240893
-0.09610528
-0.02675976
0.160852
0.5142938
0.2715638
-0.1996545
0.2107706
0.0581441
0.290124
-0.1086781
0.03316533
-0.06490908
0.1224239
0.2177993
0.1305995
0.1909895
0.2701766
0.4187864
0.1790171
-0.1253116
0.3079666
0.1838835
-0.1466159
0.07481374
0.1430924
0.5082466
0.5110595
-0.3554318
-0.2507279
0.289324
0.4293227
0.2274744
-0.1462605
-0.03325023
0.1642794
-0.1414035
-0.2533431
-0.02072395
-0.1159691
-0.2305959
-0.1614341
-0.219358
-0.4631418
-0.1086133
-0.4482673
0.2290991
-0.256796
0.1066936
-0.221853
-0.1638189
-0.2089016
-0.1944812
-0.1426444
-0.1468668
-0.03101732
-0.07987981
0.2090804
0.2793178
0.1162175
0.3698246
0.1526089
0.4073615
0.1081676
-0.008205898
-0.1856574
0.3383405
0.2330939
0.2561033
0.321142
0.2266593
0.5255976
0.01787147
-0.288146
0.2522018
-0.005041483
-0.2632685
0.116133
0.108428
0.4277842
0.4994141
-0.3426124
-0.1158503
0.1004589
0.3004356
0.07588814
0.1260737
-0.1392398
-0.08440348
-0.3189073
0.01524166
-0.03672781
0.2822283
0.212213
-0.08190716
-0.03982813
-0.04360759
-0.05198284
0.1003289
-0.1294352
-0.003391544
-0.09060457
-0.1705873
0.3663521
-0.1830011
0.1158885
0.03534494
-0.1084734
0.05476057
-0.07852855
-0.09389243
-0.1187726
-0.4335223
-0.1463501
-0.1619289
-0.1099066
0.2257494
-0.4307397
-0.4672232
-0.4253317
-0.1083195
-0.4645872
-0.3704834
-0.2312608
-0.051935
0.2074834
-0.07999446
0.07804766
0.4157104
0.4478466
0.07113643
0.01498747
-0.06010186
0.7819705
-0.08845389
0.05043979
-0.04518808
-0.3245223
0.002821037
0.4173986
0.1137505
0.2204647
0.01160257
0.1918542
-0.1617661
-0.03755413
-0.04645159
-0.1499185
-0.177225
-0.1022033
0.0331594
-0.01201526
-0.08798476
0.07271274
0.2115387
0.01687741
0.0205064
-0.1468379
-0.1803458
-0.1866145
-0.1171789
-0.1098101
0.1274138
-0.1405319
-0.1985889
-0.1212857
0.2364805
0.2269625
0.00694408
-0.03273687
0.1702551
0.0767097
-0.1312184
-0.1731451
-0.3314632
-0.06779518
0.2054718
-0.1757103
-0.1940702
0.2118902
-0.1484204
-0.07651578
0.01315564
-0.03649234
0.2082585
0.2547595
0.1287147
0.1883646
-0.08637943
0.007013007
-0.02034896
0.1932046
-0.248636
-0.1210881
-0.01195283
0.03597821
0.05781843
0.05617339
0.03597392
-0.06341169
0.1560151
-0.1174278
0.0335605
0.1867179
0.04141079
0.1228846
0.08899565
-0.212389
-0.1903919
0.1233584
0.09028147
-0.07838175
-0.26549
-0.1785086
-0.2587054
-0.1478122
0.3225756
0.1318941
0.3033566
0.02200854
0.03861646
-0.1755654
-0.1340523
-0.05159674
-0.1858378
0.03140224
0.0333957
-0.1482452
0.01347044
0.1875142
-0.07810382
0.1674249
0.1001497
0.1991641
-0.06391391
0.02052143
0.1211298
0.3176852
0.2244661
0.6871109
0.484475
0.4699845
0.1789695
-0.1907251
-0.0005100274
-0.1285952
-0.1621755
-0.1346842
-0.0602982
-0.04900488
-0.260706
-0.2547604
0.4647841
0.1069139
-0.05281692
-0.2577649
-0.3752769
-0.435709
-0.3205777
-0.1049558
-0.08986537
0.04493056
-0.1433587
-0.2028502
-0.112106
-0.02718395
0.1112171
0.08998177
0.1777363
0.3782295
-0.03212882
-0.1692206
-0.1514959
-0.3771525
-0.008535127
0.2369627
-0.1567543
-0.4259849
0.1247343
-0.4257194
-0.1887235
0.07879047
0.008143589
0.1492713
0.5692052
0.2936279
0.1027594
0.2195634
0.4016073
0.4336836
-0.01109511
-0.1030449
-0.1598791
-0.02195313
-0.1297455
-0.04138495
-0.2784138
-0.08221255
-0.3703303
-0.2946048
0.485435
-0.01567014
0.07053606
-0.2331901
-0.284878
-0.2884859
-0.4103911
-0.2937682
-0.1018781
-0.03516729
0.01579689
0.0371819
-0.04761365
-0.1960253
-0.06873512
0.178205
0.2917616
0.3377967
-0.1330441
-0.04277403
0.07906805
-0.1915871
0.108653
0.06438516
-0.1032246
-0.2022333
-0.02906875
-0.3910985
-0.07202408
-0.1145293
-0.06611396
-0.03616326
0.35472
0.07068989
-0.01286076
0.2018181
0.1128225
0.283443
0.3839656
0.2396777
0.03755319
-0.006393122
-0.03340183
0.1654822
-0.01247125
0.03084775
0.04174176
0.5667908
0.1859386
0.3104385
-0.0406574
-0.1180995
-0.2352412
0.04740249
-0.1268449
0.02346011
-0.07791753
-0.1837178
-0.4548233
-0.08241536
0.2189844
0.04317846
0.2070041
-0.1637827
0.2064754
-0.3336654
-0.3871827
-0.3901466
-0.4299948
-0.05254778
-0.2035271
-0.3598148
-0.5164878
-0.1504326
-0.2668339
-0.3156964
0.23446
-0.03922119
0.03661548
0.2239968
0.3232731
0.277949
0.2150944
0.09581654
-0.07107837
-0.1946439
-0.1640089
-0.220902
-0.1709693
0.1865835
-0.2210593
-0.2296921
-0.3504384
0.1104697
-0.2924999
0.08593458
-0.2918582
-0.136859
-0.0301784
-0.2354531
0.04378929
0.1839433
0.2790012
0.1573418
0.2913791
0.1252437
-0.2290821
-0.08276026
0.07094092
0.293383
0.380843
0.01529411
0.01345262
-0.04176962
-0.106371
0.06378196
0.273234
-0.06077046
-0.2804452
-0.07237731
-0.3487316
-0.1663188
-0.2442974
0.009037951
0.09828229
0.3724276
0.01614163
-0.01029428
0.1339212
0.4006043
0.3752342
0.09415991
0.3097989
0.1366824
0.2372708
-0.02228547
0.3466957
0.09464961
0.3088135
0.1405698
0.3321431
0.1531855
0.3180597
0.006557383
0.2755029
0.09633621
0.07847393
0.2818869
-0.1590144
-0.1255016
-0.154242
-0.1290848
0.005719509
0.1148055
-0.3592865
-0.07280117
-0.2052567
-0.4396584
-0.4481066
-0.4135644
0.01319958
0.2366415
-0.3196496
-0.2991113
-0.1154932
-0.1459504
-0.3423149
-0.2212802
-0.1782394
0.3699596
0.2906127
0.2630848
-0.04051397
0.07593347
0.3093987
0.2226171
0.3447882
0.244268
0.2610758
0.1501683
0.2942179
0.2807201
0.2423442
0.04672822
0.3725889
0.2899332
0.36566
0.1143627
0.4292581
0.1297399
-0.01500912
-0.08069444
-0.1003227
-0.1531944
-0.1785244
-0.1066548
-0.1185277
0.1135939
-0.5168881
-0.2850012
-0.3747006
-0.4272642
-0.2170032
-0.2957429
0.004572825
-0.07958408
-0.04432304
-0.04408274
-0.1771149
-0.1256543
-0.1435105
-0.02854059
-0.1305222
-0.001761396
-0.1225745
-0.01522066
-0.03218275
0.1535643
0.5386403
0.4051389
0.5095583
0.2267128
0.2775037
0.3644611
0.5272174
0.3928822
-0.04088827
0.4052591
0.235881
0.3244079
-0.04588024
0.2657567
-0.07066808
0.1269557
0.2205112
-0.1866488
-0.260216
-0.2524029
0.2496095
0.08274096
0.3954288
-0.2420805
-0.133075
-0.2608906
-0.2586465
-0.343967
-0.3818596
0.0240527
-0.138799
-0.5220334
-0.2964023
-0.116833
-0.1295822
-0.3682429
-0.0852863
-0.4122869
-0.07413895
0.03503164
0.1682145
0.001122436
0.01376504
0.5138696
0.7447764
-0.02417269
0.3762513
-0.0008090773
0.5016274
0.3072339
0.01361068
0.2327283
0.4187763
0.266552
0.03568795
0.2202821
-0.140328
-0.2043403
-0.03729191
-0.3906173
-0.2018133
-0.4369854
0.1457786
-0.07233996
0.2974048
-0.2073987
-0.307929
-0.3384922
-0.2198105
-0.1874793
-0.3741181
0.1630167
-0.05233433
-0.450317
-0.03567116
0.1456594
-0.02275301
-0.1629973
-0.2028726
-0.5138193
-0.02294564
-0.007513329
-0.01634678
-0.1921107
-0.1414499
0.5590522
0.2801388
0.2612711
0.2313435
0.3059244
0.2734477
-0.1380261
0.2790064
0.1874198
0.444875
-0.0356729
0.4276111
0.2433325
-0.1053705
-0.02534349
-0.1595452
-0.02015164
-0.2496042
-0.1303766
-0.1596113
0.3233545
-0.2220049
-0.3204025
-0.2574886
-0.1431253
-0.0799609
-0.08821219
0.1875726
-0.04929712
-0.224974
-0.03033123
-0.08226354
-0.03546726
-0.2228443
-0.05849175
-0.2439301
-0.1285858
-0.03453466
0.2455187
-0.05770763
-0.03534445
0.07227667
0.3523275
0.1184624
0.5447284
0.1585973
0.050007
0.1545169
0.2920803
0.2559172
-0.1054372
0.2268698
-0.07584184
-0.03405837
-0.04472241
-0.2549581
-0.1251422
-0.3405717
0.1278585
-0.09101346
0.2975761
-0.244476
-0.3524839
-0.2902931
-0.1287727
-0.02097378
-0.2153344
0.2693008
-0.09840674
-0.2115144
0.02226401
0.05693137
-0.0443377
-0.07515596
-0.1054746
-0.4134717
-0.06726043
0.044198
-0.02068463
-0.1295461
-0.1091719
0.1337623
0.4489413
0.2714711
0.1765869
-0.05809304
0.1817479
0.08280429
0.1298495
-0.000815136
0.4137192
0.5502405
0.1818491
0.1936424
-0.0435615
0.1246021
0.01882069
-0.06234505
0.08617227
0.1234979
-0.1966463
0.001771301
0.08591313
-0.1546984
-0.1846572
-0.02103187
-0.02857064
-0.03234692
-0.2250219
-0.3460568
-0.1840725
-0.1219011
-0.4410907
0.1412502
-0.008385082
-0.06488823
0.09042981
0.3844376
0.2654979
0.132841
0.3690667
0.5981286
0.1255067
0.01569743
0.1540451
0.32688
0.07504263
-0.1082262
0.4436539
0.3752763
-0.1241598
-0.1557684
-0.2328411
-0.2949442
-0.2321076
0.03998545
-0.1290909
0.3479827
-0.2239925
-0.01367835
-0.3866856
-0.1747217
-0.0862014
-0.2254177
0.007076351
0.03546478
-0.2413261
-0.1121137
0.1298876
-0.04926584
-0.1908491
0.104878
-0.01520324
-0.1876245
-0.2105357
0.1137884
0.06242968
0.2526576
0.5000432
0.05798947
-0.05657931
0.2895196
0.3504272
0.3193752
0.09516867
0.5865346
0.2679097
0.1591579
0.3509005
0.1084497
0.002792171
0.02979747
0.05109473
-0.02016219
0.2143612
-0.2482906
-0.04384144
-0.05981228
-0.0624471
-0.2015418
-0.04747258
-0.1595448
-0.01440343
-0.1657725
-0.2829453
-0.2977065
0.07487451
-0.4406058
-0.04237801
-0.06198132
-0.1411397
-0.01938355
0.1458864
-0.1027732
0.1464285
0.1681832
-0.04348421
0.2983184
0.5086725
0.1853409
-0.00374564
0.5896298
0.1394172
-0.02249889
-0.006052846
-0.1544405
-0.226183
-0.1744642
0.1765597
-0.1196881
0.3571488
-0.24792
-0.07586041
-0.2436025
-0.08676626
-0.07000079
-0.2135964
0.1669736
-0.0672101
-0.3047499
-0.1099642
0.01857856
-0.004345906
-0.2889583
0.0511699
-0.2135902
-0.2178257
-0.1336986
0.06592419
0.02142261
-0.03325337
0.01189921
0.4149006
0.2253816
-0.02523463
-0.2849601
0.110862
-0.03397798
-0.1449585
0.08281627
-0.2827039
-0.3275591
-0.2813643
0.03209868
0.1773493
0.4986201
-0.0733176
0.09683951
-0.2984635
-0.3595677
-0.35139
-0.4527243
0.1885034
0.09020518
-0.5302578
-0.4585949
0.05662733
-0.4234401
-0.401393
-0.1131198
-0.2087916
-0.04718112
0.4292495
0.3027337
0.02179956
0.3264467
-0.1843142
0.02519817
0.02697698
-0.1689051
-0.1130365
-0.06846396
-0.2910639
-0.2519117
-0.4088939
-0.3991575
-0.3978414
0.1028024
0.2036935
-0.2184703
-0.4090979
-0.2657612
0.1561785
-0.2280061
-0.3286579
-0.2848847
-0.104219
0.1460205
0.09533185
-0.01817517
0.3790955
0.1473587
0.02753322
0.1809071
0.06543647
0.5314646
0.0541953
0.02084144
0.075183
0.01581697
0.2533173
0.5300141
0.2380102
0.4283901
-0.001319608
0.191338
0.2641152
0.06309132
0.04105153
-0.03761914
0.08000237
-0.03902075
0.6677175
-0.1207206
0.1991543
-0.3370492
-0.2681316
-0.3146895
-0.4104721
0.1716081
0.1131626
-0.3800157
-0.3949132
-0.2587428
-0.3916697
-0.4327753
-0.3239571
-0.2489749
-0.1568917
0.106579
0.01187933
-0.1216685
0.1906384
0.2115027
0.2040103
0.4432029
0.08847904
-0.1102519
0.06049427
-0.1752466
-0.03603969
-0.202504
-0.003411193
0.05165215
0.2802222
-0.226057
-0.2171182
-0.1922228
-0.1994373
-0.03244899
-0.1894841
0.09197187
0.09416109
-0.1657687
0.1130278
0.02365599
-0.02746768
-0.1889497
-0.1079233
-0.2487279
-0.03297941
-0.05315426
-0.02279694
-0.09522053
0.1507226
0.4694567
0.4395103
0.1406993
0.2102985
0.1473487
0.01101135
0.2452299
-0.03321669
-0.1473696
-0.1812108
0.272325
-0.3355743
-0.2175704
-0.141926
-0.2222019
-0.2890169
-0.05060931
0.126828
0.08205482
0.06064336
-0.06722794
-0.2533872
0.01442223
-0.184537
-0.1657309
-0.1542159
-0.0505033
-0.1178531
0.05119257
-0.2262228
-0.01243511
0.2298439
0.1583369
0.1684467
0.1809215
0.2563162
0.4346051
0.1317646
-0.1765287
-0.3614744
0.07644471
-0.02717062
0.01665401
0.1009428
-0.04316272
0.1116239
0.1578118
-0.1241478
-0.1189673
0.1519526
0.3199663
-0.3252551
-0.08626632
-0.004381081
-0.3099229
-0.1000126
-0.1125162
-0.1103947
-0.2487739
-0.1350774
-0.09328386
0.4300161
-0.03555765
0.01724366
-0.07619601
-0.1219514
-0.1577327
-0.0223419
-0.1099818
0.3614755
-0.3746448
-0.131969
-0.2433048
-0.3231125
-0.3080339
-0.2184854
0.02444522
0.06546783
-0.1874001
-0.1875542
-0.1422768
-0.03421411
-0.3474014
-0.0632684
-0.1096202
-0.1428193
-0.1602103
0.08350808
-0.05225246
0.1305785
0.06597176
0.02969861
0.1224722
0.09507586
-0.06596172
-0.2448455
-0.1326929
0.2095104
-0.1040483
0.09224038
0.08983185
-0.06630606
-0.02709814
0.1170495
-0.06152223
0.04482945
0.05174079
-0.05842323
-0.09083975
-0.1248348
-0.2376134
0.2122504
0.3104157
-0.14324
-0.01029668
0.3193434
0.2291401
0.3599942
0.2604432
0.3248043
0.271026
0.4803251
0.1278164
-0.01382297
0.174347
0.2877241
0.4036511
0.02610554
0.1686212
0.1949887
0.2852963
0.2284671
-0.1574855
0.1246493
-0.09867094
-0.3668364
0.06000816
0.05668202
0.1002307
0.3174505
-0.2256147
-0.04304589
0.1657884
0.3287433
0.1536175
0.2496279
0.2852962
0.129198
-0.06614859
0.03296423
0.07133632
0.05427713
0.1705432
0.08816406
-0.01621964
-0.06355382
-0.1308397
-0.1488044
-0.04834829
-0.3020189
-0.3049835
-0.3090426
-0.1943283
-0.3808776
-0.2794254
-0.1747359
-0.09387753
0.2662945
-0.1199443
-0.2380118
-0.08514307
0.4311406
0.3767438
-0.1381462
-0.2141521
0.1132141
0.5269164
0.4594128
0.3057742
0.5554587
0.4828469
0.4738309
0.09915897
-0.1614309
0.3826869
0.1735798
-0.4340938
-0.1428134
0.02712641
-0.004833282
0.2247738
-0.4703175
-0.01043431
-0.228964
-0.07036278
0.08450342
0.3855285
-0.3619149
-0.309601
-0.0671956
0.3214844
0.1056621
0.2884231
0.2413703
0.4783658
0.4448021
0.03577722
0.01651884
0.3527445
0.3138259
-0.3737985
-0.02800881
0.1630504
-0.2605283
-0.02617748
-0.149953
0.06553993
-0.1269565
-0.1421431
-0.08765033
0.07470409
-0.06355579
-0.1691185
0.2395215
0.3006749
0.1338396
0.3340755
0.3873698
0.4613445
-0.05125156
-0.1509395
0.3472235
0.03179576
-0.4411204
0.2369059
0.2378517
0.1896842
0.3059626
-0.3173562
-0.14792
0.06632841
0.08584005
-0.04416086
0.3433035
0.1317677
0.04278778
0.06181579
-0.08667533
0.1161917
-0.1556734
-0.03122926
0.04123503
-0.2286972
-0.1603634
-0.2060476
-0.06707522
0.1378704
0.05169237
0.177113
-0.03931212
-0.04495447
-0.08429121
0.07365519
0.2600837
0.02854235
-0.07611825
-0.0771023
-0.1023435
0.1978469
-0.0589645
-0.1947181
-0.1052298
0.06899052
0.1615089
-0.1149516
-0.1629873
0.2956586
0.2246157
-0.04493142
0.09632377
0.02228892
0.2188863
0.1533047
0.1992106
0.08388735
0.09070171
0.1452723
0.3333499
-0.1820751
-0.03178398
-0.1110208
-0.2196114
0.2919825
0.1602577
-0.3325296
-0.2724486
-0.0805777
-0.4115211
-0.3639355
-0.1402394
-0.1632203
-0.3149373
0.1780598
0.2065841
0.07594621
0.3423584
0.6463125
0.3261561
0.6437902
0.5546536
0.5227523
0.2317021
0.007250662
0.1470174
0.2003343
-0.1016339
-0.1343624
0.201769
0.01001457
0.2385451
-0.3382241
0.130283
-0.01507432
0.1444004
0.1406304
0.1076026
0.2814734
0.20916
0.1207825
0.1161439
0.02485553
-0.02353706
-0.2114236
-0.2018264
-0.3604459
-0.04007919
0.08546923
0.4116348
-0.3267582
0.1797345
0.144243
0.2588154
0.3299372
0.4944013
0.3431512
0.4045525
-0.02331952
0.1195531
0.4196201
0.2364193
-0.00377999
0.07872814
0.1362845
0.01153705
0.1411892
-0.002454026
0.3167231
-0.04229214
0.04592549
-0.09620158
0.6577475
0.628053
0.1536648
-0.02028785
0.4339303
0.2786584
-0.1494255
0.04502517
0.1568778
0.08394973
0.1175077
-0.3882204
-0.05019813
-0.1829652
-0.03823144
-0.0532454
0.6199166
0.1089283
-0.1564181
0.5092328
0.6341386
-0.1697978
-0.01644499
0.4552998
0.07086076
0.1650361
-0.43412
-0.08319466
-0.248066
0.06085093
-0.02136267
0.1362202
-0.3094386
0.5184875
0.4860411
-0.2553378
0.3235442
0.3615157
0.3114479
0.3298444
-0.3555853
-0.2380031
-0.008021119
0.1620608
-0.03999349
0.1815797
0.1266047
0.110417
0.1384696
0.006822108
0.07713016
0.02873124
0.05465117
-0.02890406
0.1848318
0.0371132
0.1434944
0.05743241
0.06671009
-0.03819395
0.5156595
-0.1259758
-0.03979045
-0.2515459
-0.03356673
0.4149957
0.3849493
0.03714542
-0.2547425
0.1880385
0.4609848
-0.1080153
0.169265
0.5640218
0.1841042
0.4097322
-0.1457531
-0.06556282
-0.1922378
-0.03751842
0.05581358
0.129339
0.2582756
0.6149611
-0.0310069
0.05842697
0.02624911
-0.2495049
-0.3544481
-0.01978027
-0.1123094
0.1973578
0.129037
0.07717225
0.0002459114
0.5275648
0.07790214
-0.02655097
-0.03057454
-0.1610093
0.3198104
0.2629814
0.1702638
0.3061608
-0.4206764
0.01451906
0.001677698
-0.3060731
0.06751365
0.4213586
0.0309226
-0.1638198
-0.2718461
0.1173174
-0.0491101
0.3701272
-0.1834865
-0.2428157
0.4228513
0.4089292
0.07286164
-0.1283826
-0.1024674
0.1527179
0.481312
0.3667301
0.2157029
-0.007853006
-0.08549855
-0.1947164
0.1208134
-0.1193215
0.1715251
0.4949299
0.1982717
0.2101587
