0.6406011
0.1394986
0.02275575
0.03622257
-0.3561034
-0.1935503
-0.04645111
-0.05345574
-0.1098695
0.1421536
0.07221385
0.023626
0.1636843
-0.0592747
-0.2831563
0.3407249
0.3449062
0.5324865
0.3775306
-0.2146017
0.234002
-0.1780802
-0.3863452
-0.1585873
-0.2143142
-0.1808596
-0.2032211
0.237221
0.1930103
-0.07662021
-0.05200412
0.1338675
0.1654796
-0.2306527
-0.2233368
-0.02164019
0.1185236
0.02513591
-0.01295692
0.01313638
-0.1242992
-0.04951888
0.03008477
-0.09607498
-0.2422434
-0.03544112
-0.1067872
-0.1836205
-0.127847
0.01411562
-0.01060284
-0.01905985
0.002709099
0.1068208
0.008684982
0.4835222
0.6188863
0.4252043
0.414126
0.1615982
0.06313943
0.382987
0.2115607
-0.1868222
-0.331731
-0.004544995
-0.1377799
0.01124793
-0.1289125
-0.152887
-0.03536327
0.1381041
0.04243865
0.1341369
0.2942178
0.06269449
0.001377178
0.1018356
0.02408278
0.1336796
-0.2014124
0.03663894
-0.08796422
-0.2415764
-0.3701559
0.06240533
-0.1113355
-0.147184
-0.1651242
-0.09962883
-0.2791055
-0.3021359
-0.2917625
0.1479947
-0.08143249
0.2744255
0.3552531
0.3066804
0.2456336
-0.09492891
-0.2677212
0.4733877
0.2796082
0.06250205
0.06595383
0.06360233
-0.07037419
-0.01794044
0.07677752
0.3179728
0.2911783
-0.1657956
0.07308217
0.08550751
-0.1128176
0.07330386
0.2085034
0.1113357
-0.05040792
-0.09909882
0.0895697
-0.1331397
-0.03350732
0.04662732
-0.04842326
-0.2170728
0.06669384
-0.0918387
-0.2473445
0.4396853
0.5635904
0.5822429
0.7406261
-0.07651567
0.01592787
-0.1642261
-0.04691293
-0.2754501
-0.1274813
-0.2243366
-0.1654678
0.3392894
0.3810434
0.1611807
0.1512536
0.3088058
0.363576
-0.2351546
-0.04019243
0.09583812
0.08011607
0.05812772
-0.1045089
0.08434667
-0.09312442
0.08380019
0.1394534
-0.01666529
-0.007610141
0.0738666
-0.02306865
-0.2108422
-0.3001196
-0.3156816
-0.282857
-0.3351926
-0.2610964
-0.2059886
-0.2794078
0.6172764
0.8193115
0.1846924
0.15786
0.1046128
0.2477308
0.4509778
0.4911902
-0.2765701
-0.03743065
-0.04396937
-0.03342445
0.2030966
0.03591112
-0.04901017
0.09170841
0.005842895
0.002455191
0.0782254
0.07056934
0.03242633
0.1028684
0.2381445
0.1698862
0.2957706
0.1791766
0.005883206
-0.02417526
-0.3587528
-0.3670326
-0.03743535
-0.1562064
-0.3647539
-0.1127032
-0.10832
-0.410382
-0.2380242
-0.3494324
0.06703185
0.0007133483
0.2853297
0.2680604
0.435886
0.112337
-0.1663341
-0.2143643
0.4530855
0.1898446
-0.05961701
-0.1354621
-0.04765095
-0.2020581
0.1297453
0.05045748
0.2874445
0.3102743
-0.2847184
0.2507344
-0.162152
0.0004208892
0.5439384
0.01519091
-0.1053638
0.5394817
0.317595
0.2728503
0.09831816
0.1700128
0.02217357
0.2271258
0.126623
0.2603227
0.1639305
-0.3487387
-0.274031
-0.01393479
-0.05807147
-0.2177152
-0.1414422
0.5653973
0.3265334
0.2865542
0.1081898
0.04984675
-0.3155322
-0.0589757
-0.1590358
0.086938
0.1968461
0.1029923
-0.03895669
0.2720187
-0.001046119
-0.03084397
-0.0934099
-0.1705458
-0.1653946
-0.04638156
-0.2244836
-0.09233994
-0.2312013
-0.137945
-0.1422337
-0.1970712
-0.3228737
-0.2136949
-0.1835649
0.03455048
-0.02559948
-0.07172874
-0.09740576
-0.105668
-0.1364481
-0.2888218
0.03339614
0.1689632
0.09429886
0.2951164
0.1536688
-0.0396367
-0.06786255
0.1986524
-0.02886334
0.2338425
0.01658663
-0.2938287
-0.1884115
0.1819381
-0.004383959
-0.06202751
-0.03863175
-0.2244066
-0.08124326
-0.3058684
-0.3052942
-0.09459356
-0.2608541
-0.2158451
-0.2151588
-0.1121897
-0.1000022
0.07849334
-0.123915
-0.3192287
-0.1267042
-0.06858111
0.07831333
0.160628
0.2208171
0.1233259
0.3410681
-0.03986181
-0.195626
-0.05397964
0.1143577
0.01469884
0.03220151
0.03804147
0.1834116
-0.09410094
0.03259479
-0.2410694
-0.02294471
-0.06508184
-0.04926432
-0.003521423
0.3036662
-0.06916169
-0.2254171
-0.2400209
-0.2382536
0.1116965
-0.1250876
-0.1701517
-0.1424418
0.2684359
0.4724998
-0.007326413
0.07619712
0.01776626
0.1764578
-0.04935767
0.2553282
0.002701984
0.2215835
-0.3058433
-0.2354515
-0.09940521
0.1238107
-0.1931432
-0.2229606
0.4503746
0.5616514
0.1696188
0.3252328
0.0522894
-0.2572617
-0.09609064
-0.1320249
0.1000892
0.2512672
0.06276276
0.001435605
0.1664748
-0.03000817
-0.05304583
0.07996065
-0.1975234
0.09504207
-0.01455981
0.01565434
-0.1922499
-0.3338369
-0.3301448
-0.1420537
-0.2456773
-0.2515177
-0.1726722
-0.01637025
0.1107173
0.1548828
-0.07733213
-0.06244391
-0.01669865
-0.0124124
-0.2088955
0.007180152
0.1529811
0.2445342
0.221537
0.4004191
-0.09358914
0.01366487
0.1207395
0.2688903
0.1861122
0.2198222
-0.3035044
-0.1279938
0.2215283
-0.004678261
-0.1001074
0.04568637
-0.3542133
-0.1411601
-0.371652
-0.1219905
-0.1758682
-0.2986464
-0.1795253
-0.1452338
-0.0589836
0.03216882
-0.06328771
0.1362631
-0.02262429
0.1992429
-0.1147389
0.2670186
0.1908036
0.05332846
0.2472671
0.1017418
-0.1626962
-0.2276575
-0.1323109
0.01390164
0.04896848
0.01270882
0.2107098
0.007991337
-0.01108568
-0.119428
-0.08528098
-0.07276377
0.03842624
0.03003494
-0.1265574
0.07010834
-0.1197896
-0.2510424
-0.2064653
-0.1931005
0.08643625
-0.1035766
0.5256602
0.2055503
0.06121864
0.3766736
0.4465847
-0.04584227
-0.5024334
-0.284921
-0.3296374
-0.01304152
-0.07999751
0.3412284
0.4156052
0.238214
0.233583
0.3217618
0.06247405
-0.1652062
-0.08345023
0.04129628
-0.1339975
-0.2939067
0.2618958
0.05755911
0.2680257
0.1555405
0.1559183
0.132859
0.2212237
-0.1514293
0.1355065
-0.1462723
-0.3564705
-0.2181182
-0.3936432
0.07025771
-0.2183525
0.2269849
0.2769487
0.4395722
0.3621582
-0.07089913
-0.06147261
0.009814782
-0.3552952
-0.480877
-0.4797507
-0.45852
-0.4066879
-0.5434128
-0.499397
0.381582
0.2702061
-0.01500448
-0.1175447
0.01156184
0.1405456
0.3317854
0.3622074
-0.1859213
0.1346037
0.1204724
0.1181014
0.1569142
-0.06952875
-0.238943
0.02762623
-0.05485645
-0.1594198
0.06752952
-0.04339221
0.1569467
-0.08575799
0.3158116
0.2436722
0.2246716
0.1417327
-0.07967007
-0.1806491
-0.1563077
-0.3524841
0.0346836
-0.4001444
-0.3410248
-0.1613672
-0.3423273
-0.4362426
-0.326468
-0.2542133
0.1268759
-0.05151503
0.061286
-0.1899883
-0.1030199
-0.3442894
-0.2550233
-0.2313775
0.0474314
-0.1850079
-0.340713
-0.226616
-0.298409
-0.1043463
0.187198
0.1138622
-0.06238597
-0.1059897
-0.3021215
-0.00670522
-0.4439293
-0.1345149
0.3091992
0.2005276
0.2249176
0.4611404
-0.1058363
-0.4167769
-0.237458
-0.3488085
-0.09319205
0.04483025
0.2207116
0.2831323
-0.01664955
0.1020356
0.4259861
0.07174191
-0.2127558
0.01981907
-0.1637485
-0.151404
-0.2734266
0.3046157
0.08137507
0.2122708
0.1568999
0.2398458
0.0735734
0.2125254
-0.2598644
0.2259638
0.06277207
-0.3609731
-0.08898028
-0.4372155
0.2925368
-0.006030538
0.3734036
0.3893213
0.424091
0.6044061
0.2482782
0.1751339
0.19298
-0.148797
-0.488522
-0.4943356
-0.510508
-0.4447011
-0.5467956
-0.5010982
0.2900767
0.08582555
-0.201838
-0.3239514
0.04852362
0.2322096
0.2264863
0.2920869
-0.369704
0.3106209
0.07618647
0.08445781
0.2946493
0.09434553
0.014048
0.2463453
0.04258933
-0.07007589
0.02109076
-0.1919216
-0.02839015
-0.2283551
0.2607879
0.2403448
0.3026492
0.4840725
-0.08194919
-0.1126658
-0.1358864
-0.23864
-0.2246605
-0.4147724
-0.3662353
-0.0981137
-0.3979155
-0.2834309
-0.2450627
-0.1684414
0.01581935
-0.003665774
-0.2499351
-0.3840045
-0.2915459
-0.5805061
-0.3282313
-0.0953925
-0.2160579
-0.2707583
-0.4337781
-0.447435
-0.3335497
-0.1380819
0.1107555
0.01214434
-0.2928275
-0.174445
-0.1554049
-0.05977884
-0.5321817
-0.07034918
0.6084928
0.6926401
0.462241
0.01048564
-0.1817916
0.1177689
-0.0397951
0.1924296
0.06817304
-0.2023016
0.00283308
0.07073575
0.07019003
-0.04987992
-0.3811902
0.3361624
0.3102048
-0.1256274
-0.2230107
-0.4217697
-0.1925964
0.1547625
0.2203046
0.2310061
0.4816065
0.3896841
0.3321029
0.2246597
0.1315314
-0.3834442
-0.6900811
-0.2859738
-0.5293572
-0.3077851
-0.4898933
0.3237363
0.00743266
0.3675477
0.4939682
0.08783097
-0.08645306
-0.1292223
-0.3276385
-0.4362834
-0.4963505
-0.4889733
-0.5503068
-0.3987298
-0.5148192
-0.212276
-0.09112221
-0.03975758
-0.31731
0.3306562
0.3671486
0.1915788
0.3222245
-0.1205843
0.3538291
0.3310984
0.3514348
-0.2733999
-0.2695072
0.02322528
-0.01734734
-0.282761
-0.2833006
-0.07769205
-0.2109969
-0.3020546
-0.3674614
0.07320143
0.009447444
-0.07536984
0.07489498
-0.1608497
-0.08484876
-0.1773594
-0.4058665
-0.3171893
-0.4696493
-0.4268254
-0.2291622
0.2639645
0.2305021
0.3078291
0.3462548
0.05835499
-0.04291456
0.1190655
0.1193781
0.1912064
-0.01246894
0.1456709
0.2853569
0.01968673
0.1283186
-0.3314169
-0.002620825
-0.08080046
-0.3008981
0.0025408
0.3704425
0.1690241
0.126344
-0.1150416
0.1994696
0.0192056
0.08281263
0.5485388
0.666809
0.08555228
0.09164997
0.2710829
0.2808421
0.3478014
0.4126773
-0.05902443
0.007456079
0.1772293
0.2036505
-0.2076825
-0.2389933
0.2606493
0.1684008
-0.3112548
-0.2863476
-0.392904
-0.1753568
0.2925135
0.2319405
0.1524478
0.5556297
0.1847807
0.2530348
0.06321855
-0.06935201
-0.2578087
-0.5642979
-0.3327484
-0.3553076
-0.1308136
-0.1970999
0.2248847
-0.0446919
0.1274948
0.3222783
0.01582782
-0.05711394
-0.1765589
-0.2101144
-0.4064375
-0.4224331
-0.4664028
-0.5466237
-0.288296
-0.3757182
-0.1130274
-0.06990395
-0.1363015
-0.1931401
0.4642828
0.6626024
0.1632615
0.2493027
-0.3518232
0.5359844
-0.0662413
0.00920698
-0.2500235
-0.2413057
0.04174621
-0.01304311
-0.1939055
-0.09904584
-0.08186121
-0.1286756
-0.2795158
-0.2491729
0.1011056
-0.01285268
0.0719625
0.1428912
-0.03094699
0.002922552
-0.1788173
-0.3415469
-0.1319906
-0.3484995
-0.3591905
-0.0929601
0.3669385
0.2357632
0.4623221
0.2710103
-0.07086261
-0.1039016
-0.04337581
0.03329361
0.1285614
-0.04871003
0.1096681
0.4030231
0.01926729
0.1160968
-0.3814274
-0.1423456
0.05650499
-0.1898288
-0.09665391
0.1655557
0.1054784
0.00685636
-0.05388686
0.143715
0.02627089
-0.04716439
0.6580819
0.02940424
-0.1672184
0.2638598
0.06670572
0.3683952
0.184915
-0.07075333
0.0372431
0.1646437
0.0733138
0.0003048092
-0.09658727
0.06264559
0.002996729
-0.1756729
-0.2573267
-0.370606
0.03753309
0.254586
0.2266244
0.1582578
0.4343045
0.2586493
0.2726621
0.08052099
-0.00875756
-0.2837995
-0.6320558
-0.2529958
-0.3868472
-0.1733316
-0.4221484
0.2618692
0.02162574
0.3557214
0.3868453
-0.02437693
-0.07779974
-0.1148875
-0.255589
-0.3963178
-0.4414896
-0.4188802
-0.505474
-0.2922584
-0.4116333
-0.1324962
-0.08318334
-0.0433131
-0.2126221
0.2501891
0.301418
0.220929
0.214703
-0.2700756
0.2839728
0.1720403
0.1784068
-0.1508095
-0.2162359
-0.0729219
0.001272597
-0.2016328
-0.300748
0.007900299
-0.1733495
-0.08387508
-0.2051263
0.07959147
0.04079583
-0.004566435
-0.03464407
0.06168998
-0.1572384
-0.08483079
-0.3933972
-0.1497467
-0.4413314
-0.267964
-0.2979275
0.1685423
0.1641712
0.1721443
0.2513918
-0.04060671
-0.1582132
0.1045958
0.0349824
0.07922223
-0.02049701
-0.02507118
0.2180623
0.06772278
0.1639186
-0.2799042
0.009795012
0.05826848
-0.1275508
-0.09059502
0.2548643
0.1316135
0.0999975
-0.05199733
0.1516037
-0.01634117
-0.0071099
0.07824984
-0.1386218
0.1575422
0.1074914
0.3497823
0.3945881
0.1604617
0.2333366
0.1884744
0.1255725
0.108901
0.05618704
0.01028567
-0.04544381
-0.2950476
-0.2934941
-0.4022354
0.08901582
0.278493
0.3111695
0.2048085
0.4597261
0.07229297
0.2260457
-0.09286345
0.03156013
-0.1174615
-0.5426406
-0.2747898
-0.2767022
0.1140738
-0.1048173
0.2148973
0.09850053
0.2519298
0.3861273
-0.04733647
-0.05072966
-0.1797447
-0.2793059
-0.5272675
-0.5251225
-0.4784865
-0.5565309
-0.4069073
-0.4188918
0.07291926
0.03182509
-0.1530078
-0.2391031
0.3151642
0.4970414
0.1782512
0.253134
-0.4375277
0.350284
-0.08863835
-0.01878053
-0.01441807
-0.09594655
-0.0191736
0.1312471
0.01568168
-0.03273457
0.04821648
-0.08013258
-0.03539094
-0.1730977
0.2164224
0.2026526
0.2479054
0.203646
0.003042607
0.03386427
-0.178851
-0.3961999
-0.00726298
-0.4177997
-0.3464901
-0.1731873
0.06833522
0.03781492
0.1169642
0.0771115
-0.1229496
-0.1400948
-0.1168683
-0.1400399
-0.04121017
-0.1983366
-0.1339509
0.2512858
0.02017291
0.123044
-0.3497743
-0.2393244
-0.04545105
-0.06892968
0.02133863
0.0002919652
-0.05418451
-0.05952459
-0.09172723
0.092774
-0.1840413
-0.2360883
0.3075163
0.5697491
0.4557609
0.5101228
0.2932169
0.2290034
0.06736381
0.2460435
-0.05136612
-0.2901985
0.2161893
0.1733125
-0.09415365
-0.08499348
-0.1822679
0.001054415
-0.2201842
0.2311078
-0.0059509
0.1328421
-0.001436128
-0.008454035
-0.1166327
-0.2547555
-0.4019723
0.1391274
-0.03042215
0.168909
-0.07543702
0.1425962
0.001691618
0.2090732
0.1863221
0.09018891
-0.09403138
0.06598435
0.06822586
0.1659057
0.03177935
0.06016421
-0.04231494
0.02571143
-0.05000346
-0.009643971
-0.00769458
0.06670302
0.0001004124
-0.09522908
0.0275914
-0.2454954
-0.1377344
0.1731596
-0.01155076
-0.2035672
-0.2644565
-0.2672093
-0.3910747
0.166639
0.2048633
0.1081429
0.08447134
0.2326693
0.1420826
-0.08796305
0.06400929
0.06798739
-0.04008835
0.2324952
0.09587624
0.2941574
0.201261
0.2824379
0.03852057
0.1524429
-0.1756506
0.05422396
0.06758711
-0.0252552
-0.1435339
-0.01163285
0.02515456
-0.07460699
0.0824933
-0.0466515
-0.1215141
-0.07171824
-0.1277669
-0.163883
-0.1442045
-0.07394071
0.1898873
-0.1319339
0.08048786
-0.1017787
-0.1325394
-0.1619567
-0.1899469
-0.06090319
-0.0549883
-0.1459402
-0.1663217
0.03368866
-0.07132501
0.09837784
-0.04756858
0.551605
0.7690589
0.3657834
0.3870653
-0.1292828
-0.2322151
-0.1468303
-0.1717046
-0.2530168
0.08639381
0.07367842
0.02377264
-0.1247344
-0.008871191
0.2506505
-0.1097842
0.0192543
-0.0973313
-0.1967888
-0.1135298
-0.174596
-0.2335846
-0.01207347
-0.3145979
0.07765134
0.2156447
0.03267495
0.3687164
0.01396791
0.1707786
-0.3198233
-0.3044459
-0.3882785
-0.4114009
-0.1510526
-0.1132396
0.003951856
0.1998038
0.3743912
0.3303884
0.4324359
0.3558949
0.3840662
0.4873926
-0.3567714
-0.2236684
0.1874063
0.3015646
0.1228823
0.05863727
-0.07708404
-0.1133786
0.04264717
-0.1170832
-0.1586968
-0.2793216
-0.1246301
0.03761456
0.06386101
-0.1986439
0.07837158
0.09264884
-0.09175722
0.2159031
-0.1833673
-0.0416331
-0.08411508
-0.08618983
0.08922309
0.1104455
0.1237472
0.2236308
0.4617281
0.3448589
0.2881483
0.4457901
0.3795277
0.1010831
0.06140273
0.1283187
0.1169942
0.06215391
-0.1874558
-0.1374186
-0.2279343
-0.06380043
-0.2086472
0.06379931
0.2484637
0.068888
-0.2048212
-0.02684947
0.1621074
0.08499119
0.008778636
-0.07091911
-0.2547031
-0.2530982
-0.1384626
-0.2559686
0.157498
-0.1196469
0.2927739
-0.07764145
0.612933
0.7562455
0.4834627
-0.1756883
-0.3284428
-0.05143036
-0.3099965
-0.3481264
0.04450904
0.222958
-0.1747164
-0.1156004
-0.2099402
0.1456996
-0.1100405
0.1923065
-0.1652973
-0.1251103
-0.01187006
-0.1777311
-0.2344399
0.1372593
-0.3369025
0.03265748
-0.08655173
0.07633762
0.08072478
-0.08527547
-0.0424273
-0.02436772
-0.171116
-0.1115818
-0.2062505
0.00825912
-0.008109001
0.05940585
0.1658679
0.2270789
0.1310683
0.242317
0.08697243
0.335934
0.284824
-0.3988309
-0.3504355
-0.02087965
-0.003456575
0.2187316
0.03090539
-0.07423547
-0.2776627
-0.05714732
-0.07045483
-0.2585451
-0.4611306
-0.1356772
-0.0440887
-0.02836055
-0.0904256
0.08897072
0.005891089
-0.09666199
0.03522321
-0.1404016
-0.1978407
0.01111609
-0.1088923
0.04963257
0.008867942
0.1851002
0.01312051
0.4096527
-0.001624593
-0.03241977
-0.02187102
0.2405289
-0.02938472
0.133144
0.4267086
0.1825029
0.4442191
-0.178603
-0.1510821
-0.1576524
-0.06390079
-0.1682942
0.0428642
-0.06508591
0.4037371
-0.2891648
0.1208855
-0.1161795
0.01088233
-0.02726129
-0.09088995
-0.2814345
-0.003677351
-0.1057949
-0.1651329
0.1288738
-0.1017361
0.2432131
0.004125447
0.4709734
0.3397334
-0.05829698
-0.1362821
-0.01070937
-0.09924413
-0.388336
0.05079126
0.1343102
-0.0403072
-0.1669085
-0.1217002
0.05588078
-0.2313658
0.159388
-0.003615615
-0.06467778
0.01477405
-0.09482509
-0.1424971
-0.02342616
-0.4041104
-0.08720045
-0.00408123
-0.09227311
0.2055013
-0.1130316
0.0482174
-0.2023862
-0.3312615
-0.4088648
-0.4324166
-0.2632431
-0.2008516
-0.1902459
0.02876696
0.2104258
0.1831944
0.2396654
0.1515732
0.2149284
0.267759
-0.2714386
-0.09293513
0.1812304
0.2987883
0.1595043
0.1974204
0.08235318
0.02182789
-0.1201013
-0.1516898
-0.2011023
-0.3073143
-0.1967277
-0.1167259
0.04622049
-0.1606167
0.05337654
0.03510056
-0.0137084
0.1703206
-0.1165363
-0.1125957
0.03619647
-0.07980199
0.1566692
0.05854501
0.1123667
0.05194626
0.2447724
0.01045858
0.1984285
0.1408226
0.09851909
0.04794945
0.21147
0.2005506
0.1400911
0.1014598
-0.1576813
-0.1326513
-0.1200472
-0.02260203
-0.07227387
0.1215919
0.1293679
0.1840995
-0.07155753
0.08537652
0.02851602
0.06071311
0.1142672
-0.05748493
-0.2653121
-0.09417238
-0.1133728
-0.2104826
0.09806268
-0.06225659
0.2744671
-0.08015265
0.6219287
-0.05200268
-0.1771854
0.07075849
-0.1094202
-0.1284007
0.08897371
0.3212976
-0.02186192
-0.05771353
-0.166763
-0.003123993
-0.1473351
0.2998488
0.009243158
0.09403503
0.1330732
-0.08440802
-0.09994931
0.03804892
-0.3108614
0.05542289
-0.1382203
0.05593853
-0.02140055
0.04323192
-0.171822
0.06404376
0.006830732
0.03646391
-0.04377694
-0.0381802
0.104018
0.03821592
0.02942583
-0.04016591
-0.073949
-0.02939573
-0.1331894
0.02613091
0.03626196
-0.2334796
-0.2116958
-0.1851872
-0.09731316
0.153849
0.1429137
-0.03438465
-0.1254853
-0.1421715
-0.001059536
-0.252287
-0.4117525
0.03307732
0.0898903
-0.02233405
-0.1382188
-0.09011109
-0.1642765
-0.07998839
-0.1611214
-0.09381963
-0.2424474
0.05488971
-0.071785
0.1339323
0.1075562
0.2431302
0.03800196
0.2755428
-0.1252822
0.04189974
-0.07260456
0.1128085
-0.1284334
0.1488641
0.3206102
0.1597232
0.3836508
-0.270714
-0.2504377
-0.1662566
-0.1162031
-0.1238624
0.05142172
-0.02627384
0.3440374
-0.212276
0.1078019
-0.2607614
-0.1331251
-0.02972753
-0.1938018
-0.2433879
-0.0876838
-0.08380407
-0.130593
0.04053326
0.01308709
0.06070174
-0.171032
-0.09292391
-0.2269503
-0.03901412
-0.1414619
0.087401
0.2554336
0.3257277
0.199905
0.08349978
0.06560721
0.1355764
0.07625611
0.1134073
0.02755297
0.1055433
0.1313539
-0.1580507
-0.1233784
0.07480046
-0.08386192
0.08858329
0.02170698
0.02526729
0.137861
0.2141187
0.0930049
-0.07147793
-0.03624979
-0.119788
-0.07001543
-0.01421535
0.1014352
0.02867469
0.1360027
0.008539195
0.0201649
0.01884008
-0.03191118
0.04482425
0.1478229
-0.2887866
-0.409224
-0.3236359
-0.1143254
0.1338964
0.1977813
-0.2207008
-0.2628348
-0.04930337
0.3118424
-0.338363
-0.3511745
0.003433736
0.02168269
0.1706796
-0.06898409
0.002420591
0.03136064
-0.02310129
-0.1300505
-0.1760112
-0.1494554
-0.007815468
-0.04156164
0.1121286
0.1331722
0.3298042
0.3222625
0.308968
0.1760166
0.03865779
0.175024
0.1989795
0.009997606
0.05889547
0.2906198
0.2402555
0.274714
-0.279627
-0.158554
-0.352304
-0.2767488
-0.3350342
-0.1909258
0.07880471
0.3461025
-0.3055769
-0.01033474
-0.137074
-0.2029404
0.06706935
0.09007781
-0.08573237
-0.2974638
-0.2719047
-0.3658823
0.04170588
-0.1904303
0.06599243
-0.2497217
0.8080845
0.697412
0.5421431
0.06210765
0.2866712
-0.3007109
-0.218508
-0.2855903
-0.2149156
-0.418818
0.1251166
0.5577033
0.6188495
0.3410862
0.246047
0.3011718
0.5052058
-0.2466876
0.01130423
-0.04352315
-0.1211867
0.2060525
-0.1899186
0.1125525
-0.04451691
0.3859667
0.6194349
0.3870573
0.2938186
0.2939666
0.3779011
0.004145338
-0.2755121
-0.4503162
-0.4386712
-0.3816958
-0.3858249
-0.3004757
-0.3025664
0.7086682
0.427464
-0.1932555
-0.2718861
-0.241486
0.002349586
0.5648107
0.4754706
-0.3549278
0.001040661
-0.2225419
-0.05491631
0.4179053
0.05870467
-0.1474636
0.1312439
0.1757257
0.1090922
0.4449885
0.3216358
0.4386688
0.2664379
0.6335643
0.6568287
0.7575737
0.531353
0.1693087
0.01792445
-0.2588494
-0.3287926
0.1614604
-0.1621807
-0.4175866
-0.5512036
-0.3987065
-0.5991443
-0.3265887
-0.5227514
0.1079061
-0.004226725
0.2244
-0.006475526
0.1098392
-0.1534196
-0.2826001
-0.2461347
0.2684916
-0.004506826
0.08191333
-0.1461487
-0.1799914
-0.2756785
0.09939362
-0.2430578
0.1327008
0.1725624
0.01031217
0.3855055
-0.08455427
-0.01591862
0.6629621
0.6982121
0.02869869
0.08860932
-0.3560521
-0.2065287
-0.4338691
-0.2792011
-0.5204407
0.05299632
0.52536
0.7687583
0.3821865
0.3590467
0.4910476
0.6571476
-0.1989892
0.1779507
-0.1933463
-0.2740601
0.02780475
-0.2669155
-0.05928043
-0.1327681
0.3529631
0.4895479
0.3587869
0.3788477
0.2193391
0.2273915
-0.2292504
-0.4740333
-0.6239769
-0.5948467
-0.5322567
-0.5032237
-0.4665234
-0.4695697
0.7315657
0.6298284
-0.120289
-0.2654935
-0.06021514
0.1693675
0.703758
0.7111537
-0.3171911
0.11585
-0.04731148
0.1528223
0.324618
-0.02785245
-0.1329908
0.1307923
0.08168833
0.0439748
0.4525537
0.3179904
0.39304
0.2616133
0.5759752
0.6896107
0.6156907
0.4759087
-0.01345941
-0.04362413
-0.4133035
-0.4546233
0.01059194
-0.2506918
-0.5635411
-0.4789907
-0.2962875
-0.5748941
-0.3260832
-0.4918971
0.1762016
0.09513937
0.4277913
0.226641
0.3405184
-0.0135698
-0.1834831
-0.1481884
0.484779
0.2227976
0.08335516
-0.020955
-0.01991365
-0.2335613
0.256452
-0.08354396
0.3043679
0.3978186
-0.1105851
0.504463
-0.09145689
0.08172892
0.774802
-0.08491139
0.1592264
-0.02406703
-0.1380504
-0.1567197
-0.2389518
-0.4417714
-0.1514195
0.5819065
0.6198969
0.3551115
0.2964431
0.5070838
0.5487343
-0.136638
-0.09744579
-0.1446377
-0.2387251
-0.01189348
-0.416878
-0.06117816
-0.2763204
0.2581014
0.3103923
0.2504167
0.1489285
0.1776788
0.1234703
-0.1471111
-0.3887229
-0.4588197
-0.4629464
-0.4007463
-0.3985976
-0.3359369
-0.3733226
0.5919159
0.4812857
-0.1390338
-0.20087
-0.0968362
0.07726897
0.5813781
0.4763479
-0.3017505
0.03873239
-0.1329295
-0.07984887
0.3379674
-0.01568607
-0.03108012
0.1171596
0.07709468
0.03094467
0.3099856
0.1724106
0.285368
0.1789679
0.4208329
0.3951206
0.5432414
0.3190992
0.09263058
0.01871307
-0.2687132
-0.4487011
-0.08442492
-0.3068065
-0.3865351
-0.5164436
-0.08677478
-0.311558
-0.09902325
-0.2232437
0.07751409
-0.009465783
0.34325
0.2303625
0.2867753
0.001171495
-0.1882997
-0.09323568
0.351603
0.1656211
-0.06171285
-0.1052706
-0.07649403
-0.3135174
-0.006005398
-0.04558323
0.3415639
0.3057465
-0.1613484
0.3897025
0.0005611405
-0.07492744
-0.06776153
-0.109128
-0.07773032
0.0496561
-0.2439174
-0.1178287
-0.4205173
-0.1348564
0.4530376
0.6506063
0.3826339
0.3743097
0.5947941
0.671301
-0.07368416
0.0825273
-0.1606962
-0.2053294
-0.1225415
-0.3582133
-0.1002856
-0.2072238
0.1766284
0.2012599
0.1394088
0.220138
0.07314787
0.05530212
-0.2691916
-0.4693418
-0.5456396
-0.4881713
-0.5146279
-0.4523792
-0.4787729
-0.4683805
0.6081758
0.6012299
-0.08943328
-0.1657183
-0.001917399
0.2598074
0.5916557
0.6552044
-0.1890255
0.2612431
0.03609332
0.1665572
0.3115923
0.0008472865
-0.02352015
0.100476
-0.07494916
-0.05655572
0.1774257
0.1349679
0.2333682
0.2210056
0.3906233
0.3664752
0.4590002
0.3725074
-0.06706481
-0.01863191
-0.3135936
-0.3191577
-0.1132735
-0.1993462
-0.4550263
-0.2916711
-0.1105126
-0.4250498
-0.08469742
-0.255997
0.07641059
-0.01885914
0.3771205
0.2379939
0.3793086
-0.01748588
-0.1174636
-0.1623876
0.3998906
0.1099366
-0.03699779
-0.1151006
-0.0863237
-0.2961114
0.09648624
0.02099896
0.3266644
0.3480303
-0.3117752
0.4246978
-0.1591781
0.00035373
0.2530111
-0.2346931
0.0643755
0.1751939
0.08564619
0.08853214
0.3072122
-0.1033462
0.002983573
0.03145835
-0.0812497
-0.1411309
-0.09354255
-0.2399972
0.2475728
0.3024639
0.1676066
0.08682862
-0.0518267
0.44781
0.12661
0.04844309
0.1815892
0.1927782
0.2122442
0.04208293
0.01531138
0.2541596
0.07309533
-0.09319917
-0.08248414
-0.1003014
0.003850765
-0.2021185
-0.1202024
0.20895
-0.021591
-0.08832772
-0.09303198
-0.2002985
-0.1613236
-0.1756057
-0.1026134
-0.2301476
-0.08224084
-0.01768648
0.04975792
0.2627815
0.1484208
0.1732171
0.2518223
0.162071
0.08364807
-0.01602291
-0.3058632
-0.05048741
0.008292362
-0.2498307
-0.1072045
-0.04363109
0.1184258
0.1511401
0.3220135
-0.05845765
0.06035178
0.1382082
-0.1120825
0.06933999
-0.04459779
-0.3314732
-0.1456267
-0.1689312
-0.1016884
-0.01814142
-0.0005461285
-0.3703944
-0.3336635
-0.3176682
-0.2965637
-0.1687412
-0.1881852
-0.1594175
-0.2556159
-0.2373251
-0.2457
-0.2203275
0.06986593
0.09343946
-0.2060555
-0.2815217
-0.1533713
-0.0318203
-0.1416018
-0.4513697
-0.1963872
-0.3206589
-0.3589185
-0.003027852
-0.1234068
0.1276889
0.1996037
-0.009531061
0.03009488
-0.2112861
-0.314182
-0.2549124
-0.1425744
-0.430874
-0.2386431
0.2143609
0.2741885
0.1743399
0.2271154
0.402808
0.1490925
0.003220412
0.2958238
-0.0343576
-0.1010815
0.2346624
0.2164849
0.2784442
0.2758972
0.1677794
0.1685697
0.1582122
0.1945283
0.1627966
0.2496116
0.1929211
0.05655265
-0.02687299
0.2200532
-0.1838219
-0.203081
-0.04636334
-0.2134152
-0.3165763
-0.3021147
-0.2691567
-0.2958168
0.2639041
0.0912139
0.1462776
0.08464334
0.2392257
0.1414512
0.1706953
0.06129989
-0.0894489
-0.181925
-0.09329225
0.1447179
0.1403999
-0.0008983984
0.2752216
0.1345291
-0.03214191
-0.02568247
0.07643031
0.2071323
0.1967332
-0.1713458
-0.3495842
-0.2005002
-0.4171163
-0.3403201
0.08656381
0.01210527
-0.2009378
-0.1131865
-0.3313917
-0.242158
-0.0850334
-0.2389784
-0.06324289
0.0371332
0.07849442
-0.1451863
0.001600908
0.195356
0.08691784
-0.2552646
-0.2434936
-0.2867402
0.1300865
-0.298919
-0.04863321
-0.3045446
0.6600092
0.5242737
0.4407833
0.0740428
-0.2742777
-0.03262453
-0.2077834
0.3510915
0.3096038
0.136285
-0.05948893
0.4868997
0.02546655
-0.1436714
-0.06120121
-0.005012059
-0.05998233
-0.1753707
-0.1595662
-0.0177002
-0.1405255
-0.07445109
-0.1769128
-0.2070834
-0.05319549
-0.1491555
-0.1250021
0.003470534
0.02290281
-0.05707954
-0.09590444
-0.01844741
-0.04275641
-0.3369976
-0.2692084
-0.1712152
-0.168187
0.01087088
0.03650879
-0.1679561
-0.174381
0.4077759
0.1653686
0.07467307
-0.01956851
-0.2531335
-0.1701661
0.02658587
-0.25858
-0.206655
-0.1471203
-0.1201565
-0.02388847
-0.1376282
-0.1484242
0.02091053
-0.2191852
-0.04142964
-0.07258159
-0.02954286
-0.003459941
0.184786
0.1035458
0.02627659
0.03908651
0.02762355
0.06838924
0.3766698
0.4496977
0.4902937
0.4692567
-0.1150503
-0.1443131
-0.07358692
0.05284363
0.0320647
0.08765401
0.1719616
0.3334485
-0.1730972
-0.05043207
-0.03048699
0.07171117
-0.01329606
-0.1812492
-0.1691006
0.08424289
-0.007223396
-0.1066006
-0.1203654
-0.03433817
0.2344558
0.09102939
0.4135575
0.6306799
0.07994392
-0.05422232
-0.09467761
-0.1274285
0.3725349
0.3752756
0.2022549
0.04224511
0.3964002
0.2869591
-0.0648338
-0.02983692
0.06577075
-0.03542458
-0.006468999
-0.04844824
0.07752725
-0.05580567
0.03363543
0.06028177
-0.1157116
0.01639513
-0.06034316
-0.1337321
-0.107397
-0.04910202
-0.2068206
-0.1776088
-0.166935
-0.1718503
-0.2184127
-0.164181
-0.1471963
-0.1942433
-0.113414
0.08280172
-0.1395299
0.009885148
0.3513468
0.3486809
0.2815153
0.3756107
-0.1401148
-0.05866244
0.1095966
-0.1374125
-0.2521903
-0.2082384
-0.1464596
-0.2548034
-0.140363
-0.01041434
0.05635529
-0.1683217
-0.0169279
0.1129151
0.07392145
0.08056631
0.09462791
0.3501737
0.08594954
0.177614
-0.03855218
0.1125696
0.152665
0.09196001
0.3934506
0.162743
-0.2342207
-0.09665772
-0.1528958
-0.1261623
-0.01183186
-0.09776113
0.1530736
0.05338099
-0.1570558
-0.2433869
0.07336043
-0.01955073
-0.03178552
-0.1487894
-0.08999097
-0.08792143
-0.1132812
-0.1550564
-0.18912
-0.01489226
0.03418196
0.138034
0.7213266
0.5158645
0.1286465
-0.40639
-0.4806884
0.0280141
-0.1621477
-0.2382031
-0.4767055
0.2857255
-0.005596398
0.1597864
0.3763405
0.03533535
0.09020742
0.09820723
0.06348278
-0.391322
-0.323404
-0.3039284
-0.4274765
-0.3970899
-0.2769064
0.03604271
0.1508738
0.3627276
0.4301284
0.2735049
0.3705588
0.06219708
0.1808616
-0.2051873
-0.2576489
-0.1206425
0.04713148
-0.3673554
-0.4575987
-0.3371231
-0.452159
0.4816103
-0.1651014
-0.03364038
-0.1687178
-0.05000193
0.0312672
0.1238447
0.008691405
0.09449482
0.1203358
-0.2251675
-0.1790318
-0.0436191
0.002902097
-0.1937501
-0.2602671
-0.1796635
-0.211301
0.06060403
0.0369028
0.3056107
0.4327312
0.02963511
0.2290425
0.3338375
0.2108443
-0.001509702
0.1991046
-0.0434415
0.1570084
-0.1540276
-0.02545075
-0.3417825
-0.2727253
-0.2978406
-0.08745599
-0.114787
-0.09411724
-0.3947866
-0.4610427
-0.06595889
-0.07088902
-0.1100006
0.1508729
-0.08476219
-0.1109813
-0.3720628
-0.3551832
-0.04947236
-0.4124797
-0.1219521
-0.1247131
0.4700793
0.2518243
-0.3369082
-0.4389248
0.107226
0.03664265
-0.1394466
-0.3172561
0.3484828
0.1530919
0.09511644
0.372383
0.156194
0.2522448
0.03814959
0.175633
-0.3102816
-0.2238994
-0.3221666
-0.3682294
-0.3258389
-0.1261146
-0.164337
0.06143635
0.264597
0.3665085
0.1686267
0.2678327
0.08099939
0.1468547
-0.1371638
-0.1537451
-0.08000397
-0.005983216
-0.2556657
-0.2690747
-0.170713
-0.2545535
0.5947096
0.09992534
0.08556222
0.1164124
-0.09292466
0.0310572
-0.005891198
-0.1075969
-0.002450105
0.006732284
-0.1412486
-0.07210389
0.0455509
0.1553835
-0.1327382
-0.1861453
-0.08968559
-0.1201909
0.0843955
-0.08331771
0.2369558
0.611564
0.1658858
0.3952911
0.2512513
0.2863347
-0.01654289
0.07479209
0.014906
0.01031657
-0.2668385
-0.02604076
-0.2161911
-0.1658063
-0.1311714
0.01030946
-0.07264932
-0.08489349
-0.2250753
-0.3509369
0.1932344
0.03974871
0.1227123
0.1806854
-0.08566043
-0.2172384
-0.2557384
-0.2005616
-0.1045386
-0.2485339
-0.01263427
0.1008603
0.3965228
-0.5156853
-0.7114571
-0.4486918
-0.5923401
-0.6705604
-0.7844471
0.02952592
-0.1568074
0.5517031
0.6750904
0.221096
0.565738
0.3071269
0.424115
-0.5433008
-0.4484694
-0.570479
-0.5373798
-0.3818514
-0.2723826
0.1624518
0.5306557
0.7375363
0.7306795
0.7273414
0.7708464
0.5348264
0.6305856
-0.3545749
-0.22374
0.05262617
0.2989946
-0.3087291
-0.5512301
-0.5700763
-0.6962632
0.4014402
-0.3685533
-0.2808364
-0.3842688
-0.1321858
0.1770095
0.1594732
0.05905227
0.2236324
0.2804031
-0.4016171
-0.1921606
-0.1758168
0.1378173
-0.3522529
-0.3623008
-0.4103843
-0.3895233
0.2080389
0.1840291
0.5295967
0.6547413
0.1322864
0.5547683
0.7545053
0.5780107
-0.1131547
0.233685
-0.09912487
0.1302567
-0.3049928
-0.1268166
-0.576751
-0.3812802
-0.4250331
-0.1230144
-0.1443817
0.0809552
-0.4984989
-0.3490787
0.03164228
-0.1636917
-0.08463025
0.3572903
-0.09129125
-0.357109
-0.5425227
-0.4300158
0.201519
-0.5835694
-0.1712201
-0.1331805
-0.2393366
-0.2134894
-0.1775951
-0.1580309
-0.4238266
-0.3037293
-0.1124702
-0.07118129
0.2092613
0.1078489
0.1822085
0.1820663
0.1572772
0.1271109
0.009502788
0.08092286
0.04889036
0.04318786
0.0347891
0.08042026
0.1524557
0.2555032
0.1006958
0.09333349
0.1215708
0.1649796
0.05947725
0.1140944
0.0371354
-0.0467533
0.01574394
0.001969651
-0.2013082
-0.2480653
-0.02682719
-0.1395124
0.06019891
0.02082431
-0.1595644
-0.1540614
0.09731974
0.07240369
-0.2776234
-0.09361748
0.03789611
-0.04175393
-0.06112151
-0.1180818
0.02839881
0.1044056
0.1188965
0.1504538
0.07474027
-0.01795385
0.1165239
-0.05041365
0.2006252
0.2132126
0.1528847
0.09096467
0.2200784
0.1681139
-0.3608493
-0.0888711
-0.2502811
-0.1699343
-0.2083445
-0.0572004
-0.3443332
-0.5117793
-0.4584103
-0.4302081
-0.3569806
-0.003367047
-0.3679263
-0.4056855
-0.07501117
-0.2886787
-0.1422827
0.1048396
0.06463344
-0.3863821
-0.4011377
-0.2602332
0.1162171
-0.2391259
-0.2909092
0.05366593
0.6729179
0.4414992
0.4619468
0.4647575
0.5819032
-0.02678422
0.07602895
-0.01771772
-0.2482069
0.2121455
-0.1623145
0.04562328
-0.1131161
0.3693023
0.3804818
0.2723575
0.3889161
0.264009
0.3420933
-0.1279163
-0.3010915
-0.4655087
-0.4548981
-0.4684608
-0.5435501
-0.169844
-0.3281135
0.3315573
0.2433703
-0.1910485
-0.3080663
0.1319838
0.3202888
0.4932509
0.4232932
-0.4341855
0.2158087
-0.01532857
0.06021068
0.2222701
-0.003089109
0.03651856
0.09360954
0.00342988
-0.009982735
0.3244919
0.1380995
0.3234543
0.1454499
0.4515984
0.370998
0.5557417
0.3709634
0.310859
-0.006389924
-0.1353345
-0.3826517
0.06655788
-0.2506997
-0.3836396
-0.4996549
-0.02370534
-0.2114152
0.0642065
-0.09666858
0.04016248
0.03187242
0.356399
0.2112429
0.3356113
0.1013465
0.03292513
0.01667244
0.4311555
0.3174236
0.10285
0.05544096
0.1049244
-0.3263632
-0.127978
-0.04484393
0.2893014
0.3204875
0.04831677
0.4787927
0.2423955
0.04569857
0.5118496
0.4998946
0.6522222
0.8114353
-0.04314558
0.2333342
-0.4011306
-0.4127323
-0.1063485
-0.3206513
-0.1908348
-0.2597787
0.3266396
0.3906065
0.3790421
0.464813
0.2784372
0.3179494
-0.1698512
-0.4457048
-0.643461
-0.6001347
-0.5745774
-0.5910981
-0.4420697
-0.4265878
0.4670734
0.3099454
-0.2447497
-0.3277917
0.1065633
0.3763958
0.5518092
0.6700397
-0.3555462
0.3244445
-0.002664093
0.2354381
0.2425781
-0.1164278
-0.01257664
0.08836455
-0.08728461
-0.08765211
0.459061
0.243371
0.2821079
0.1295245
0.4814878
0.6421356
0.5887649
0.5258257
-0.02446734
0.1540662
-0.3271059
-0.4598105
-0.06507012
-0.2754656
-0.5496835
-0.5997121
-0.1068246
-0.3779302
-0.06105886
-0.2556762
0.227355
0.1509838
0.4702843
0.2999226
0.3697384
0.06717909
0.09990609
-0.09287669
0.4497029
0.3103976
0.09671799
0.08804813
0.05559057
-0.3258908
0.2161824
0.01393841
0.3779452
0.3853318
-0.08485659
0.5893516
0.1291106
0.04721379
0.7317686
0.4771558
0.4795498
0.1645802
0.2254048
-0.1893308
-0.2804016
0.09012067
-0.2602936
-0.1054914
-0.1898587
0.3712203
0.3353712
0.3943435
0.2712012
0.06396763
0.2878543
-0.07260064
-0.3401197
-0.427324
-0.4045379
-0.452419
-0.4677969
-0.3852887
-0.3915478
0.2212211
0.05571315
-0.4260774
-0.4431957
-0.294045
0.03939452
0.2237927
0.3330954
0.001338864
0.2027614
-0.1177459
0.07168854
0.1624065
-0.07140977
0.0666317
0.0615864
-0.07135527
-0.1359459
0.2678849
0.0560589
0.3259585
0.2127745
0.378068
0.2808189
0.4654914
0.4266141
0.1169914
0.01477346
-0.08864066
-0.2591871
0.02604335
-0.2634964
-0.4358663
-0.4892974
0.1589865
-0.02124153
0.191466
0.1163645
-0.02498635
0.06624081
0.2580565
0.03956197
0.2966693
0.08346883
-0.03821153
0.1744215
0.2165079
0.08850009
0.04045757
0.08502088
-0.001922829
-0.345053
0.1017016
0.0009222748
0.1259845
0.2633982
-0.0185583
0.4535405
0.1759809
0.2224004
0.5210609
0.5647835
0.2255571
0.2455595
-0.3509042
-0.5674809
-0.1066648
-0.3561492
-0.2363063
-0.2835596
0.4268916
0.2909734
0.425772
0.4562959
0.1182607
0.2217744
-0.2033559
-0.431514
-0.5943053
-0.568558
-0.6677627
-0.7376855
-0.4619512
-0.5372998
0.1962319
0.0801153
-0.3041443
-0.4671063
0.1185704
0.4498131
0.3976902
0.4891434
-0.1911312
0.490513
0.06320227
0.2362841
-0.01281582
-0.1812272
-0.06933963
-0.03234149
-0.1991929
-0.2474193
0.1910782
0.0829124
0.09687676
0.01416195
0.3347001
0.2585959
0.4205928
0.4372988
-0.03920073
-0.07328369
-0.2761585
-0.3176019
-0.04349504
-0.392736
-0.5958474
-0.4770482
0.2241944
0.01011769
0.318356
0.1302255
0.06479022
0.07743164
0.275938
0.201819
0.3327331
0.120284
-0.02987597
0.2639242
0.2367539
0.1375112
-0.06201686
0.1635342
0.1265071
-0.3276438
0.007265364
0.09171612
0.2530829
0.2798674
-0.01087678
0.4903468
0.1475552
0.2023958
0.8528035
0.2669182
0.2940592
-0.4927603
-0.4547474
-0.2497549
-0.4899197
-0.3423189
-0.414437
0.3244239
0.2231338
0.3535803
0.3628467
0.2209651
0.1521823
-0.2676354
-0.5916278
-0.6203055
-0.5990002
-0.5612733
-0.59436
-0.4733163
-0.5273976
0.2985388
0.2568069
-0.1079955
-0.3258087
0.1602159
0.3812157
0.6166081
0.6883967
-0.03590702
0.403746
0.3897518
0.4897655
0.1106224
-0.2037411
-0.03491144
-0.06700034
-0.2494139
-0.2309653
0.3307557
0.1356983
0.1700991
0.1064364
0.2940561
0.3283442
0.3120229
0.3699289
-0.1026558
-0.05919255
-0.285358
-0.3505715
-0.2485773
-0.2416973
-0.5302859
-0.455988
0.1084466
-0.2310953
0.1955723
0.008398568
0.2073521
0.13934
0.579859
0.5085926
0.5021291
0.1958255
0.1427578
-0.03701241
0.4754524
0.3099251
0.1215292
0.2158138
0.06679612
-0.3801346
0.005468667
0.2179713
0.592608
0.4768005
-0.2726057
0.5594486
0.1418578
0.178553
0.1700037
0.3221443
-0.4848986
-0.4997399
-0.1217427
-0.4021727
-0.2837485
-0.4031606
0.4785061
0.4511826
0.4814785
0.5435335
0.3966214
0.3680618
-0.2008212
-0.5300666
-0.6951029
-0.669831
-0.6310182
-0.6873639
-0.4373492
-0.5081938
0.4289155
0.3031001
-0.1414502
-0.3804416
0.2380601
0.4788012
0.5982839
0.7081352
-0.190153
0.4680612
0.2993302
0.4978443
0.1638699
-0.1846196
-0.1307638
-0.03785282
-0.2410567
-0.2290477
0.4424215
0.2426788
0.2067899
0.0693321
0.4535957
0.4714336
0.4515359
0.4172876
-0.1291246
-0.08071731
-0.4253232
-0.4428668
-0.204059
-0.3017814
-0.6470285
-0.5705455
-0.0498428
-0.3822893
0.1088139
-0.1902927
0.2305106
0.03887471
0.6176515
0.4628492
0.4878073
0.1362634
0.09708226
-0.1189797
0.5411973
0.3260188
0.1600262
0.1561209
0.06109279
-0.3627504
0.05674594
0.1873221
0.5600396
0.4624685
-0.2160421
0.6385146
0.1403789
0.1156191
0.4184112
-0.3849226
-0.1330182
-0.1128642
0.05008371
-0.5087134
-0.1697099
-0.04738187
-0.2744886
-0.08026627
-0.1330293
-0.07181491
-0.04195357
-0.3713852
-0.2801314
-0.04609826
0.002971735
0.01375747
-0.08088923
0.08202732
0.03980751
-0.4174422
-0.3886526
-0.216082
-0.4189797
0.1453388
0.02449214
-0.06455256
-0.04793872
0.5673211
0.3345014
0.137179
0.2831116
-0.4879015
-0.4847146
-0.1049988
-0.1632213
-0.2066945
-0.06739
0.2912496
0.1295935
-0.03588522
0.01571266
0.05607911
-0.001860613
-0.1461912
-0.1094246
-0.1356198
-0.09525824
0.08488385
0.2068893
-0.185031
0.04421337
-0.007460905
-0.08739687
0.2182053
0.3269216
0.438444
0.416563
-0.02067168
0.1617225
0.2440515
0.3071956
0.2724035
0.296346
0.1374069
0.2417275
-0.0001505122
0.115695
0.1844723
0.3580973
0.1029191
0.04952866
-0.03386305
0.2073815
0.1742059
0.1242713
-0.1066425
0.1711447
0.3118769
0.2733365
-0.09768683
-0.01222911
0.008522243
-0.03398967
-0.006486619
0.114816
0.05319109
0.09233899
0.1304106
0.2434684
0.05921896
0.09941098
-0.2269904
-0.252719
-0.2566958
-0.1813673
-0.2100453
-0.1845278
-0.1245688
-0.1601919
0.00472122
-0.03709977
-0.2273533
-0.342078
0.09430879
0.1175766
-0.01365034
0.1088084
0.1834166
0.3598054
0.1629162
0.4392319
-0.1141926
-0.1821609
0.1407885
0.1829097
0.08909725
0.1595214
0.4168905
0.05803276
0.08953915
0.1522973
0.06634803
0.1207845
-0.02109516
0.1346507
-0.04446398
0.05593815
-0.1229981
0.1080857
-0.1172661
-0.1003644
-0.1405778
-0.1046434
-0.1515947
-0.1666974
0.05375916
-0.03292607
0.08573147
0.1713028
0.08313879
0.1218871
0.166607
0.003271402
0.02423382
-0.05402283
0.1454736
0.136681
0.03326125
0.1371673
0.1094252
0.1992767
0.1837918
0.07027371
0.03100236
0.110059
-0.2854425
0.07070752
-0.05107833
0.1614551
0.6318233
0.452847
0.3967039
0.8005496
0.5091385
-0.2321222
-0.08365233
-0.2759628
-0.1679069
-0.1367137
-0.1180528
0.2702585
0.3734274
0.3661316
0.3249375
0.3572237
0.3852826
0.2835063
0.265992
0.06357523
0.1435407
0.09917101
0.2501897
-0.2770311
-0.3240613
-0.3466192
-0.4441177
-0.1574631
-0.3949482
-0.2094391
-0.4271545
0.3167638
0.5468944
0.3239952
0.3376269
0.4126652
0.3960358
-0.2954078
-0.2713676
0.07205966
0.2619749
-0.1459763
-0.2821912
-0.07084107
-0.07313736
0.4689602
0.2693539
0.3017364
0.2375491
0.1329985
0.2762716
0.441967
0.3374163
-0.2137862
-0.08195354
-0.1796198
-0.04895364
-0.3961717
-0.2276637
-0.5239579
-0.4551046
-0.371781
-0.2777966
-0.2083418
-0.0734343
-0.2191935
-0.1862798
-0.1479371
-0.4024274
-0.2564603
0.2031861
-0.1865052
-0.3549134
-0.4652809
-0.3102702
0.1089537
-0.4295268
-0.3800137
-0.3036992
0.3883951
0.6692678
0.4863279
0.5858281
-0.5413336
-0.2413115
-0.5688248
-0.560101
-0.2438861
-0.1331858
0.1034978
0.4475193
0.6400461
0.6834026
0.6203006
0.7087291
0.5256916
0.6044826
-0.01796292
0.05581693
0.1542712
0.4440526
-0.2569643
-0.4045227
-0.4497426
-0.5576877
0.2767617
-0.4145944
-0.1724414
-0.2794163
0.1725695
0.3497936
0.2686488
0.1668421
0.4037493
0.4531835
-0.1722027
-0.009048642
0.008585023
0.2681967
-0.2973844
-0.2396305
-0.2170452
-0.2506156
0.2963483
0.2517979
0.3534898
0.5412952
0.2228109
0.6401652
0.5853089
0.3869347
-0.282675
-0.1220104
-0.2596651
-0.1769821
-0.2566912
-0.1445509
-0.3772232
-0.237935
-0.3032521
-0.04528978
-0.09918908
-0.2639751
-0.1614479
-0.1958746
0.2033371
-0.1267722
-0.03034847
0.3536993
-0.1246929
-0.3802875
-0.3685548
-0.2984758
0.09034761
-0.4835282
-0.06867405
-0.2518163
0.4271359
0.3028951
0.129726
0.1587476
0.3345672
0.0563065
-0.005193279
0.2117548
0.4017121
0.1642386
0.2328562
0.1938036
0.1787115
0.155644
0.1421648
0.3580209
0.2165673
0.1079825
0.05297893
-0.07233385
-0.0582305
-0.2786114
-0.3325175
-0.1827412
-0.2392018
0.07974349
-0.2059871
-0.138535
-0.1201327
0.2086442
0.2627871
-0.005792137
-0.06890659
0.05597926
0.02065068
0.1059074
-0.09517573
0.2540872
0.2853785
0.1962325
-0.03109688
0.1941467
-0.02777134
0.3654993
0.02246014
0.1525307
0.1840605
0.2240413
0.260397
0.2330358
-0.001900827
-0.141412
-0.05096842
-0.04611574
-0.1347889
-0.2210676
-0.1185717
0.007949911
-0.1127071
-0.02114607
0.02224449
-0.1163204
-0.05230656
0.07495247
0.02034131
0.3294413
0.05503081
0.08264742
-0.04587936
-0.1319156
-0.3041198
-0.06969424
0.03971981
0.2131109
0.09370507
0.1497322
0.1404189
0.240476
0.4712644
-0.4425327
-0.243139
-0.4928766
-0.4212857
-0.207918
-0.01730586
0.006389868
0.4182856
0.5812402
0.6277807
0.61263
0.5527325
0.6979651
0.687032
-0.2558101
-0.1392426
0.1115103
0.3222263
-0.1134897
-0.1974812
-0.4945
-0.4980102
0.2151823
-0.2107397
-0.2112973
-0.1390046
-0.1805599
0.09543389
0.06056287
-0.03921786
0.1666331
0.2546297
-0.04119526
0.1914893
-0.02847183
0.2265786
-0.2308193
-0.1639703
-0.2383696
-0.3499886
0.3016616
0.2246632
0.2702427
0.4849123
0.4249015
0.6945793
0.5147093
0.2782813
-0.07916039
0.03296045
-0.03004147
-0.1159773
-0.1571931
-0.01061451
-0.1407307
-0.01370397
-0.1187091
0.1891126
0.1557621
-0.03543611
-0.0176067
0.08537335
0.4836678
0.1935937
0.1632553
0.355793
-0.06272856
-0.2917336
-0.2437449
-0.2162919
0.3485261
-0.2586551
0.2566325
-0.03798983
0.4944408
-0.1065161
0.1197285
-0.08681252
0.03487078
-0.0497792
0.005255447
0.3191202
0.2910259
0.1353397
0.111561
0.1134318
0.1773855
0.05944758
0.1001796
0.2173465
0.1639275
-0.01246727
0.202104
-0.1579657
-0.07134889
-0.2320399
-0.2955533
-0.2965741
-0.1534697
-0.1651542
-0.3029651
0.407766
0.4825841
0.31409
0.3938186
0.4294462
0.3557153
-0.2171084
-0.2135232
0.04661623
0.1188999
-0.02137956
-0.09818251
0.08110225
0.0990338
0.5052461
0.3190512
0.2361812
0.2046723
0.2193847
0.2620209
0.2564448
0.2204448
-0.368136
-0.3189479
-0.3062545
-0.2679953
-0.3587883
-0.281357
-0.5772474
-0.4852623
-0.4563725
-0.4561116
-0.1759364
-0.2656597
-0.1996806
-0.2249314
-0.174224
-0.5515837
-0.2943582
0.08094158
-0.08687955
-0.3630699
-0.4746213
-0.4114341
-0.03748662
-0.4438968
-0.4199536
-0.4427325
-0.4196807
-0.2416488
-0.4389333
-0.2618794
-0.2840754
-0.2253519
-0.01720567
0.2792181
0.3389166
0.3493391
0.3667164
0.4307502
0.2679664
0.3484679
-0.02436119
-0.06110101
-0.01237912
0.1461939
-0.08536967
-0.135294
-0.3039043
-0.3568204
0.01367138
-0.09902771
-0.2521016
-0.2089983
0.03911632
0.1846871
0.3699151
0.3589717
0.5362954
0.5866069
-0.08437373
0.07564849
0.03764875
0.200015
-0.1245794
-0.009555314
-0.07328932
0.0140024
0.2979186
0.2412343
0.2942482
0.4438248
0.3146737
0.436173
0.3561096
0.3935027
-0.2379109
-0.1116506
-0.1701249
-0.1752607
-0.1590033
0.07569656
-0.4369376
-0.3515805
-0.3573163
-0.3028938
-0.1177969
-0.05174814
-0.2424775
-0.1687174
0.08092987
-0.1851559
-0.1150216
0.3312659
0.05539074
-0.2812588
-0.4769196
-0.3414681
0.1215943
-0.4344026
-0.131333
-0.1692837
0.7975153
0.8056078
0.6473753
0.6812841
0.595545
0.2929357
-0.2088053
-0.5274326
-0.5956078
-0.5630988
-0.6569956
-0.3423952
-0.5074235
0.2973759
0.05662303
-0.2334983
-0.442689
-0.1100824
0.1144824
0.2966528
0.3178195
-0.3467572
0.1916068
0.08824173
0.2335676
0.1530338
0.004079409
-0.2967071
-0.137108
-0.2685908
-0.3613349
0.258463
-0.04651296
0.07273777
-0.1572486
0.4172874
0.2760165
0.3241027
0.334345
0.01064256
-0.166843
-0.4100746
-0.4499621
-0.1533207
-0.4150576
-0.5772616
-0.4977427
0.02853985
-0.07713475
0.1862205
-0.04308224
0.178149
-0.02285624
0.2994444
0.05023632
0.1981827
-0.09952174
-0.05691952
0.08557019
0.1811529
0.09448887
-0.04036843
-0.07309991
-0.04383496
-0.3928944
0.0506148
0.1328227
0.2531223
0.295462
-0.01521495
0.3920365
0.06532567
0.2439377
0.7676879
0.6197789
0.6739971
0.731746
0.3853875
-0.05639983
-0.4290728
-0.4576767
-0.4681492
-0.4934347
-0.2557916
-0.3349979
0.5158369
0.1735708
-0.2681455
-0.3472809
-0.1867195
0.004651439
0.2678747
0.2433963
-0.3228701
0.09302203
-0.003253584
0.1337018
0.3925032
0.1811833
-0.2464757
-0.06526953
-0.1082475
-0.2135765
0.2854204
0.1372526
0.1864179
-0.06575623
0.4213675
0.4277738
0.4702079
0.4146389
0.05664069
-0.08865935
-0.3181836
-0.3041794
0.04923724
-0.2032204
-0.4250795
-0.5444947
-0.2654859
-0.350859
-0.129668
-0.3245257
0.2503837
-0.02347639
0.2457007
0.02000106
0.07579832
-0.1483949
-0.1368449
-0.1294938
0.1921281
0.03536289
0.1236334
-0.05530778
-0.08343412
-0.3417167
0.1479671
-0.03281842
0.1737553
0.1870089
0.06875168
0.3401272
0.01541578
0.127126
0.7903164
0.6082061
0.5465412
0.4355029
-0.1538192
-0.5369027
-0.6062323
-0.550076
-0.6241224
-0.3740776
-0.4735247
0.3302642
0.0241955
-0.2586687
-0.4764481
-0.108027
0.06610638
0.2430795
0.3174635
-0.2883056
0.2262695
0.1224207
0.2613985
0.220694
0.05557963
-0.2701266
-0.01883302
-0.2014236
-0.3511098
0.1479398
-0.05532853
0.02667009
-0.1510372
0.3463323
0.3413174
0.2753338
0.3610664
-0.07404845
-0.1160611
-0.2988932
-0.4007648
-0.05664628
-0.4338034
-0.4999182
-0.5998289
-0.1202053
-0.2122951
0.04577883
-0.07740428
0.2322186
0.04661853
0.2893223
0.04963453
0.1336155
-0.1363544
-0.1006872
-0.04004474
0.1153044
0.00076029
-0.08540305
-0.03847162
-0.2407012
-0.5028424
0.1579241
0.1933253
0.2848464
0.2653398
-0.00923429
0.4218674
-0.04707989
0.2223305
0.5268042
0.504511
0.3585429
-0.06572409
-0.5535917
-0.5793889
-0.6326743
-0.6766352
-0.3847431
-0.4983104
0.2882256
0.04556389
-0.2799526
-0.4692035
0.08544361
0.323716
0.2400581
0.3812235
-0.4126224
0.4408871
0.1977016
0.4046945
0.1565912
0.05759017
-0.06891405
0.1183055
-0.1911004
-0.2380133
0.00514818
-0.1785367
-0.06731548
-0.1600399
0.2944874
0.3418246
0.2538345
0.3992987
-0.05192834
-0.01593056
-0.3376672
-0.3223485
-0.08476651
-0.3495523
-0.4910626
-0.4127566
-0.1479557
-0.25703
0.03877357
-0.1244919
0.1830394
0.04909847
0.1691719
0.01888695
0.128416
-0.2252119
0.02358126
-0.0577833
0.1414529
0.004341496
-0.1286583
-0.1435283
-0.1935047
-0.4315096
0.08552888
0.09960241
0.1640895
0.2144798
-0.006661329
0.3688308
-0.185512
0.08622933
0.7225793
0.4374455
0.1025834
-0.243224
-0.2924114
-0.2656902
-0.3339808
-0.001722602
-0.08930602
0.1649189
-0.0617984
-0.2569346
-0.376114
0.04529296
0.0788934
0.1426947
0.1314281
-0.2954789
0.1861477
0.01791992
0.1116338
0.245663
0.07455027
-0.09490191
0.009536287
-0.1212756
-0.1443819
0.2473394
0.008294607
-0.1066487
-0.176928
0.1509111
0.2955966
0.1740045
0.2952588
-0.06029036
-0.09253566
-0.3742979
-0.2336446
-0.2782118
-0.198306
-0.309272
-0.4342288
-0.1676471
-0.1179071
0.05092519
-0.09550738
0.2902431
0.1968407
0.2878353
0.20922
0.1258222
-0.08357685
-0.006127826
-0.08043274
0.09069633
0.1669585
0.138079
-0.0047196
-0.07837641
-0.2746259
0.1717766
0.1650051
0.3074651
0.2098946
0.05432564
0.3111866
0.1777574
0.2821236
0.496305
0.2833886
-0.1198056
-0.1003664
-0.1911336
-0.258887
0.1518108
0.1043145
0.1581734
-0.152625
-0.4121289
-0.3509998
-0.1574492
0.01294061
0.0474779
0.05141624
-0.1418822
0.1620712
-0.1445924
0.02786236
0.1531656
0.02975773
-0.2362025
-0.2202216
-0.3317366
-0.3348916
0.2381829
0.008799743
0.05511577
-0.008358446
0.2960879
0.3178751
0.3722692
0.3302318
0.07927389
-0.02783047
-0.1988612
-0.05922476
0.009063246
-0.01441153
-0.143118
-0.4012545
-0.09144411
-0.07408517
0.09221777
-0.08335917
0.115841
0.04066964
0.1797583
0.07524068
0.1471351
0.04729093
0.04684707
-0.01980103
0.09797619
0.07319977
0.2965535
0.07269944
0.06241393
-0.2765796
0.03228524
-0.2159955
0.1865703
0.2531611
0.1925255
0.4011336
0.1960039
0.2329148
0.6834441
0.3339769
0.2729705
0.2021387
0.1635787
0.2640606
0.3112151
-0.001162039
-0.2915873
-0.1516718
0.05471518
-0.3805191
-0.2783102
-0.3542292
-0.3621238
-0.2585072
-0.1771068
-0.1612924
-0.2035828
0.2233468
0.3424784
0.001944655
0.07424413
0.001177886
-0.06469598
-0.3463485
-0.265997
-0.2805266
-0.1739206
-0.125716
-0.06745128
0.01369972
0.1375349
0.06647865
0.1629139
0.105022
0.130057
0.05258164
0.08600445
0.1672394
-0.1049319
-0.2388347
-0.06943966
-0.1163961
-0.0638635
0.03331598
-0.1186699
-0.3217011
-0.3624166
-0.3725065
-0.3138859
-0.062752
-0.2312596
-0.3936321
-0.4234852
-0.1091933
-0.2748206
-0.3927083
-0.2454315
-0.07970167
-0.1503574
-0.2930672
-0.253901
0.1839102
-0.1713637
-0.1801917
-0.06953418
0.7713937
0.7603789
0.5981646
0.6003106
0.6757223
0.7386687
-0.2547886
-0.3696327
-0.01231686
0.3362841
-0.219573
-0.3230887
-0.5801566
-0.653759
-0.02597845
-0.2820511
-0.2894595
-0.3617103
-0.04323408
0.2417221
0.1155934
0.02610988
0.1037166
0.1277046
-0.4263614
-0.2307515
-0.3807866
-0.1469442
-0.3679192
-0.267169
-0.243767
-0.219035
0.09786889
0.1338583
0.2309412
0.3773303
0.1478293
0.3592245
0.5103273
0.2352678
-0.104964
0.200883
-0.100152
0.02648794
-0.1097093
-0.1166595
-0.4656315
-0.3383385
-0.3912383
-0.09875486
-0.01379147
-0.06155605
-0.4306264
-0.320099
0.05675994
-0.1494496
-0.0697501
0.149336
-0.1467729
-0.283219
-0.4277269
-0.3142068
0.3400353
-0.3934596
-0.02196497
-0.1260508
0.960556
0.8935538
0.8930391
0.8001364
0.8773819
-0.456442
-0.3798781
0.2157751
0.5021699
-0.2385495
-0.508345
-0.6228316
-0.7471875
0.3263663
-0.5092888
-0.2118457
-0.3387994
-0.2524364
0.09707087
0.1848914
-0.000864224
0.2186935
0.2711852
-0.3755816
-0.0492568
-0.2140835
0.05261624
-0.4969353
-0.4760968
-0.4442731
-0.4880992
0.06561039
0.06236227
0.4099224
0.5285265
0.1448109
0.5116548
0.7027703
0.4209625
-0.00849927
0.2918881
-0.055242
0.1479108
-0.1513526
-0.1208533
-0.4000456
-0.213335
-0.3308864
0.08677036
0.06482984
-0.05048403
-0.3619399
-0.2378255
0.1734406
0.07472657
0.004554723
0.319239
-0.1988984
-0.1863966
-0.4069569
-0.3550665
0.2609502
-0.5017974
0.1573994
-0.08096339
0.8347255
0.8628364
0.767807
0.8660993
-0.4257498
-0.3651568
0.1464762
0.4952958
-0.2482379
-0.4603365
-0.6125745
-0.7129053
0.3422216
-0.4311219
-0.2038228
-0.2837726
-0.2407119
0.08666985
0.1875741
-0.01313636
0.1768427
0.2649799
-0.3351054
-0.04267888
-0.2126955
0.05518112
-0.5147112
-0.4394245
-0.4188355
-0.4772634
0.05560177
0.05841676
0.3445796
0.5728697
0.1569139
0.5557205
0.681498
0.426667
-0.02131651
0.2511871
-0.09119944
0.09147485
-0.1458512
-0.06849262
-0.3720953
-0.1722982
-0.2830157
0.1326338
0.0702459
-0.1103772
-0.3391728
-0.2539832
0.2158686
0.1038779
0.09840086
0.3974679
-0.1725902
-0.2250161
-0.4022337
-0.3271199
0.2459353
-0.481755
0.1476543
-0.09841892
0.9410993
0.7827579
0.8778845
-0.4728386
-0.3678377
0.2141217
0.4291916
-0.204971
-0.5325215
-0.5888027
-0.7077305
0.3986263
-0.5084365
-0.279974
-0.3878466
-0.2034565
0.0935446
0.09700473
-0.04010371
0.2605698
0.3176959
-0.1977965
0.08008156
-0.07777343
0.1898484
-0.4371943
-0.3949476
-0.4206029
-0.4464319
0.0874225
0.1582325
0.5188688
0.5334386
0.1515517
0.5068253
0.761273
0.3986044
0.02525511
0.2773291
0.005330414
0.1448266
-0.199742
-0.1182852
-0.3454499
-0.181201
-0.3026366
0.1316833
0.06714685
0.02962416
-0.3215982
-0.1540319
0.2101529
0.04867897
-0.03358454
0.2860009
-0.1807261
-0.2214617
-0.304143
-0.3063444
0.2685358
-0.4273941
0.1570903
-0.09531537
0.6850197
0.8257656
-0.3793693
-0.271202
0.2250468
0.4895587
-0.238021
-0.5739171
-0.5637057
-0.6688701
0.4223651
-0.5175715
-0.2458939
-0.3784937
-0.130939
0.1304076
0.1679466
0.001727311
0.282494
0.3311093
-0.2371513
0.004089582
-0.08312406
0.1607263
-0.4627314
-0.3917326
-0.4315409
-0.4488036
0.07420536
0.1298566
0.5077351
0.564051
0.1541464
0.5209795
0.7602749
0.4848901
-0.04698278
0.212118
-0.1359206
0.06963391
-0.2069647
-0.07883081
-0.4062792
-0.2350468
-0.3363265
0.06089291
0.02918622
-0.07144372
-0.3280934
-0.2064867
0.1643166
0.00223744
-0.02245967
0.3632936
-0.115033
-0.2345245
-0.3559627
-0.3170625
0.1867501
-0.4814142
0.04057113
-0.1194064
0.8932822
-0.4345534
-0.3329762
0.1809208
0.3476202
-0.02222282
-0.2946286
-0.5338294
-0.6560811
0.2326133
-0.3315938
-0.2371013
-0.2817022
-0.3604286
-0.08206274
-0.002410814
-0.1391647
0.06880326
0.1413283
-0.1168671
0.09900154
-0.1568029
0.1178461
-0.3285049
-0.3483881
-0.3528045
-0.4695247
0.1816855
0.1050105
0.2917637
0.3943479
0.2370885
0.4333997
0.6428272
0.2496486
0.07062116
0.3135918
0.127072
0.134583
-0.0699877
-0.03206067
-0.1475214
0.05005971
-0.03745361
0.282263
0.1623823
0.06241633
-0.06169813
0.09661142
0.4094405
0.2564624
0.1444331
0.2731567
-0.2230048
-0.2037656
-0.07662927
-0.05766921
0.3512418
-0.2207836
0.3664493
0.08973271
-0.442882
-0.4080088
0.09091455
0.3695495
-0.1153858
-0.3675259
-0.5809904
-0.6720724
0.2939671
-0.3677277
-0.3312297
-0.3750816
-0.2658376
-0.005857877
0.09350702
-0.07027013
0.1464986
0.2311341
-0.1735854
0.1036178
-0.198487
0.105911
-0.3693327
-0.2713641
-0.2993908
-0.3428759
0.07451102
0.1681072
0.3879478
0.5365466
0.2216301
0.540409
0.7112631
0.2961354
-0.04365357
0.26069
0.02118357
0.1274965
-0.1143638
-0.05216988
-0.3017267
-0.08674713
-0.2320485
0.170995
0.1013312
0.001434264
-0.2762388
-0.07978494
0.344011
0.1667419
0.02499462
0.2797268
-0.1367966
-0.2869121
-0.2499656
-0.247972
0.3229972
-0.3170575
0.2618883
-0.02648785
0.7536974
0.05642614
-0.009326653
-0.1065588
0.09231845
0.5376801
0.4723282
-0.3960229
-0.04139675
0.01830148
0.04312005
0.5341733
0.267318
-0.1645445
0.1747805
0.1978614
0.05121979
0.1573964
0.1410481
0.2686326
0.1024854
0.3940337
0.3866612
0.5071321
0.3496381
0.0150166
0.03551898
-0.406359
-0.3962811
0.04922028
-0.2285669
-0.4636155
-0.3175547
-0.3683936
-0.5944759
-0.4136245
-0.5449751
0.1355945
-0.001953121
0.1957629
0.07553928
0.1588168
-0.1099501
-0.366808
-0.3225007
0.3633026
0.02075102
-0.04758256
-0.1857138
-0.109238
-0.1858922
0.1070405
-0.1127758
0.1858702
0.2901469
-0.1594309
0.2465802
-0.3996017
-0.1946037
0.408906
0.2957441
0.1340776
0.2049241
0.5208506
0.5255274
-0.277696
-0.178282
0.2020054
0.06892088
0.3566679
0.1841972
-0.1288962
0.04930241
0.07008486
-0.025892
0.03102111
0.08146372
0.1542906
0.09703755
0.282283
0.1973187
0.2734597
0.09553987
-0.07882297
-0.06091935
-0.3383721
-0.4207075
-0.01467699
-0.190916
-0.3598893
-0.02006778
-0.1799834
-0.4990423
-0.4049937
-0.477103
0.06023921
-0.05973289
0.249668
0.2097644
0.3016647
0.03573182
-0.2361005
-0.2451517
0.5026629
0.2004441
-0.03772328
-0.1046798
0.01198134
-0.1137501
0.1128785
-0.01026248
0.2537847
0.2897967
-0.2384362
0.1583288
-0.3001761
-0.1651085
0.7872173
0.3720104
0.1256088
0.1323174
0.07644542
0.02916973
-0.3535827
0.5503329
0.1836164
-0.08553052
0.02523435
-0.2491348
-0.3083508
-0.02968817
-0.1534291
-0.2517346
0.08629989
-0.09933774
-0.1235541
-0.1180868
-0.4016197
-0.191401
-0.3806527
-0.2107201
-0.07977758
0.07737199
-0.08117005
0.1335614
-0.001851801
0.1189843
0.362178
-0.06030439
-0.1197002
-0.1782174
-0.1889936
-0.05322626
-0.2699365
0.01256492
0.00442328
-0.09091293
0.02788323
0.04908966
-0.2726548
0.1969547
0.02472612
0.02882245
0.07258932
0.0105553
0.09677618
-0.2677563
0.04078972
0.0589199
-0.06332679
-0.2351812
-0.2506402
-0.0831188
-0.2077912
0.1579175
0.03267732
-0.119457
-0.170669
-0.009471947
-0.438793
0.248216
-0.09363185
-0.005456011
0.1688436
-0.1004404
-0.2667508
0.0225723
-0.02233772
-0.3858185
-0.01484995
-0.1739542
-0.09957521
-0.277601
-0.4369185
-0.2224202
-0.4175863
-0.02210683
0.09499607
0.2019036
0.09782925
0.2313372
0.2927795
0.3462539
0.4739924
-0.03599697
-0.1146472
-0.2969103
-0.2522377
-0.1309484
-0.2801809
-0.2014437
-0.1350093
-0.2334599
0.003651895
0.09121648
-0.3351767
0.03980356
-0.08614632
0.005303413
-0.05554332
0.1019769
0.2318544
-0.2486816
-0.1554269
-0.1673606
-0.2506881
-0.1045603
-0.4640813
-0.08496587
-0.3765346
0.7583798
0.1850752
0.2260367
-0.04894606
0.4211033
0.3771533
0.2142004
-0.2241781
-0.2386589
-0.1842636
-0.2180005
-0.1972479
-0.1570123
-0.03357014
0.07852684
-0.2527304
-0.3450838
-0.04978474
-0.09396268
-0.1276816
-0.1134784
-0.27552
-0.121614
-0.07421214
-0.1739712
-0.1597702
-0.2226766
-0.1591542
0.1882079
0.1061564
0.05028508
0.1423982
0.0740256
0.04686402
-0.0385184
0.161839
0.3270618
0.1870864
0.1377089
0.12348
0.06144819
0.2067196
0.2942088
-0.06080118
0.09827374
0.1962406
-0.00668841
-0.094394
0.2590454
0.3310465
0.08121108
-0.2529694
0.03882784
0.104079
-0.1107164
0.3530372
0.5039203
-0.3234611
0.6364148
0.3032718
0.2913114
-0.08258428
-0.1555294
-0.1730005
-0.1660367
-0.267121
-0.2098378
0.009142036
0.03457389
-0.1810279
-0.2540435
0.1169419
0.09877116
0.1672958
0.2109388
-0.1550545
-0.03617132
-0.269432
-0.2908505
-0.03762433
-0.2260019
-0.441699
0.02550364
0.1183613
-0.1564843
0.1795842
-0.06497146
0.02948114
-0.03368815
0.1893295
0.2585578
0.1981437
0.01163048
0.164273
0.01016698
0.2442072
0.2108277
-0.1325083
-0.02844129
0.1508806
-0.1377593
-0.07161933
0.1266117
0.2932827
0.07664663
-0.2640959
0.1906776
0.03183502
-0.1269303
0.8419769
-0.2385949
0.2056529
0.2635582
0.2054987
0.2101397
-0.1597459
-0.2694237
-0.1166349
-0.07493492
-0.1816427
0.3326781
0.3124525
0.2766397
0.02491983
0.4791473
0.4469735
0.5628632
0.4072554
-0.04915314
-0.2712354
-0.2623999
-0.4638971
-0.03762998
-0.3505142
-0.5507803
-0.3542058
-0.1657804
-0.4270795
-0.2412038
-0.2870338
0.1742788
0.08980611
0.4591837
0.289743
0.2718947
-0.05019197
-0.1203241
-0.1336266
0.3901188
0.181588
-0.06486591
0.03585156
0.00915967
-0.2751185
0.03438432
0.1064098
0.3738427
0.3341909
-0.2588567
0.3958756
-0.07737537
0.1430047
-0.2660758
0.3342098
0.333611
0.3957035
0.1752817
-0.1908958
-0.2165078
-0.1285343
-0.275949
-0.3088699
0.3092134
0.1775075
0.1779649
-0.003058959
0.4590563
0.4553785
0.5033697
0.4932333
-0.2049008
-0.1658949
-0.3841857
-0.4637752
-0.02143873
-0.3386949
-0.6684613
-0.3006027
-0.04787311
-0.4365935
-0.1256025
-0.2855917
0.2355628
0.1608714
0.5269312
0.3510008
0.4012759
0.01859165
0.0210585
-0.1478259
0.4391076
0.2241834
-0.0540064
0.1015642
-0.00750314
-0.3481364
0.1501622
0.1657442
0.456298
0.3873
-0.279091
0.5484709
-0.06747556
0.1805526
0.03777152
0.1378699
0.1614197
-0.278616
-0.1522922
-0.07413299
-0.2532334
-0.09950285
-0.04524886
-0.003316742
0.08308326
0.1463467
0.2233281
-0.06053287
-0.1898917
-0.2866266
-0.3079746
-0.1794174
-0.142977
0.45041
0.5697255
0.007752523
0.3709286
0.3960371
0.3438233
0.08427834
0.210921
0.1878798
0.2661602
-0.2159807
-0.07527783
0.04666772
0.04146859
0.02347655
0.1688735
0.06661336
0.08582707
-0.1299058
-0.1285458
0.3022279
0.2354044
0.06499953
0.04621102
-0.03674691
-0.03295855
0.002010167
-0.03998781
-0.1713924
-0.1267252
0.2227685
0.2366441
0.1180518
0.3769525
-0.07850822
-0.1707526
-0.1161207
-0.06529854
-0.2762224
-0.1821521
0.1201884
-0.0215267
-0.08622662
-0.07304293
0.1997086
0.2505176
0.1521094
0.2933549
-0.02275538
-0.04118138
-0.05749838
0.0888845
-0.1094518
-0.05494812
-0.3846818
-0.06567967
0.07013683
-0.07578782
0.2680746
0.03214294
-0.06331597
0.07060642
0.1817655
0.1062536
0.1549967
-0.09181192
0.1346961
0.1000785
0.03442705
0.00742095
-0.06030677
-0.05780564
0.1207051
-0.1525734
0.02311181
0.1164302
0.1922187
0.05556038
-0.2375605
0.2315564
0.06462603
0.1744918
0.7527327
0.05575811
0.03877286
-0.1605073
-0.268339
-0.2767723
-0.3258939
-0.1101773
-0.03039235
-0.0230174
-0.1833828
-0.01684955
-0.1666416
-0.1383774
-0.1430911
-0.277077
-0.2013467
-0.1050889
-0.04525194
-0.09253829
-0.02450585
-0.1803562
0.1090917
-0.07307503
-0.2373239
0.01471752
-0.1123228
0.07474467
-0.1232848
0.2782936
0.2336964
0.05800794
-0.02523825
0.1846014
-0.3624489
0.2474741
0.04073689
0.1606394
0.2112173
0.06110537
-0.04109904
-0.1963543
0.2399315
0.26918
0.0822773
-0.3181836
0.03001726
-0.005001567
-0.05719629
-0.1348036
-0.1598324
-0.08281319
-0.1018414
-0.2710621
-0.239576
0.1126963
0.01800118
0.02113934
-0.01921583
0.02275949
0.04247962
-0.1148138
-0.04530453
-0.2501792
-0.1323813
-0.3140177
0.04138503
-0.01945801
0.02280897
-0.3422057
-0.07042818
-0.05829426
-0.2905971
0.1222561
-0.1701364
0.1676015
0.01334215
0.3976887
0.3346186
0.2874697
0.07930702
0.2720915
-0.3010178
0.3448539
0.0998096
0.2703395
0.2801922
0.1604113
-0.06714834
-0.004219911
0.23762
0.3171088
0.2227505
-0.2794512
0.2463083
0.1118199
0.1616156
0.7077322
0.08051759
0.2012149
0.299466
0.1305707
0.02912418
-0.09985778
0.3288029
0.1687681
0.1858757
0.2646104
0.4305544
0.4268899
0.09794909
0.1566597
0.04831803
-0.06648358
-0.0438372
0.0008563109
-0.114508
-0.1573836
-0.3828354
-0.4627343
-0.3865581
-0.3792709
-0.05645928
-0.1493984
-0.04008705
-0.2261194
-0.2996403
-0.3796217
-0.3398716
-0.3129819
-0.06805345
-0.2010726
-0.1070357
-0.3412559
-0.1969073
-0.2204715
-0.0268334
-0.1973731
-0.06988362
-0.1239331
-0.04694354
0.02741602
-0.2922447
-0.2344123
0.06342571
0.1759638
0.2952576
0.2300619
-0.3315188
-0.2588499
0.1323018
0.1500305
-0.06403551
0.02189305
0.09608972
0.1506861
0.1055713
0.1866368
0.1840795
0.1308165
-0.02685198
0.2194114
0.08098221
0.07147233
-0.1624103
-0.2208385
-0.2326654
-0.1925797
-0.2859727
-0.2259878
-0.2368283
-0.3666461
-0.3359018
-0.2295629
-0.1740115
-0.1715895
-0.1779359
-0.257996
-0.05094477
-0.3479221
-0.1503904
-0.07436622
-0.1150155
-0.2822129
-0.2425095
-0.1932914
0.05043303
-0.1878578
-0.2714822
-0.3554818
0.7193108
0.4994438
0.5613509
-0.04685066
-0.1915171
-0.1000836
0.09731561
-0.2674831
-0.1479578
-0.22033
-0.008959981
0.171898
0.1177116
0.02857652
0.1561706
-0.1621416
0.1575195
0.1815232
0.04515947
-0.1103752
0.01410428
0.007171714
0.1053237
-0.0540977
0.08149198
-0.297304
-0.08733982
-0.1705653
-0.1861354
0.03654618
-0.01569298
-0.1406781
0.03117033
-0.1025891
-0.05924452
-0.08271728
0.173535
0.1065984
0.07657787
-0.3002282
-0.2649487
0.04609426
-0.2803214
-0.04207257
-0.08567543
0.7096589
0.6902772
-0.01609148
-0.03253395
0.05136651
0.1509031
-0.06784782
0.1362037
-0.05654365
0.1661402
0.1303721
0.06175364
-0.1119752
0.01473433
-0.1865334
-0.05656929
-0.06689888
-0.1303877
-0.3807021
-0.2398768
-0.2638488
-0.08241361
-0.01290647
0.08966772
-0.2461509
-0.1547221
-0.1496334
-0.2646436
-0.2834722
-0.1211487
-0.1657992
-0.07021144
-0.2146294
-0.259624
-0.3158895
0.1100167
0.2629003
0.1764397
-0.3176643
-0.1850555
-0.009644957
-0.2150319
-0.2569691
-0.07710376
0.8672554
0.08231459
0.2142899
0.1540367
0.1910154
-0.09747636
0.05712888
0.03215066
0.05947328
0.1775389
0.1055212
0.1609551
0.112246
0.07200642
0.08571961
0.1461585
-0.02287154
-0.4493346
-0.2297732
-0.3474104
-0.1806382
-0.09564227
-0.0540329
-0.3449052
-0.2596742
-0.4079837
-0.374493
-0.3531663
-0.1483763
-0.2343723
-0.1510305
-0.1617468
-0.2959064
-0.3021693
0.1476887
0.06621416
-0.01830826
-0.4291898
-0.3671764
-0.0605093
-0.4176442
-0.2084619
-0.2145317
0.07990048
0.2093537
0.1221986
0.3086394
-0.1724822
0.09295114
-0.07065193
0.004394312
0.153765
0.1877545
0.111799
0.1763004
0.02534155
0.2339133
0.1764154
0.05774725
-0.2747506
-0.1621745
-0.1891636
-0.1240849
-0.05545554
0.05385437
-0.2830248
-0.1546948
-0.2618832
-0.224542
-0.1597595
-0.07198935
-0.1667265
-0.09831149
-0.06149868
-0.189877
-0.2119693
0.2375214
0.1491582
-0.0126024
-0.3674746
-0.3254278
0.04347958
-0.3548132
-0.09778453
-0.1990765
0.4113663
0.3533824
0.1497728
0.3057563
0.3885894
0.306237
0.2255254
0.09314331
-0.06151826
-0.2342592
-0.2458879
-0.03683679
-0.1631083
-0.2883943
-0.4702131
-0.07946027
-0.1388134
-0.01062815
-0.1756136
0.2171009
0.2316883
0.409418
0.3265516
0.2690804
0.154566
0.05421162
0.02018899
0.349383
0.3854449
0.1643547
0.2605327
0.2226956
0.1108574
0.1533445
0.08792057
0.2681337
0.2730698
-0.06955653
0.3287442
0.2424519
0.2783354
0.3100885
0.1334971
0.1800569
0.3206692
0.2240048
0.07516811
-0.1042332
-0.124368
-0.03634518
-0.07939797
0.233111
0.1013014
-0.1011208
-0.2685025
-0.151069
-0.2224712
-0.09657223
-0.248949
0.337132
0.1593586
0.3589064
0.3508503
0.1231983
0.1252738
0.1649705
-0.06974518
0.2422288
0.2505132
0.4097748
0.3380548
0.01842706
0.04793093
0.2009747
0.2247906
0.1765255
0.06691553
0.07383324
0.1409521
0.3562373
0.1541761
0.7155292
0.3666351
0.223515
0.3643516
0.1173286
0.2050209
-0.02214946
0.08189166
-0.04066027
0.2156772
-0.0224434
0.0264659
-0.06395151
-0.03786286
-0.2228004
-0.04540737
-0.1341461
-0.08154709
0.004556542
0.2957956
0.007081993
0.1314303
0.06183007
-0.0462043
-0.06189603
0.3214095
0.161475
0.2809188
0.1520206
0.1047339
-0.05404938
0.01850757
-0.1111582
0.1926712
0.2412359
-0.03158666
0.315071
0.1287446
0.1382056
0.09775919
0.09150585
0.09905911
-0.02241634
0.2584104
0.2210498
0.1603411
0.2158947
0.1882965
0.2299812
0.2176431
0.08940033
0.06343729
-0.1424876
0.1196996
-0.03004085
-0.2123134
-0.006242187
0.1254052
0.00998694
0.1616531
0.144667
-0.01074035
0.03878794
0.2715504
0.08917155
0.3168236
0.1473604
0.05898248
0.02849729
0.01155505
-0.2902219
0.1498732
0.203806
0.1184545
0.2537257
0.08974118
0.1951247
0.5843092
0.741977
0.5208081
0.1038238
-0.04176551
0.00176773
-0.1910858
0.06821008
-0.1188752
-0.3921605
-0.3104
-0.2141387
-0.3696993
-0.145145
-0.3341277
-0.08211876
-0.1034618
0.1947562
-0.1490478
0.0964916
-0.2089552
-0.2040908
-0.09283122
0.140681
-0.03824026
0.05772805
-0.16365
-0.119098
-0.3386119
-0.005546266
-0.1756529
0.05375304
0.1044232
-0.1141488
0.2985305
-0.0549283
0.078284
0.6130742
0.5842304
0.02197976
0.07219187
-0.182437
-0.1977383
-0.01185164
0.0122887
-0.4470612
-0.4798431
-0.2445203
-0.4189725
-0.2917465
-0.3763227
0.1910071
0.2196698
0.2829669
0.07730592
0.1470627
-0.1284921
-0.05860153
-0.06196367
0.1066324
0.04105115
0.1899276
-0.03877121
-0.1058532
-0.2386262
0.4221718
-0.08025662
0.1132303
0.1688478
0.1303625
0.3818743
0.07546633
0.1106678
0.7699674
0.07232418
0.1032879
0.003486429
-0.1721884
0.1806262
-0.1318898
-0.3847375
-0.3974209
-0.2646486
-0.397275
-0.2506679
-0.3654511
-0.02448867
-0.09012002
0.1051756
-0.1628223
-0.02708271
-0.2451693
-0.2383195
-0.1533953
0.05020225
-0.1623085
-0.01382555
-0.183277
-0.1328741
-0.4166793
-0.07144871
-0.2946803
-0.04905892
0.005736739
-0.08119036
0.3498324
-0.06544816
-0.03874513
-0.01864614
0.1859736
-0.008367398
-0.04553226
0.0208128
-0.134255
-0.4022825
-0.3821443
-0.2719458
-0.3264499
-0.1345349
-0.1901658
0.05470206
0.09463361
-0.02355594
-0.175411
-0.09233993
-0.3123841
-0.2163305
-0.03485604
-0.175817
-0.2210734
-0.1654642
-0.2483331
-0.3052833
-0.4304979
0.06888383
-0.1616641
-0.1010808
-0.05202894
-0.06979271
0.2815385
-0.1850967
0.0661889
0.3152559
0.2559092
0.09290712
0.3031678
0.3170152
0.2329008
-0.1118622
0.01274867
-0.096362
0.005411164
-0.07361542
-0.361788
-0.02081441
-0.176447
-0.2496692
-0.07753909
-0.08412276
0.07758434
-0.009049893
0.05124143
0.1115337
0.05401829
-0.2218836
0.01794349
0.09992708
-0.1428998
-0.3088003
-0.1394052
-0.04336925
0.2555872
-0.1182629
-0.02294712
-0.1236178
0.2010956
0.2062672
0.2851121
0.3179976
0.2369742
0.05102047
0.09207457
0.04028021
0.110792
-0.002710414
-0.07304477
-0.001244076
-0.2715464
-0.1530206
-0.1084231
-0.0265097
0.2045946
0.06363975
-0.0391316
0.02176155
0.01713345
-0.125279
-0.111513
-0.04196104
-0.003757759
-0.3806236
-0.0984248
-0.07998632
0.1949685
-0.0124222
-0.1284075
-0.284487
0.5954264
0.2626001
0.4049587
0.6099035
0.3225975
-0.07220591
0.1324878
-0.01424215
0.1995593
-0.4640634
-0.2586592
-0.4243053
-0.4783246
-0.4680566
-0.222153
-0.05568191
0.05208997
-0.4382443
-0.3551698
-0.01450953
-0.1829743
-0.2291251
-0.09930637
-0.2976478
-0.2827976
-0.4150817
-0.4582371
0.0417341
-0.3798283
-0.0305034
-0.1274995
0.2858314
0.697692
0.6095605
0.4675739
-0.1713892
0.03226952
0.01289467
0.008747776
-0.2896033
-0.1095491
-0.3950347
-0.3005287
-0.3663308
-0.1185606
0.008552285
-0.1367131
-0.4367867
-0.4375636
0.2779554
-0.0149384
-0.02620375
0.1363997
-0.1483359
-0.3434387
-0.3891309
-0.4273558
0.05879363
-0.3785813
0.03603194
0.01438706
0.3550749
0.2843655
0.1370203
-0.05828721
-0.1342516
-0.0325053
-0.2183654
0.003148774
-0.03754838
-0.07964403
-0.1411446
-0.120776
-0.02665768
0.1887801
-0.1548501
0.05770184
-0.06595421
0.2575287
0.1013851
-0.1060553
-0.1373511
-0.06337312
-0.2283162
-0.08942987
-0.125011
0.1736997
0.006876825
0.07995602
0.05357611
0.5140466
0.3178417
-0.1016604
-0.1370159
-0.07112421
-0.2167874
-0.2283408
-0.07831346
-0.1829039
-0.09508545
-0.217354
-0.01448096
0.293191
-0.2182515
-0.1373158
-0.1245717
0.4684619
0.0585065
0.0502143
0.1382827
-0.06752165
-0.3482341
-0.2432663
-0.287276
0.2181972
-0.2767008
0.1887471
-0.1261652
0.5081828
-0.03275852
0.2795769
0.06448983
0.2122453
-0.2531427
-0.08259193
-0.4538607
-0.2653382
-0.4001954
-0.04926125
0.08145117
0.03434368
-0.357836
-0.1409055
0.1796656
0.02861465
-0.0274819
0.2556941
-0.1891633
-0.3325578
-0.3061265
-0.3136283
0.1960237
-0.4504363
0.007207347
-0.1322485
0.06532028
0.1940967
0.02692113
0.1475064
-0.2561308
-0.1864857
-0.3931865
-0.2627271
-0.2700934
-0.1499323
0.02388386
0.04443933
-0.2754512
-0.201835
-0.09363388
-0.1315598
0.01860387
0.2544952
-0.09553744
-0.1485252
-0.2676036
-0.3011168
-0.2141907
-0.4466952
-0.1960691
-0.1018855
0.689085
0.6762669
0.5118977
-0.03698822
0.177855
0.2395365
0.2925235
0.5207431
0.5903965
0.478089
0.5617491
0.2976252
0.4006041
0.1024667
0.3490876
0.4453871
-0.03927187
-0.0601852
0.1558642
0.4126344
0.4056475
0.2680542
0.3404769
0.3662346
0.1374976
0.599646
0.8027792
-0.03122084
0.1293517
-0.1067416
0.06793693
0.1214699
0.3697501
0.1918329
0.7367847
-0.1500143
0.2294914
-0.02662236
0.2779331
0.2835276
0.1215681
-0.08933667
0.09458943
0.05708533
0.1528126
0.2586555
0.03931427
0.3005057
0.1921848
0.6656297
-0.08655017
0.06137968
0.08906473
0.2209411
0.2829745
0.3040913
0.3611964
0.5906604
0.0771635
0.2508273
0.1670405
0.2865167
0.1610761
-0.1256635
-0.1790993
0.08354291
0.3296279
0.2363685
0.1665811
0.2994677
0.3452582
0.2354474
-0.08426173
0.08373439
-0.06919271
0.09972581
0.1113415
0.2649623
0.07958465
0.7263182
-0.2045572
0.1952995
-0.1218524
0.2282333
-0.01647561
-0.02339183
-0.05095321
0.1858587
0.1047188
0.1430822
0.09421161
0.09870523
0.1969856
0.2432687
0.5550615
0.4602807
0.4800437
0.2610462
0.1232514
0.1813441
-0.02069778
0.2396779
0.2500833
0.2056753
0.4517556
0.03293638
-0.03106184
0.4962481
0.4864722
0.2972285
0.1861952
0.1630187
0.2193488
0.2382006
0.3612943
0.3753535
0.3747132
0.325069
0.1955214
0.1722975
0.157806
0.1757823
0.3351917
0.298454
0.4561224
0.120001
0.06839876
0.5671169
0.2998845
0.2448547
0.2701991
0.2797939
0.2396623
0.2292596
0.3694449
0.7545758
0.720378
0.5239903
0.2632485
-0.006950928
0.6970039
0.5566531
0.430374
0.5837059
0.3198715
-0.1703571
0.2649026
0.4742373
0.7769654
0.6337265
0.005436701
0.6619879
0.5050111
0.4303048
0.7331666
0.6604032
0.3199417
0.1090416
0.6318008
0.6977402
0.4108806
0.6480805
0.3957191
0.0118253
0.1949619
0.429505
0.7978407
0.6254095
0.04533164
0.5489683
0.4857503
0.3376514
0.763709
0.2954738
0.1831655
0.769076
0.636138
0.3282301
0.5083845
0.4139152
-0.1144078
0.1754893
0.3104981
0.7811366
0.8386157
0.09009077
0.7072334
0.354151
0.3543135
0.328756
0.2754541
0.5755636
0.5781911
0.3959049
0.6349987
0.555612
0.1047497
-0.009423706
0.1564389
0.6471264
0.6688967
0.2888783
0.5135884
0.4881287
0.2005926
0.03813927
0.3474013
0.374096
0.3273095
0.3408094
0.2742532
0.01480576
0.09730835
0.1833198
0.2846107
0.1564262
0.1304794
0.1515184
0.3928805
0.08436426
-0.0650985
0.3218361
-0.04459757
0.2166412
0.2268814
0.05227386
0.1162973
0.003395242
0.105667
0.2178557
0.3159257
0.2124472
0.2412375
0.2779191
0.7062962
0.4097508
0.475319
0.4368462
-0.005660273
0.05585845
0.1802804
0.7163358
0.7038402
0.01682578
0.5726978
0.2725209
0.1156475
0.3438176
0.5495385
0.4366084
0.1711416
0.1946564
0.2861016
0.6484379
0.6169158
0.1093548
0.4418375
0.4100415
0.2254318
0.6344193
0.3140453
0.07939173
0.1712817
-0.0809577
0.3388666
0.2879539
0.3646543
0.2985992
0.5943681
0.2587348
0.4478374
0.145425
0.1782114
0.2651174
0.5093697
0.4493738
0.3071985
0.4380197
0.6174114
0.4219784
0.4124027
-0.08299345
-0.1085252
0.34433
0.3959625
0.1947922
0.2187746
0.4295156
0.05718487
0.04316907
-0.1136691
-0.1895416
-0.09904903
0.08192043
-0.3977674
-0.06179839
-0.1561782
0.3533647
0.08266669
0.09098329
0.1069428
0.1129993
0.1071522
0.3290724
0.3039195
0.1020447
-0.156109
0.1268073
0.1843466
0.3543598
0.8065152
0.0287755
0.731858
0.3825613
0.3063394
0.1357834
0.7483253
0.2438946
0.326975
0.1774782
0.3104675
0.1047505
0.3466173
0.3683084
0.4275028
