0.8570599
0.6702601
0.5874261
0.4561963
-0.01901206
-0.4086172
-0.321192
-0.2552064
-0.2254754
-0.3028419
-0.2375894
-0.1315942
0.6668816
0.3412682
0.4635563
0.0374982
-0.01815329
0.06376796
-0.1126677
-0.4653139
0.01812723
-0.2277979
0.1296122
-0.2921158
-0.5260085
-0.02792617
-0.09184951
0.3281642
-0.2230875
-0.02980748
-0.3625578
0.1066446
-0.4464998
-0.06035096
-0.08599556
-0.08751525
-0.2884066
-0.2573922
0.007865891
-0.1867303
-0.3917949
-0.227304
-0.1957763
-0.232036
-0.019524
0.04872226
0.0004714159
0.6171004
-0.04267015
0.9026244
0.8582525
0.6587535
0.1318565
-0.0172129
-0.2927404
-0.3370993
-0.2117027
-0.1468369
-0.2827285
-0.2856981
-0.1956521
-0.2998792
-0.3629419
0.5767498
-0.2613273
0.1955097
-0.1533376
-0.0770965
-0.08892866
-0.2495097
-0.1800898
-0.1050438
-0.2790827
-0.542179
-0.3091652
-0.1500833
-0.2016464
0.2355986
-0.2102316
-0.1460777
-0.05896652
-0.03118541
-0.4172976
-0.4546584
-0.5405327
-0.2228294
-0.2218382
-0.4270367
-0.3258781
-0.02480968
-0.08441063
-0.3185518
0.01496787
-0.1131756
0.03973766
0.6554339
0.01249471
-0.4659033
0.05375767
0.6787054
0.3337036
0.2745649
-0.2426544
-0.5248887
-0.4410668
-0.3217708
-0.256676
-0.2680778
-0.3129796
-0.2701714
0.6394196
0.4029867
0.3438489
-0.04798728
-0.04357637
-0.03820759
-0.08676486
-0.4478639
-0.0234774
-0.245784
0.08762067
-0.3558699
-0.6032187
-0.07776022
-0.0004041985
0.4695093
-0.0510254
0.05846442
-0.4080235
0.1088905
-0.310682
-0.1888346
-0.2452116
-0.006062213
-0.1698648
-0.1460367
0.02814905
-0.06260818
-0.2364958
-0.1052799
-0.171534
-0.124414
-0.002110366
0.1832337
-0.01318957
0.5484111
0.02283059
0.785654
0.927565
0.4594613
-0.04080575
-0.1735625
-0.4920062
-0.4080418
-0.2903453
-0.2758765
-0.2579878
-0.3406027
-0.2824626
-0.3621506
-0.4163967
0.492729
-0.2869383
0.06475996
-0.2561955
-0.2630266
-0.2182021
-0.3603643
-0.1809359
-0.264491
-0.3108026
-0.5692981
-0.3079062
-0.2016969
-0.177775
0.262133
-0.2272726
-0.1318926
-0.1285225
0.1068153
-0.3104471
-0.3534015
-0.4377928
-0.1604689
-0.3013226
-0.2685877
-0.2139382
0.1373369
-0.07850449
-0.259003
0.08387009
-0.1622043
0.1256725
0.5954472
0.06017917
-0.4761724
-0.06050637
0.1384435
0.2563798
0.1479483
-0.3342157
-0.2479627
-0.06109278
-0.07194657
-0.09497823
-0.01631013
-0.1744028
0.3829239
0.1076553
0.2131617
0.1620886
-0.002616897
0.1031399
-0.1001643
-0.281626
0.1383456
-0.1598067
0.1515674
-0.1864316
-0.4318744
-0.1131134
-0.1137464
0.2297654
-0.1868735
-0.06003169
-0.3921657
0.04715043
-0.2931508
0.02149435
-0.08091852
-0.1259192
-0.354079
-0.3104227
-0.01748947
-0.1271312
-0.3174471
-0.3070383
-0.2900996
-0.2092438
-0.1342464
-0.000216394
-0.1248114
0.1714979
-0.001806928
0.5720152
0.7919885
0.195288
0.3114409
-0.250525
-0.318563
-0.1862793
-0.08573882
-0.007069792
-0.08906547
-0.1313421
-0.1882268
0.01736849
-0.2656872
0.3247581
-0.3368276
0.04252665
-0.04989645
0.01402655
-0.02448479
-0.09776213
-0.004195918
-0.0872253
-0.08719945
-0.3482022
-0.2105308
-0.143526
-0.2337979
0.07381015
-0.1664765
-0.001938609
0.02283781
-0.06735929
-0.3659343
-0.3945036
-0.3603032
-0.160496
-0.1710782
-0.4265342
-0.4007822
-0.1441909
-0.1735346
-0.2463461
-0.02999153
-0.2027781
-0.0898919
0.2904297
-0.09639814
-0.3228919
-0.0002942439
0.5689389
0.1836427
0.09582861
0.06522706
-0.05698194
-0.1105167
-0.1603433
-0.2393447
0.2042485
0.4302642
0.2778136
0.566378
-0.04228472
0.01782239
0.09614813
-0.07682881
-0.2983171
-0.2104492
-0.1630088
0.1264599
-0.1146296
-0.3402844
0.1750151
-0.2752756
0.04947299
-0.4258979
-0.06373187
-0.1490129
0.04516625
-0.446192
0.0873575
0.1671338
-0.2580889
-0.272819
-0.2739916
-0.09316081
-0.3253289
-0.2981471
-0.3163493
-0.1631086
-0.3853268
-0.1164426
-0.0625136
-0.03973483
0.4688547
-0.1421655
0.6490699
0.2908499
0.7873892
0.1642885
0.3355221
0.3532912
0.008615542
-0.003982965
0.05845313
-0.08749027
0.02553144
-0.02508366
-0.2354585
0.02128626
0.4236045
-0.1047178
0.4262612
-0.01013389
0.08556464
0.0115664
-0.1257496
-0.1939263
0.1594673
-0.2169526
-0.3720772
-0.1677444
0.01518467
-0.1021684
-0.006930998
-0.07434576
-0.0846958
-0.02711755
-0.1726129
-0.2906835
-0.2526788
-0.3209288
-0.2357641
-0.05297903
-0.4733207
-0.25063
-0.1059143
-0.1262581
-0.2865635
-0.06009413
0.009573517
-0.0563297
0.455351
0.03517775
-0.2044971
0.2385411
0.4740491
0.2208403
0.05509381
0.04744187
-0.1742947
-0.02382002
-0.1231839
0.09840691
0.1869588
0.2744266
0.09437968
-0.1498269
-0.1013426
0.03179522
0.002815342
-0.1736514
0.00115613
0.04019527
0.0988877
0.01253853
-0.271522
0.2206757
-0.1428609
0.1189938
-0.3377002
-0.1876762
-0.1956526
-0.230301
-0.3832841
0.2109618
0.02158661
-0.1439828
-0.2744884
-0.1858034
-0.0441641
-0.1080935
-0.1986038
-0.1853714
-0.1935967
-0.1527779
-0.1088942
-0.116299
0.07410823
0.4071364
0.1857071
0.5169542
0.292507
0.3294672
0.3671282
0.4616332
0.3144752
0.01231703
0.1529756
-0.00716628
0.03667272
-0.1153275
-0.04019763
-0.07574755
-0.06566211
0.3375256
0.03728494
0.05581949
-0.03707632
0.009975685
0.1214728
-0.1040613
-0.062127
0.1029237
0.03048024
-0.2460975
-0.2060888
0.006863319
-0.09047299
0.1023898
-0.1965925
-0.1171852
-0.1627559
-0.09297896
-0.242176
-0.203779
-0.3770156
-0.1514399
0.04425168
-0.2215511
-0.1883357
-0.04283993
-0.09210365
-0.2898173
-0.1530796
-0.1013293
0.01774043
0.3470334
0.1178932
-0.1479231
0.3466327
0.6577883
0.33416
0.3500778
0.2460747
0.2701668
0.3037469
0.1934769
-0.1469592
-0.1211197
-0.1849108
0.0428606
0.05780822
0.3023334
-0.05590285
0.07895848
0.02493466
0.0002267479
0.1098773
0.2169502
0.1479717
0.135794
-0.3544469
-0.241863
-0.3536501
-0.3123198
-0.104221
-0.2624677
-0.1791041
0.382598
0.24668
-0.1180088
-0.2078918
-0.1207291
-0.04011815
-0.1698261
-0.3329362
-0.2320364
-0.2392935
-0.2205997
-0.3011388
-0.4191388
0.2261127
-0.204867
-0.05418655
0.02330665
-0.1125876
-0.02020447
0.7303706
0.5114098
0.6109529
0.3196882
0.2903054
0.3062475
0.2023343
0.3665526
0.1558042
0.3730588
0.114726
-0.009588391
0.05483259
-0.08012783
0.1549381
0.3519102
0.2128206
0.25717
0.08966297
0.4266105
0.2970235
0.08350122
0.004017633
0.09827611
-0.3010022
-0.203814
-0.07953614
-0.09959448
-0.01677283
-0.4020582
-0.1482041
-0.1592187
-0.2081439
0.1261585
0.2192
-0.2229063
-0.1461431
-0.09405031
-0.1346492
-0.2432916
-0.3461062
-0.2973977
0.01318784
-0.1234685
-0.1548926
0.04784009
0.2554
0.5236838
0.4220264
0.4682623
0.3506439
0.3660022
0.3391214
-0.3154935
-0.1458848
-0.2435774
-0.006766655
-0.02039849
0.2856579
-0.05918692
0.2243651
0.02263472
0.1173986
0.139195
0.2859633
0.3069778
0.2046089
-0.4460908
-0.3775643
-0.291201
-0.1446688
0.04824854
-0.2487125
-0.1432513
0.5095458
0.3728438
-0.01354539
-0.169001
-0.0647825
-0.317614
-0.2807141
-0.1257035
-0.2966692
-0.35458
-0.3172166
-0.4760495
-0.5846823
0.08237426
-0.3572695
-0.1251254
-0.3160663
-0.5534097
-0.1566085
0.4781008
0.6602758
0.7953574
0.51497
0.2914325
0.343586
0.3100386
0.5861763
0.3584288
0.4931131
0.3644137
-0.1658296
0.2417333
0.01680544
0.177573
0.4280298
0.2779186
0.4328592
0.2059408
0.6340361
0.3846173
0.3788516
0.3362049
0.1378856
-0.2444341
-0.3643087
0.1329038
0.04172873
0.1522381
-0.3090438
0.1512018
0.1388628
0.07119866
0.3435353
0.4440886
-0.1794251
0.05134451
-0.1260487
-0.2787975
-0.3248695
-0.5026633
-0.2126225
-0.005582826
-0.2510456
-0.2000562
0.3711154
0.322783
0.6516569
0.4020073
0.5336898
0.2722521
0.6892206
-0.3338957
-0.1930691
-0.1161073
0.07375118
0.001565745
0.2416345
0.004421905
-0.1061966
-0.1503688
-0.03083594
0.08654488
0.3457626
0.2498135
0.2283879
-0.190703
-0.5197055
-0.2851156
-0.2131715
-0.04145471
-0.262408
-0.1073301
0.1289755
0.114496
-0.09796302
0.016868
0.01103383
0.02128571
-0.04488191
-0.03318335
-0.1802725
-0.0271166
-0.2118225
-0.259791
-0.4367252
-0.03898685
-0.3977925
-0.07451713
-0.2766114
-0.3948476
-0.2258068
0.1167996
0.2436303
0.6677444
0.8677857
0.8067783
0.4166894
0.6611821
0.5009527
0.4709245
0.5024554
0.7831449
-0.1979303
-0.1833276
-0.1211892
0.2084413
0.2842968
0.1982881
0.08024409
0.03202255
0.3755933
0.3206368
-0.03145698
0.001158172
0.1248118
0.03628848
-0.3396553
-0.01045356
-0.3358312
0.0672624
-0.4795246
-0.1325605
-0.1552158
-0.06091966
0.04917652
0.06041356
-0.2283957
-0.1776532
-0.06888433
0.08584388
0.004719296
-0.1917881
-0.2477836
-0.03013873
-0.1781707
-0.1109831
0.05386986
0.05534573
0.4442416
0.600385
0.3743828
0.4638579
-0.4908283
-0.3032129
-0.3327932
0.2160675
0.2549452
0.5730881
0.07536434
-0.08112944
0.1778471
0.04396432
0.5031284
0.3481731
0.08238571
0.3796219
-0.3098936
-0.2931694
-0.4626446
-0.4097599
-0.2599037
-0.1392749
-0.09463811
0.07518391
0.1601861
-0.1983237
-0.1054901
-0.2963165
-0.03644743
-0.2078561
-0.2870226
-0.4190767
-0.1692049
-0.2528809
-0.2037269
-0.4155343
-0.1819585
-0.4178006
-0.2523373
-0.3073046
-0.3368745
-0.2898462
0.1725767
0.1844959
0.4845578
0.5872531
0.6911155
0.7217481
0.9055945
0.419116
0.5556422
0.4687483
0.5208923
-0.1824998
-0.2880508
-0.2732751
0.2796524
0.5529775
0.3992374
0.2562521
0.1807225
0.5110999
0.509052
-0.0165632
0.06098968
0.1079493
-0.1900609
-0.3200259
-0.1165948
-0.3020313
0.005182741
-0.5398631
-0.2235047
-0.2336544
-0.1683895
-0.01911154
-0.01453819
-0.2970342
-0.2348749
-0.2087172
-0.06441902
-0.05606672
-0.2237858
-0.229137
-0.2599116
-0.229952
-0.1442968
-0.02211685
-0.08050595
0.4187499
0.6782239
0.2125508
-0.2221991
-0.3860778
-0.2630185
0.2747055
0.09746207
0.3472289
-0.1123338
0.06170882
0.4193253
0.2187272
0.10461
0.3150091
0.3246266
0.02839887
-0.3782478
-0.3856448
-0.3958835
-0.2529654
0.03070386
-0.05996235
-0.1504861
0.281832
0.008008169
-0.1561755
-0.2548956
-0.208113
-0.2158561
-0.2556329
-0.1699237
-0.4365292
-0.3554137
-0.3941981
-0.3808419
-0.439299
-0.1968143
-0.4630463
-0.2003457
-0.2547448
-0.2506554
-0.1394659
0.3130282
0.07450882
0.386735
0.3064065
0.2102694
0.4769768
0.2986982
0.6511625
0.518404
0.5367819
0.3023783
-0.05263668
-0.02836724
-0.1028598
0.3092258
0.4448784
0.2654666
0.4605061
0.4033759
0.5139445
0.4414905
0.2831646
0.2519681
0.07986726
-0.1676947
-0.3514798
0.1292462
-0.07729484
0.2545591
-0.3773471
-0.07593075
-0.05973227
0.008164459
0.2421664
0.1366283
-0.2746519
-0.1611493
-0.2344729
-0.2378623
-0.1872841
-0.3382554
-0.1075372
-0.1399167
-0.09840315
-0.2542524
0.2373315
0.06669047
0.465448
0.4317937
-0.4252589
-0.2756382
-0.3637544
0.1433078
0.08738383
0.2292036
-0.06704964
-0.05473402
0.2587517
0.2016379
0.1113603
0.2636276
0.06905449
0.3134029
-0.02299891
-0.1545142
-0.2535838
-0.3871322
-0.05775833
-0.1413272
0.05097619
-0.07555527
-0.2292104
-0.1519136
-0.09478177
-0.07292874
0.1363366
0.0128523
-0.1105957
-0.1332654
0.04186536
0.0164782
-0.1142769
-0.1181885
-0.05373011
-0.2788004
-0.1859284
-0.2657512
-0.2421012
-0.2597184
0.1362352
0.1543282
0.4143054
0.4513485
0.5318797
0.4424587
0.5884244
0.5204676
0.572837
0.4790027
0.4674013
-0.2209162
-0.287551
-0.2843749
0.1164765
0.2784253
0.1262921
0.1493563
0.2640434
0.2946145
0.5184397
-0.1192134
-0.08027752
0.2043752
-0.1183927
-0.1199548
-0.1881387
-0.4428103
-0.01637996
-0.5068393
-0.2273028
-0.2396267
-0.164986
0.08228543
-0.08890396
-0.1246962
-0.153748
-0.01219481
0.1016776
0.08834908
-0.06854668
-0.2624434
-0.06279289
-0.118385
-0.1024675
-0.004735393
-0.1753199
0.07537618
-0.2467653
-0.3670269
-0.2816629
0.491135
0.2831452
0.4449874
-0.001767814
0.1278798
0.6130556
0.4245814
0.1262604
0.5400987
0.2848563
0.1961612
-0.2422658
-0.2841324
-0.4840932
-0.2758495
0.0222467
-0.06904683
-0.2725659
0.3571624
0.001906837
-0.063047
-0.3522153
-0.2782546
-0.2836813
-0.3361261
-0.2704986
-0.4879701
-0.3372009
-0.3430465
-0.3768376
-0.5055542
-0.1231398
-0.3397735
-0.07601301
-0.2860342
-0.2488333
-0.2325892
0.3428089
0.1240314
0.2900018
0.2506496
0.1418794
0.5828831
0.2071633
0.5170546
0.5998844
0.6590177
0.1742325
0.03541701
0.0510851
-0.1428333
0.5167121
0.5369561
0.4262299
0.6998338
0.6456209
0.5293433
0.7246735
0.4005599
0.2548444
0.2036651
-0.07224917
-0.1113622
0.1439777
-0.04604719
0.5172245
-0.4592608
-0.1739368
-0.148883
-0.2027739
0.2232351
0.1951374
-0.3048554
-0.2190669
-0.3826875
-0.25205
-0.2123833
-0.3489891
-0.1781914
-0.1017614
-0.111764
-0.1710724
0.216176
0.1145506
-0.2415537
-0.2233764
0.10431
0.07037587
0.1001855
0.1915086
-0.008621727
-0.01461737
-0.1585434
-0.04963814
0.2089851
0.2061872
0.11381
0.2180766
-0.2099885
-0.4281859
-0.2845309
-0.183083
0.004058225
-0.1130322
-0.009776702
0.01319775
0.06537042
-0.2169449
-0.1780895
-0.03542751
0.08955941
-0.01695763
-0.01375663
-0.1797161
0.05937367
-0.170067
-0.1025824
-0.21929
-0.1418244
-0.1647368
0.006711856
-0.006146036
-0.2307859
0.06092272
0.1031634
0.2066241
0.4947621
0.6736215
0.6168972
0.4066455
0.4850691
0.4277382
0.4061526
0.3885893
0.8052453
-0.1288796
-0.1338091
0.1120906
0.2019398
0.2578804
0.1124666
-0.02802687
-0.06945438
0.2202579
0.1183106
-0.1812487
-0.1777866
-0.03296851
-0.05077574
-0.2432552
-0.01869623
-0.2499513
0.06508514
-0.3090235
-0.0663504
-0.1539798
0.02523049
-0.09242969
0.02730339
-0.2028789
-0.1100966
0.09924997
0.1049883
0.128003
-0.06519457
-0.1123957
-0.02932598
-0.08081337
-0.1137822
0.007781767
0.1904349
0.5355431
0.6092956
0.1433127
0.04403374
-0.03142057
-0.2612769
-0.4178343
-0.08305768
-0.1548886
-0.09145196
-0.4787473
-0.4172001
-0.2224443
-0.1280012
0.3361709
0.03446156
0.1747664
-0.2245858
0.16083
-0.3868607
0.01210553
-0.08152669
-0.06571223
-0.2842004
-0.1922836
-0.129579
-0.1276808
-0.1676909
-0.173428
-0.2565973
-0.31914
-0.1219017
0.03271957
0.09451102
0.5880714
0.045876
0.6532301
0.6167884
0.5838699
0.002118035
-0.02352595
-0.2870496
-0.3534746
-0.4595391
-0.3540529
-0.4647178
-0.2882885
-0.3214222
-0.2833494
-0.3915563
0.6979093
0.100773
0.3273898
-0.1680434
-0.2285454
-0.2577001
-0.1191644
-0.0662107
-0.0877911
-0.3567436
-0.2819521
-0.1224242
-0.1953364
-0.2047189
0.2510589
-0.07454994
0.03894324
0.1582646
0.09682743
-0.2106104
-0.3092604
-0.2872439
-0.08156955
-0.1941397
-0.3760476
-0.3192993
-0.06656454
-0.1611008
-0.376439
0.08091072
0.01727079
0.1259967
0.5985526
0.08747458
-0.2775675
0.09802961
0.1843497
-0.08761993
-0.07621716
-0.103146
-0.1999641
-0.3224489
-0.08477709
-0.1563807
-0.1329055
-0.3006807
-0.4256087
-0.1536743
0.1052306
0.3652936
0.1218809
0.07168309
-0.3498521
-0.1715729
-0.1343146
-0.01977786
-0.06234421
0.07292832
-0.0186446
0.1055714
0.01400155
0.05783861
-0.0143515
0.1651948
-0.08349598
-0.07766338
0.02257659
0.08088263
0.4094544
0.5558861
0.2994457
0.2734662
0.2764803
0.2449701
-0.2162925
0.1583459
-0.1271768
-0.2319749
-0.2790723
-0.3194259
-0.2044036
-0.2102242
-0.2314658
-0.164278
-0.3073899
0.3358768
0.109306
-0.1005737
-0.3500238
-0.3194578
-0.3649762
-0.150024
-0.08136455
0.006575898
-0.3054394
-0.2875392
-0.03813847
-0.2099488
-0.02711155
0.0474287
-0.41824
-0.1213151
-0.1318532
0.1004865
-0.2619687
-0.3264522
-0.3157568
-0.1221845
-0.2251529
-0.1208275
-0.2150692
0.09988995
0.01955448
-0.3176668
0.124627
-0.2333074
0.1229534
0.4101573
0.1578551
-0.135662
0.1000194
0.2514465
0.2043495
0.0685135
0.07900526
-0.1131849
-0.2480984
-0.100747
0.08099064
-0.2171497
-0.338027
-0.04175648
-0.246084
-0.01376133
-0.0788179
0.4649429
0.04484685
0.5123139
-0.3434119
0.09982097
0.2963112
-0.1296894
-0.2053167
-0.1945007
-0.2946687
-0.3780247
-0.0830404
-0.2064463
-0.2066843
-0.372687
-0.1921464
0.05547387
-0.1049054
0.4501907
0.01274654
0.4646212
0.3093306
0.6659769
-0.008881907
-0.02290224
-0.1136772
-0.08424587
-0.2799507
-0.07166834
-0.3256696
-0.2156451
-0.2094434
-0.2467905
-0.02371331
0.4844498
0.1183258
0.6734378
0.1602141
0.04100064
0.05921181
-0.06734828
-0.1598138
-0.1339921
-0.3923584
-0.1692584
-0.0723689
-0.1598982
-0.1522376
-0.01400026
0.2678624
0.2094808
0.3436655
0.02448273
-0.01263504
-0.1100108
-0.1029097
-0.1681641
-0.02460741
-0.4432152
-0.2808851
-0.1863785
-0.3102815
-0.2671318
-0.06432571
0.1132638
0.1182877
0.3922471
-0.04231334
-0.3244465
0.1222512
0.657028
0.5896001
0.03810824
-0.04133775
0.3017721
0.2314449
0.1591386
0.1743317
-0.0228665
0.1504352
-0.2483908
-0.0905729
-0.2999512
-0.01646229
-0.0654658
0.3538913
-0.2647128
0.1684306
0.1763029
-0.01237288
-0.3678641
-0.2386664
-0.2153105
-0.4274675
-0.3551527
-0.3966234
-0.2372315
-0.3854656
-0.2068485
-0.2137684
-0.03482638
0.06942691
-0.04632623
-0.06236921
-0.03681783
-0.02028038
0.09228518
0.0144323
0.03204976
0.08480154
-0.01588283
0.5363178
0.02521733
0.209048
0.3374416
0.344982
0.03307313
0.350782
-0.05509242
0.0303523
0.5373984
0.4465776
0.2829064
0.6038614
0.4968582
0.3398901
0.2817853
0.1794696
0.1571113
-0.0210768
-0.1105405
-0.05043918
0.06083601
0.04930979
0.4715129
-0.3092594
-0.2054563
-0.3492533
-0.3362194
0.01497248
-0.06667807
-0.4615027
-0.4992152
-0.3704675
-0.3213126
-0.2404573
-0.1011262
-0.1095301
0.008915745
0.06086654
-0.1945541
-0.06144252
-0.02280886
0.557955
0.04509668
-0.06656129
0.06726265
0.07588969
0.2205442
0.1965152
-0.168794
0.08066787
-0.2480999
-0.06035777
-0.297332
-0.02416784
-0.0912782
0.3194583
-0.1286405
-0.01724139
0.1065478
-0.123841
-0.2211828
-0.1317574
-0.1329461
-0.3512471
-0.2898774
-0.275916
-0.1075415
-0.3096342
-0.1403028
-0.04240461
-0.02519442
0.02198133
-0.2076605
-0.1025249
-0.05988165
0.008188298
0.141151
0.0438421
0.0304847
-0.0213469
0.009984121
0.4831893
0.1313259
0.03056847
0.2647176
0.06752565
0.09127198
0.2688586
-0.04493611
0.05933967
0.4947717
0.2910892
0.1708524
0.4063507
0.1410002
0.2340962
0.1018736
0.02302696
-0.09355158
-0.1991508
-0.1284718
-0.1345376
0.04461796
-0.0005913681
0.31512
-0.2910992
-0.1245778
-0.1977131
-0.2081499
-0.07476781
-0.04991189
-0.2501386
-0.315985
-0.1327648
-0.2767267
-0.1379604
-0.1583603
-0.1149853
0.07466503
-0.06824909
-0.2758717
-0.1268153
0.0324572
0.2022243
-0.09913601
0.2856899
0.08069219
0.5800013
0.3332787
-0.1290258
0.298149
-0.4797359
-0.0724592
-0.509393
-0.1947813
-0.3067929
0.1804806
-0.4416063
0.1907109
0.3051174
-0.09395683
-0.3022841
-0.3876311
-0.3131026
-0.5162371
-0.5263217
-0.5784417
-0.431795
-0.4430981
-0.4324817
-0.5700163
-0.03617967
-0.06473544
-0.1539615
-0.03707257
-0.09206221
0.005179439
0.2097001
0.3088817
0.2355504
0.2329382
0.1323379
0.7643535
0.3954963
0.3187893
0.4040423
0.3750134
0.1364655
0.1934511
-0.05150984
-0.0137378
0.5192923
0.7268549
0.5663961
0.5790171
0.2638562
0.5314829
0.4349694
0.07775937
0.1301082
-0.08873529
-0.3884397
-0.192971
0.007541893
-0.05732638
0.3987116
-0.5216069
-0.2554584
-0.3173355
-0.4161728
0.05994526
0.0265682
-0.5019223
-0.3816424
-0.2905793
-0.4208975
-0.4225313
-0.3886736
-0.39403
-0.09168389
-0.02137626
-0.3745369
-0.03691834
0.1787534
0.4337543
-0.04503667
0.2856714
0.3653907
0.4773934
0.2953085
0.4143212
-0.1280623
0.08676813
-0.1251248
0.26755
0.2322467
0.1962672
-0.0177393
0.2746072
0.4626853
0.3052586
0.18716
0.2019441
-0.1438045
-0.0932855
0.1908124
0.001072766
0.05518265
0.2065273
0.02033739
-0.04080738
-0.04019568
-0.0892652
0.3125683
-0.1142458
-0.1370786
-0.2243739
-0.05728279
0.02534655
-0.07244498
0.06461005
-0.1001215
0.1612562
0.0906645
-0.2117033
-0.1552755
-0.07115843
-0.05598527
-0.2681428
0.04491629
-0.01116982
0.0503966
0.2693603
0.4056756
0.042395
0.02173353
0.01090646
0.2628689
0.2018573
0.2930974
0.2863109
-0.1542339
0.03565668
0.2328021
0.01796001
0.06291248
-0.2028999
0.1658269
0.1980984
-0.01446987
0.2071553
0.2811823
0.1400539
0.2410211
-0.05651768
-0.1861641
0.03679784
-0.3369614
-0.169955
-0.01309703
-0.1322963
-0.1748293
-0.01887205
0.1362907
0.07042118
0.5047575
0.08119327
0.309504
0.5045665
0.1362764
-0.2102749
-0.1467694
0.09604037
0.4007703
0.4862149
0.08088157
0.2534758
0.4105999
0.4962842
0.197305
-0.01989949
0.1263297
-0.3655454
-0.1214671
0.4432565
0.04638529
-0.1192017
0.1510897
-0.06002619
-0.04014337
-0.1811423
-0.3566194
0.2360904
-0.3748957
-0.4749081
-0.3177916
0.2303437
0.1136977
0.01533692
0.03141703
-0.2041582
0.04675863
-0.0974681
0.01776888
-0.08946863
0.1472457
0.005224235
-0.5032222
0.3748356
0.1014607
0.125309
0.2608251
0.3344496
0.2965067
0.2175727
0.08328235
0.1533076
0.6256184
0.4739007
0.2099783
-0.002741729
-0.1188444
0.423699
0.5198935
0.1232901
0.1381376
0.5740472
0.5710274
0.4941249
0.3229595
0.4822076
0.2782421
0.45089
-0.1635438
-0.3388521
0.05411851
-0.3021649
0.1832939
-0.09847058
-0.4396169
-0.1550715
0.4452332
0.2427316
0.4231975
0.205365
0.2226348
0.01042331
0.1643638
-0.06591937
0.1272669
-0.2939179
-0.2789207
-0.1140108
0.07769513
-0.2231993
0.1909807
-0.1615882
-0.1712304
-0.3981905
-0.3990817
-0.2039401
-0.2155609
-0.2528249
-0.389854
-0.3598895
-0.2171183
-0.1709326
-0.2681318
-0.1803688
0.01711523
0.01859722
-0.04912084
-0.037624
-0.02506356
0.1310432
0.04360416
-0.1098851
-0.1490761
-0.1449422
0.3438394
0.06984512
0.2104783
0.3994646
0.4235553
-0.1281307
0.1039579
0.0978973
-0.1528937
0.2123773
0.4049609
0.3685926
0.5307594
0.5938329
0.3508893
0.5190836
0.2975781
0.1315001
0.07227957
-0.06760813
0.005178137
-0.07727644
0.04807427
0.3007262
-0.1978775
-0.2276241
-0.2043159
-0.2052778
-0.03350884
-0.02546973
-0.2229514
-0.2789719
-0.3546938
-0.2348808
-0.2251808
-0.1789924
-0.03759751
-0.2254827
0.09411235
-0.08723476
0.1078998
0.01248309
0.2186771
0.4603837
0.366097
0.3650069
-0.1261662
0.1699773
-0.2228029
-0.05505825
0.2866082
0.1783459
-0.1630862
0.3393669
0.1048288
-0.04331274
-0.2151735
-0.1737634
-0.246798
-0.08520309
0.2374353
-0.2791168
-0.1369402
-0.03420648
-0.00989998
-0.04528077
-0.2439819
-0.07837491
0.1542552
-0.1528437
-0.2795718
-0.1680167
0.1443152
0.244952
-0.02476807
-0.03191351
-0.1186656
0.2124839
0.009418066
0.1146374
0.1942201
0.259578
-0.07662845
-0.1694668
0.1425011
-0.1322842
0.1579313
0.3005925
0.3784884
0.3941535
0.538751
0.2526895
0.4588619
0.4401413
0.4149871
0.3079084
-0.008297012
0.05372296
0.08730854
0.2641667
0.2528868
-0.1817622
0.05560271
0.08990522
0.03383391
0.1782509
0.2037441
-0.02037764
0.1262862
-0.389862
-0.2803565
-0.09724058
-0.1876944
0.04862683
-0.2356228
-0.08431873
-0.001712897
0.2572867
0.224909
0.2316652
-0.1297169
0.3866761
-0.4008657
0.1174436
-0.4201019
-0.0272701
-0.3487178
0.1863174
-0.3500254
0.1922351
0.3876019
0.02422826
-0.2236975
-0.3799344
-0.3294437
-0.3235627
-0.331044
-0.551206
-0.3726424
-0.252466
-0.2475613
-0.3495365
-0.238539
-0.1190526
-0.1557228
0.102438
-0.001188613
0.06270568
0.1606807
0.2152595
0.05640993
0.1558261
0.07427724
0.4363127
0.4334086
0.08511443
0.1327876
0.1412589
0.07598414
0.05931222
-0.04029714
0.08110859
0.1785832
0.535086
0.4673674
0.1690153
0.07322646
0.3370287
0.3524844
0.06939004
0.2007433
-0.01380292
-0.3631879
-0.122726
0.09849041
0.01776396
0.1245504
-0.2949834
-0.04599613
-0.1068068
-0.1230533
0.1419871
0.09876628
-0.3178369
-0.1583376
-0.2733307
-0.3669531
-0.3055905
-0.4085509
-0.1449366
-0.2210943
-0.03357566
-0.245451
-0.2263411
0.1115006
0.4064325
0.4806372
-0.1802552
-0.1659074
-0.4373656
-0.1680598
0.1810125
0.06604276
-0.2732189
0.3597968
0.227406
-0.07160294
-0.07475309
-0.05033821
-0.1822125
-0.1417542
0.05306247
-0.2798058
-0.02737044
-0.01597068
-0.1745867
-0.365242
-0.1836841
-0.3220395
0.1525703
-0.2695991
-0.3434166
-0.3065449
0.08045364
0.211072
0.260931
0.2466349
0.2415124
0.5506537
0.2861274
0.2836134
0.3360112
0.3935509
0.2786925
-0.2251337
0.008983899
-0.1811826
0.3830471
0.439071
0.4866704
0.3869363
0.3761861
0.3239952
0.61395
0.3265953
0.2059023
0.2895442
0.09454453
-0.05540213
0.1344905
-0.04516911
0.2849362
-0.4042057
-0.1224712
-0.03993754
-0.1696465
0.116143
0.2357041
-0.06867906
0.07289588
-0.2020097
-0.1765582
-0.07481741
-0.3263544
-0.3217111
-0.1431194
-0.1881063
-0.04290485
0.1596022
0.3423506
0.2776624
-0.08158241
-0.2959564
0.04527832
-0.02005556
0.6518597
-0.1111332
0.3333315
0.3556557
0.2883918
0.2412527
0.1267696
0.2734749
0.03718204
0.1565608
0.2967462
0.05257175
0.2162319
0.213637
0.01003294
-0.1979807
0.04698703
-0.436121
0.1076358
-0.4471581
-0.5295875
-0.4051469
0.02567314
0.04352962
0.1770589
0.2165334
0.04767431
0.05114368
0.03715124
0.2323278
0.1416515
0.2946223
0.1646447
-0.4745967
0.1318343
-0.1696714
0.04101568
0.1899063
0.1652017
0.2553603
0.2461952
0.2486711
0.2885238
0.5551881
0.4577053
0.5380829
0.06001167
-0.1138443
0.2733977
0.09741505
0.07859829
-0.04834906
0.3337589
0.3677905
0.3188154
0.3912248
0.3451787
0.2383842
0.4087189
-0.04796944
0.06350376
0.2247265
-0.1912609
0.04616786
-0.06821344
-0.3618238
-0.02972947
0.3383959
0.06945233
-0.1533527
0.121903
-0.3661978
-0.1995
0.1566613
0.1547066
-0.216873
0.212024
0.1732346
0.03687557
-0.1188815
-0.2474043
0.003808033
-0.1218232
-0.1461534
-0.3242445
0.06379991
0.02572686
-0.07950709
-0.236123
-0.1461807
0.05651045
0.02172436
0.06299037
-0.1470184
0.01616573
-0.0821932
0.3197121
0.1985261
0.1710985
0.1797796
0.4055461
0.3821498
0.1402578
0.3424613
0.1785999
0.1573085
-0.07152976
-0.2399957
-0.09273591
0.1707638
0.4176731
0.4284491
0.2060627
0.3802781
0.3698987
0.5325043
0.077815
0.2575599
0.6006372
-0.08040521
0.1148622
0.0184821
-0.1003709
0.1100344
-0.3579518
-0.1328529
-0.1236196
-0.3171805
0.03452408
-0.01570706
-0.2651488
0.01170797
-0.2160851
-0.08786698
-0.1072994
-0.225755
-0.1962078
-0.2037088
-0.05044168
0.1486318
-0.1168509
0.08850991
0.3097787
0.4893074
-0.1690557
-0.03501994
-0.153822
0.3493529
-0.5899954
-0.5426725
0.02793421
0.4372217
0.2205442
0.6586502
0.6700096
0.2263521
0.6074811
0.6732988
0.5236016
0.6459337
0.5167304
0.1512364
0.1147315
0.01924721
-0.08433133
0.06182284
-0.1980561
-0.4523607
-0.3127853
-0.3366077
-0.2277951
0.004822201
-0.4471247
-0.2470439
-0.1711411
-0.266212
-0.2911882
-0.1593316
-0.2229814
-0.2950348
-0.4251212
-0.4150862
-0.6022947
-0.4909993
-0.44206
-0.08812961
-0.4770182
-0.1642873
-0.3056749
-0.2712754
-0.01524018
0.5786095
0.4336014
-0.4367328
-0.2427223
-0.3414917
0.3433665
-0.2356619
-0.1263628
-0.0226019
-0.3689571
-0.4941905
0.41452
0.1486772
0.2094557
0.7392738
0.5923131
0.6374348
0.1267026
-0.04389553
0.04712184
0.4572527
-0.03574013
-0.3541958
0.0859282
-0.1083499
-0.2658086
0.1463288
-0.15173
-0.229361
-0.1938193
0.01356229
0.08039442
-0.03020242
0.2488645
0.2394778
0.03658714
0.07724476
0.1153366
0.2390253
0.287816
0.2753163
0.05310784
0.3928955
0.09931288
0.3669765
0.3761817
0.07309272
-0.1925535
0.02536032
-0.4201741
-0.532723
-0.3905023
-0.3417053
-0.2253324
-0.3976534
-0.3946809
-0.3990599
-0.6152414
0.1659804
-0.1295448
-0.2601629
-0.3586465
-0.3002733
-0.2669131
-0.2109588
0.03508285
-0.1561867
-0.006912803
-0.2707291
-0.06110749
0.06587762
0.006358864
0.5128561
-0.384736
-0.04747841
-0.1659226
0.1206278
-0.3260515
-0.2959844
-0.3490831
-0.1044967
-0.3688559
0.0407999
-0.01898846
0.07639969
0.1715718
-0.03698647
0.2537999
-0.1468924
-0.08673108
0.4014377
0.171011
-0.06541604
-0.0539955
0.3773664
0.1786071
0.01979571
0.5237654
-0.3894195
-0.1897421
0.2361739
0.4905756
0.331568
0.2371898
0.5131391
0.4470746
0.7209708
0.3858678
0.5159018
0.3486837
0.475972
0.2172873
0.04545238
0.07833654
-0.2366294
-0.06791527
-0.2360784
-0.3519773
-0.2565235
-0.4172704
-0.2449957
-0.2288298
-0.6146689
-0.3796837
-0.3076526
-0.4459937
-0.327647
-0.2324843
-0.2433427
0.1785222
-0.09664913
-0.4353262
-0.5337504
-0.3678441
-0.3951453
-0.3569409
-0.5652404
-0.4551832
-0.004719496
0.003711802
-0.2160608
0.1353766
0.05782491
-0.0189688
0.06966185
-0.2994297
0.5805038
0.3699902
0.3325012
0.3842
0.002516752
-0.1704559
0.5281567
0.3469144
0.2149476
0.2844071
0.3168039
0.2767467
0.1846876
0.2360713
-0.1943188
0.2219988
-0.07017376
-0.3598183
0.2459291
0.3028516
0.1501352
0.2131252
0.4653296
0.4170457
0.2122465
0.273667
-0.5018837
-0.2158636
0.3369428
0.2231121
-0.2610331
0.04400423
-0.2716881
0.07810073
0.03880138
0.04665417
0.1586485
-0.05320151
-0.02640723
0.04389616
-0.01975988
-0.1301743
-0.2281716
-0.06887715
-0.3542833
-0.3112462
-0.3505954
-0.3373649
-0.3935164
-0.229268
-0.1198347
0.04998062
0.4368189
0.46511
0.07309505
-0.08445763
0.05190824
-0.07642352
-0.2247278
-0.2369736
-0.333129
0.3001248
0.2557717
-0.1129902
-0.1358098
-0.09837997
0.5979295
0.3822138
0.1810776
0.360618
0.631563
0.4837041
0.3910798
0.3371079
0.3760201
0.1315802
0.1994132
0.00639141
-0.3871738
-0.2137215
-0.266981
0.1560804
0.3441551
-0.0586259
-0.1390712
-0.05699074
0.04090226
0.232226
0.3837865
0.1791778
0.1728522
0.1190616
0.1416117
0.239634
-0.05914476
0.008132306
0.4001635
0.1878092
0.2281871
0.2886918
0.06845816
0.1508854
-0.02999422
-0.09230827
0.07571967
-0.2436233
-0.3606794
-0.1255173
-0.05768397
0.0127164
-0.01470308
-0.03885597
-0.1698811
-0.080077
-0.2163307
-0.03889982
-0.01232323
-0.05426243
0.05523895
-0.3162695
0.242349
0.1703376
0.1710298
0.02156133
0.1864782
0.1399156
0.06770452
-0.08920653
0.004839313
0.3968512
0.1832527
0.3793563
0.1203456
-0.006101702
0.4475439
0.2711965
0.1867304
0.213518
0.4557976
0.5293986
0.3792808
0.1450592
0.2848299
0.2591284
0.4044695
0.003247009
-0.02568051
0.1926722
-0.07455352
0.2557304
0.09567053
-0.1992562
0.005536418
0.2667427
0.1214306
-0.1370058
-0.1296069
0.1331051
-0.1534334
-0.03479362
-0.247208
-0.1866311
-0.2306064
0.02276792
-0.1234858
-0.08154673
-0.09339412
-0.06202883
0.1795769
-0.2757876
0.1005729
-0.1190337
0.1093326
0.02259905
0.2366512
-0.1398392
-0.07281159
-0.2801635
-0.2702104
-0.2958728
0.143996
-0.1731583
-0.1740694
-0.05226181
-0.2195691
-0.1224465
0.1726593
0.0261473
0.3042019
0.3212747
0.1373589
0.2521815
0.1205661
0.02394496
-0.1620838
-0.03781939
0.05959127
0.01553589
-0.002676617
-0.1584024
0.07574036
0.2992792
0.2633348
0.3140399
-0.02585097
0.01692882
-0.02456546
-0.03884189
-0.1187722
-0.1321259
-0.1851367
-0.1966498
-0.2270425
-0.2935858
-0.1839484
-0.1035057
0.105122
-0.02405344
0.05058119
-0.0394153
-0.206708
-0.08771923
-0.3145174
-0.117761
0.272141
0.4356776
0.5547875
0.3938646
0.4257896
0.3222619
0.653399
0.508089
0.5632926
0.4685575
0.4944371
0.2613105
-0.2321894
-0.03553549
-0.4255909
-0.2724709
-0.3875976
-0.176547
-0.2782275
-0.1610902
-0.03914959
0.005682807
-0.3020622
-0.0417534
-0.1165737
-0.1362429
-0.1480761
0.02912305
-0.5211728
-0.03959278
-0.2338089
-0.315181
-0.3497081
-0.387228
-0.2499743
-0.2604106
-0.219757
-0.3354312
0.06346168
0.02194038
0.08978519
0.04456105
-0.1328817
-0.0111322
0.005472728
-0.3771318
0.2983979
0.4209282
0.4589103
0.5565432
0.08290109
0.01303055
0.6007275
0.4679637
0.406691
0.4033119
0.5565263
0.2791649
0.3100406
0.107391
-0.3695572
-0.05466768
0.07603529
-0.4034928
0.6562017
0.2050057
-0.3552908
0.02097216
-0.6139825
-0.4700926
-0.08750426
-0.4289111
-0.533262
-0.3490527
-0.5137941
-0.5776154
0.07119598
-0.08553024
0.1931108
-0.04739298
-0.1883192
-0.03242329
0.4200011
0.3738282
0.3246077
0.2219955
-0.1394105
0.2040415
-0.002972513
0.1762234
0.1304153
0.4487528
0.002704518
0.03501859
0.3383638
0.2764638
0.2242885
0.5187742
0.3822938
0.5029679
0.3891002
0.5557411
0.3218514
0.5678131
0.5333767
0.2357752
-0.2554892
-0.257914
0.3719759
0.2685843
0.3807068
-0.171531
0.2620857
0.1735086
0.04244742
0.4901514
0.710699
-0.2667874
0.05818899
-0.2314399
-0.5896919
-0.4718993
-0.5894909
-0.1545194
0.1071816
-0.01836021
-0.2021068
0.2410553
0.3682472
0.2681139
-0.08979767
0.03749929
-0.5577258
-0.4994037
-0.02089564
-0.2725939
-0.3954384
-0.2719414
-0.4155123
-0.4221335
0.07494215
-0.1269379
0.03286657
-0.104461
-0.2977789
-0.002536281
0.2932864
0.3341118
0.272547
0.2003902
-0.09415575
0.2164265
0.06163276
0.04180518
-0.0933835
0.1183806
0.009790059
-0.07959353
0.2585325
0.3643925
0.2113527
0.5229836
0.4061413
0.3366709
-0.0003757115
0.3889648
0.04474118
0.455264
0.4940068
0.1233954
-0.2557267
-0.3107083
0.4566102
0.3044608
0.2198473
-0.0753915
0.3793792
0.250715
0.1296359
0.3715096
0.5568583
-0.2412918
0.06790749
-0.2693622
-0.5388655
-0.3929562
-0.5781807
-0.1053846
0.07017668
-0.1087461
-0.3396333
0.09016213
0.1860842
0.2084954
0.556307
-0.1418165
0.01876916
-0.03435795
0.2765774
0.03308798
0.3049422
-0.02463095
-0.08769612
0.5058063
-0.02033718
0.1316614
-0.1667989
-0.04244012
-0.2725568
-0.1037108
0.03780142
-0.1731582
-0.06139953
-0.2337098
-0.2520319
-0.1855554
-0.204013
-0.1570569
-0.009744564
-0.2115753
-0.09237841
0.1347095
-0.09507988
-0.07972214
-0.1120949
-0.08449145
0.009699964
-0.02915936
0.02905648
-0.05076569
0.2440932
0.3101819
0.187503
0.04655233
-0.0316555
0.2935522
0.05188846
0.004670249
0.1956664
0.4604192
0.3315511
0.1581501
0.6685062
0.3798982
0.2879355
0.2624011
0.2628083
-0.06594278
-0.06023273
-0.1571617
-0.06365136
0.4519974
-0.1455786
-0.2001974
-0.1018449
-0.1405365
0.5233466
0.4110728
0.425984
0.2660052
0.696337
0.4941459
0.5490287
0.3030274
0.3435697
0.3043606
-0.1061868
-0.0740082
-0.3141114
-0.1778664
-0.2551836
-0.3050612
-0.14731
-0.1537314
-0.008143541
0.129519
-0.3205966
0.01442358
-0.2544279
-0.2942706
-0.3911355
-0.08965344
-0.3997891
-0.03416813
-0.2654065
-0.3009186
-0.3939547
-0.2283421
-0.5106423
-0.3740157
-0.4387626
-0.1628098
-0.1232601
-0.03708389
0.06119568
0.1700905
0.1379586
-0.0554332
-0.170514
-0.4505387
0.1800676
0.1344989
0.2036329
0.1545671
-0.05694396
-0.1634256
0.5817692
0.4147465
0.3644576
0.5148307
0.4458818
0.2635384
-0.0207217
0.2388477
-0.1785368
0.07920811
-0.04920692
-0.2608531
0.282447
0.3892707
0.2549998
0.7013033
0.4527023
0.5574547
0.2935327
0.245361
0.5889082
-0.06876109
0.2578877
-0.2806589
-0.1332558
-0.3609581
-0.1688785
-0.09938511
-0.08221476
0.01419461
-0.04376103
-0.3972423
-0.1765225
-0.2511408
-0.2059414
-0.1921198
-0.04660766
-0.3488041
0.07380683
-0.2425332
-0.3085594
-0.436264
-0.4618269
-0.3170379
-0.3180962
-0.2010227
-0.2668068
0.008877715
-0.0362028
0.04704711
0.09412569
0.02365459
-0.03290437
-0.1732016
-0.3629444
0.1835052
0.3214444
0.2756621
0.2305727
0.3261905
0.2325652
0.6621801
0.4401405
0.7182587
0.3529164
0.3722654
0.184848
-0.09875021
0.4997942
-0.1362416
-0.122412
0.1148399
-0.1140968
0.6748779
0.03838885
0.5198484
0.7971792
0.5013074
0.6757165
0.4768664
0.2110843
0.04894652
-0.05634755
0.03527818
0.1258769
-0.1039258
-0.2866147
-0.2545252
-0.1291391
-0.1025315
0.2549015
-0.2260108
0.03696902
-0.08688676
-0.06670771
-0.2325183
-0.005233085
-0.2399
-0.4844708
-0.4990954
-0.3985052
-0.4783998
-0.5012413
-0.5047698
-0.2384441
-0.3439124
-0.172593
-0.5065576
-0.3925507
0.1384035
0.2548271
0.2523933
-0.5780015
-0.4692778
-0.5321989
-0.03433489
-0.4255701
-0.3081483
-0.1600901
-0.4049449
-0.5756308
0.3440501
0.100212
0.3841559
0.8763262
0.6815462
0.6437363
0.01162934
-0.07696164
0.02300151
0.2896508
-0.1340374
-0.3293689
0.407704
0.620591
0.6930969
0.5709644
0.5590221
0.4694178
0.2019961
-0.09435339
0.1565127
-0.1319187
0.03349148
-0.344887
-0.2754592
-0.3370011
-0.2374632
-0.1108061
0.1404103
-0.4609769
-0.05996085
-0.1284618
-0.3098871
-0.2412478
-0.04176881
-0.316157
-0.230418
-0.4760258
-0.5503896
-0.6569959
-0.5777808
-0.6032767
-0.3042714
-0.4230373
-0.1808716
-0.2850301
-0.2844181
-0.03923722
0.2774856
0.2985072
-0.4384564
-0.2888205
-0.5389697
0.3091783
-0.1349559
-0.05211725
0.08993557
-0.2338997
-0.3990123
0.5440029
0.3042859
0.4310677
0.696079
0.5708647
0.5160634
-0.002339711
-0.06936882
-0.1689935
0.4268621
0.02993246
-0.2706327
0.4026785
0.2244142
0.2947113
0.2465066
0.3922599
-0.1733086
-0.1443975
0.3412768
-0.2733868
-0.271747
-0.3172521
-0.1906433
-0.1589479
-0.1189168
-0.0006824777
-0.02333253
-0.3434493
-0.1173567
-0.1532772
-0.3389529
-0.2096635
0.05829589
-0.4049795
0.1889145
-0.065727
-0.2750101
-0.3455691
-0.1745202
-0.3140662
-0.1529968
-0.3693019
-0.185995
0.1439823
0.07985644
-0.008700264
0.155625
0.02438998
0.09565352
0.09857333
-0.1878125
0.3072794
0.3454608
0.3607462
0.4129215
-0.0007803142
0.05781991
0.3968733
0.4069795
0.03576667
0.09978799
0.2410587
0.1213516
0.1483389
-0.08944097
-0.1885671
0.3297756
0.317988
0.03187705
0.6625442
0.7137678
0.5187693
0.5917028
0.4727499
0.08466507
0.1806722
-0.2541105
-0.09999254
-0.2528009
-0.3432805
-0.2126655
-0.2757962
-0.2080532
-0.06337906
-0.5727965
-0.2907877
-0.3642441
-0.3576852
-0.4272728
-0.149806
-0.380053
0.04005556
-0.2764425
-0.468983
-0.663163
-0.5440106
-0.549919
-0.4358778
-0.5719797
-0.4389401
-0.1987798
-0.2028612
-0.1020067
0.2641555
0.1358317
-0.2318578
-0.1858947
-0.5151566
0.3940638
0.1810747
0.1988405
0.2201341
-0.08134662
-0.206716
0.7385553
0.3975383
0.5295292
0.5863426
0.5327768
0.4185699
0.07877237
0.3664166
-0.1701837
0.2090568
-0.02266432
-0.3023854
0.7123871
0.759405
0.5811245
0.1944729
0.01552111
0.03138521
-0.18417
-0.08407991
-0.2112606
-0.4720066
-0.3058565
-0.1930072
-0.146277
0.1277758
-0.3060344
-0.08850466
-0.209493
-0.1232603
-0.3973423
0.0005815597
-0.3747473
-0.3562515
-0.351458
-0.3802456
-0.5268173
-0.4906174
-0.5049141
-0.2538285
-0.4382984
-0.2232736
-0.3197766
-0.2140106
0.2290801
0.4038617
0.2953163
-0.3520292
-0.3222468
-0.4697242
0.1499054
-0.1342453
-0.003356957
0.04506195
-0.2539286
-0.4049429
0.5245318
0.3581244
0.4196456
0.7907404
0.8066566
0.5905099
0.1026931
-0.02094018
-0.1793044
0.3368254
-0.06952773
-0.3226887
0.581697
0.4895325
0.2069874
-0.06148625
0.1733633
-0.2269328
-0.08410011
-0.4181876
-0.369686
-0.2512403
-0.3428224
-0.2398248
-0.09214169
-0.4081477
-0.1574663
-0.396411
-0.2438429
-0.3858548
-0.2273399
-0.433025
-0.05713679
-0.3492525
-0.4102858
-0.4697116
-0.3397728
-0.426278
-0.2116289
-0.4704098
-0.1043563
-0.0734236
-0.03953855
0.1964861
0.2366021
0.3287442
-0.1481103
-0.1081538
-0.4848693
0.2927932
0.1721629
0.2977573
0.2348939
0.07208099
-0.1211847
0.7338047
0.5318878
0.4879282
0.5297302
0.5902223
0.3758927
0.07702034
0.1160487
-0.2367227
0.2087238
0.0230141
-0.2474511
0.6882092
0.03735979
0.122286
0.0709665
0.008374796
0.04578601
-0.1085128
-0.4097752
-0.2746155
-0.3178762
-0.2663961
-0.04652102
-0.3405046
-0.1852046
-0.3241269
-0.2437083
-0.4059993
-0.2309078
-0.2937252
-0.2818021
-0.366058
-0.445664
-0.4831666
-0.4552049
-0.4362883
-0.170593
-0.3868176
-0.2804248
-0.3283388
-0.186096
0.05938599
0.3030385
0.3463622
-0.427863
-0.1260308
-0.4626955
0.2009318
-0.1313076
-0.006480035
0.108237
-0.33528
-0.3229499
0.505233
0.3333439
0.3338815
0.6473221
0.7014631
0.7055017
0.3215791
-0.1390237
-0.0009092587
0.3589829
0.002296503
-0.2923834
-0.04306535
0.1746754
0.04457563
0.0677335
0.1870871
0.03484286
-0.307987
-0.3893537
-0.4030591
-0.4342871
-0.1570967
-0.4620727
-0.3256727
-0.4142832
-0.3239472
-0.5967933
-0.2937103
-0.1342918
-0.1931297
-0.09267435
-0.4130087
-0.6096858
-0.4958258
-0.5535785
-0.3479157
-0.6328862
-0.5039571
-0.3603576
-0.2844772
-0.09364793
0.1765538
0.1932353
-0.2394459
-0.0123681
-0.4766698
0.3037208
0.005888452
0.1132294
0.206698
-0.3497942
-0.3628781
0.4324221
0.2177926
0.2550648
0.4080936
0.5186711
0.5094106
0.3699929
-0.04831538
-0.01596171
0.2241169
-0.1737167
-0.3698022
0.2918307
0.1272595
-0.08168075
0.007990008
-0.02763513
0.007931348
0.2725137
0.03099894
-0.094717
-0.1324863
-0.2066127
-0.1521975
-0.02908101
-0.1122232
-0.03275846
-0.22315
0.04847535
0.09342827
-0.1833908
-0.2077619
-0.2064543
-0.3140793
-0.09187438
-0.125392
0.06025376
-0.1266697
-0.07814316
-0.0555225
-0.03925992
-0.001086414
-0.0463587
-0.2085042
-0.3170747
-0.1905722
0.104204
0.02155841
-0.1209643
-0.1893319
0.2616914
0.03145334
0.2135374
0.03527433
0.4324605
0.2371156
-0.03597331
0.06092113
-0.3221401
0.6115956
0.1215104
-0.07289389
-0.1248927
-0.1443668
0.1713074
0.6221084
0.487689
0.6143153
-0.2050171
0.1857522
-0.2653708
-0.4186903
-0.3427706
-0.2416307
-0.3651065
-0.351258
-0.2619432
-0.3577545
-0.3393841
0.5160357
0.04453031
0.2007533
-0.1836497
-0.221275
-0.1869385
-0.1857893
-0.01542604
-0.1684361
-0.2881774
-0.3510117
-0.2458956
-0.1047273
-0.002062402
0.2947341
-0.2315789
-0.07132664
0.01987307
0.146088
-0.2339723
-0.3339875
-0.3981353
-0.2367957
-0.2325259
-0.1682816
-0.2034546
0.0529118
0.03535977
-0.1679072
0.2068668
0.009214487
0.2843827
0.699954
0.1685781
-0.2950277
0.0859825
-0.006747542
-0.00764513
-0.1686729
-0.1677793
-0.01946955
-0.1086095
-0.02212376
-0.1816078
-0.1619456
-0.1405908
-0.2472844
-0.1265975
0.07989069
-0.1164399
0.06044067
0.3106033
-0.104183
-0.01041633
-0.1434544
-0.03833603
0.02720654
0.08192398
-0.1113255
0.04744464
0.08539579
-0.00790254
0.006976676
0.04171265
0.1744895
-0.0725173
0.08070884
0.06512773
0.06530097
0.0413256
-0.03230147
-0.06597848
0.03592298
0.05390403
0.1604104
-0.07236472
0.1586514
0.01699876
-0.03981281
0.0306131
-0.1376676
0.01219858
0.07202731
0.05277851
0.1508735
0.3264132
0.808387
0.7131018
0.1414859
0.103589
-0.1673893
-0.2482254
-0.1702411
-0.1914967
-0.2994758
-0.1949748
-0.2813569
-0.2615204
-0.2586399
0.547202
-0.2426414
0.2621778
-0.1562991
-0.113399
-0.1193093
-0.2925996
-0.1560514
-0.1139635
-0.2354204
-0.5204233
-0.3508496
-0.1087868
-0.1586733
0.3127324
-0.1625619
-0.06247961
-0.05278472
0.02561148
-0.3506489
-0.3975133
-0.4189222
-0.2548573
-0.175041
-0.394735
-0.2325032
0.009204664
-0.05961814
-0.2623772
0.05787955
-0.03186229
0.0348441
0.6919006
0.07051876
-0.3649224
0.140409
0.4295858
0.06744896
-0.266021
-0.4671958
-0.3611115
-0.198161
-0.2880359
-0.2830992
-0.3056958
-0.3442543
-0.3153208
-0.3666823
0.4809776
-0.3538475
0.07575705
-0.2450837
-0.2897823
-0.2616021
-0.3977166
-0.1753309
-0.3129535
-0.280108
-0.5813115
-0.399182
-0.1816151
-0.117285
0.3015607
-0.2221122
-0.1549133
-0.1344222
0.102753
-0.3553995
-0.3898355
-0.4136528
-0.2028294
-0.2884194
-0.262069
-0.2152913
0.1496423
0.01644946
-0.1391394
0.1486606
-0.1365022
0.1285877
0.5477839
0.06813458
-0.4619392
-0.0623181
0.04276939
0.1870841
0.004195377
-0.2556971
-0.2507302
-0.0748948
-0.3069449
-0.05442686
-0.06402832
-0.2349297
-0.1116697
0.5571726
0.02976344
0.5926188
0.02504393
0.04919078
0.01737439
-0.1233222
-0.1270544
-0.02091535
-0.3100472
-0.3228612
-0.2426625
-0.09719502
-0.132626
0.04133255
0.04900103
0.03753297
0.1186386
-0.0398519
-0.1909544
-0.2431116
-0.2292649
-0.2495654
-0.1002498
-0.4325173
-0.2575543
-0.1162701
-0.1396319
-0.2584142
0.02975846
0.1797207
0.08746197
0.5459821
0.02104108
-0.3439187
0.1401106
0.3592354
0.3687821
0.1684599
0.1239387
0.2028616
0.03933574
0.24713
0.07418557
0.240043
0.02032499
0.07299133
0.102567
0.09995574
0.1514812
0.2902995
0.2238434
0.2303559
0.0004877896
0.360289
0.153206
0.1575381
0.005785016
-0.08161644
-0.3749532
-0.1848531
0.1118289
0.08620809
0.07109637
-0.232013
-0.002976683
0.007891007
-0.05424041
0.1222643
0.3021458
-0.2705253
-0.121962
-0.2010139
-0.3301071
-0.3265354
-0.441251
-0.1518275
-0.02725281
-0.06014431
-0.3399208
0.09374085
0.2370479
0.5356343
0.2198238
0.08968257
0.2474688
0.1201165
0.2848279
0.2071815
0.1941122
0.05354044
0.02844073
0.1878379
0.02050422
0.1068537
0.3869869
0.3049444
0.3193063
0.1536671
0.5453046
0.2710524
0.1061783
0.1259691
0.0530658
-0.1518904
-0.06942719
-0.04127315
-0.0170907
0.08940858
-0.2511766
0.0007528696
-0.09749286
-0.2231256
0.1571033
0.2545571
-0.2596354
-0.0417766
-0.09905465
-0.2302446
-0.4366952
-0.3727808
-0.265665
0.20232
0.1200304
-0.1383821
0.09324799
0.3336713
0.6354658
0.5101413
0.4232425
0.4051198
0.5723584
0.3657805
0.3898919
0.4856231
-0.05104768
0.04700353
0.06623934
0.2628804
0.3661298
0.1618865
0.2697068
0.09651357
0.5340007
0.3107417
0.1206599
0.07497282
0.1358838
-0.1120071
-0.3393369
0.0427467
-0.1657572
0.05487104
-0.4029174
-0.05112151
-0.08144762
-0.02888977
0.07758767
0.2605831
-0.2705388
-0.1493683
-0.1019081
-0.09504185
-0.192514
-0.3030949
-0.09141701
-0.08272877
-0.09567845
-0.0918779
0.2521439
0.2034251
0.6992021
0.3984047
0.6031793
0.5129407
0.379836
0.5703844
0.7556612
-0.2733777
-0.1420795
-0.05366197
0.2205475
0.3666794
0.2238105
0.1284948
0.04733344
0.3627969
0.3519693
0.008263388
0.09365128
0.05210938
-0.07659185
-0.3229961
0.03904566
-0.2137726
0.1020715
-0.3880925
-0.01048957
-0.05051027
0.05349405
0.09528969
0.1969473
-0.2248717
-0.08876751
-0.04355016
-0.02114678
-0.01509374
-0.2364568
-0.2484715
-0.02406104
-0.2336444
-0.09956796
0.1539583
0.05716824
0.4042304
0.7310728
0.3677823
0.3681154
0.3187915
0.6926647
-0.210698
-0.394762
-0.241419
0.1428151
0.1364504
0.1205513
-0.1796532
-0.1206354
0.1159901
0.2149701
-0.2403984
-0.2777229
0.02212818
0.1196196
-0.2387174
-0.1412809
-0.4040201
-0.2156691
-0.3384256
-0.2105803
-0.2047317
-0.1064574
-0.2028457
-0.09697983
-0.1013312
-0.1093758
0.03712964
0.2678898
0.2035098
0.007302471
-0.1668047
-0.08346782
-0.2052071
0.0327335
-0.06644836
-0.1029793
0.5962734
0.5077674
0.6045888
0.5450594
0.4101747
-0.001607444
-0.1555449
-0.06503528
0.6389095
0.7678801
0.607994
0.57232
0.4126751
0.5378592
0.5667769
0.1474716
0.09553034
0.0735022
-0.1981124
-0.3182283
0.07922807
-0.08154375
0.3382606
-0.5588387
-0.2376557
-0.2714564
-0.272063
-0.05862971
0.07685304
-0.4332366
-0.3242544
-0.3334194
-0.3030208
-0.2202614
-0.2898539
-0.2543087
-0.2362941
-0.1476014
-0.1978577
0.0882899
0.1846876
0.3255823
0.4788712
0.3750054
0.5853693
-0.2477195
-0.3192041
-0.2722044
0.2024448
0.3993267
0.3091199
0.05466707
0.06893056
0.3475747
0.4566573
-0.1178355
-0.04829207
0.1238098
-0.1109372
-0.2692889
-0.132812
-0.3409498
-0.09649058
-0.4539768
-0.1945639
-0.1973812
-0.1238783
-0.06589718
-0.08196644
-0.1885468
-0.2054078
-0.06587017
0.04675562
0.00424472
-0.1454988
-0.2569609
-0.2134306
-0.2291576
-0.0698666
-0.01251533
-0.08288256
0.4469371
0.6571805
0.4737791
-0.1390038
-0.2062718
-0.07465173
0.2457306
0.4319134
0.1607658
0.3762741
0.3508588
0.5168259
0.4016827
0.1274793
0.1822939
0.01968087
-0.05744409
-0.3465877
-0.04001515
-0.1541014
0.1584364
-0.2846284
-0.1493248
-0.173767
-0.04669892
0.09461507
0.07754274
-0.3659434
-0.1323461
-0.2093934
-0.09593342
-0.1321804
-0.2258944
-0.2903613
-0.1582049
-0.1422081
-0.06650118
0.2583141
0.04516266
0.542742
0.4627974
-0.03006167
-0.1187254
-0.07564679
0.4246936
0.5161866
0.388876
0.4862314
0.3602658
0.4658341
0.4686608
0.1097187
0.04238286
0.173825
-0.02214025
-0.2690735
-0.03047747
-0.2268682
0.227717
-0.5039142
-0.1806509
-0.1391377
-0.1883354
0.04538693
0.0227765
-0.3026046
-0.2923138
-0.1454271
-0.1024064
-0.1263638
-0.2171055
-0.1352992
-0.1328727
-0.188423
-0.1634639
0.0246841
-0.05254131
0.4419408
-0.07193192
0.03713768
-0.1119248
0.4074873
0.5624544
0.3729938
0.6040846
0.5022824
0.5661006
0.5492423
0.32151
0.2414076
0.05662059
-0.1502706
-0.4009544
0.06202267
-0.004475549
0.4273899
-0.3955957
-0.08969383
-0.1633065
-0.05790876
0.2435409
0.2818301
-0.3269286
-0.2376201
-0.2783614
-0.2581516
-0.2415292
-0.3162831
-0.277716
-0.09355915
-0.1507501
-0.2203241
0.1781734
0.145287
-0.2643014
-0.1368562
0.06616601
0.2568457
0.2256909
0.179035
0.01916776
-0.01488939
0.1641132
0.1937777
-0.02732162
-0.1557992
-0.01276862
0.1155573
-0.3416738
0.07345474
-0.2338532
0.1155027
-0.3058586
0.01418996
-0.01312894
0.1753912
-0.07081239
0.06356662
-0.1272704
-0.1323331
-0.008400715
0.04957218
0.1494314
-0.09047562
-0.06585929
-0.04196221
-0.2682701
-0.06724507
0.0874758
0.1127516
0.1623277
0.4133919
0.2371571
-0.02547415
-0.003031451
0.09793409
0.0632498
0.04451226
-0.09852894
-0.1635925
-0.2558788
-0.2517981
-0.1395947
0.1295653
0.09607569
-0.01682453
0.2946983
0.02937708
-0.2312648
-0.3466877
-0.4177865
-0.07718036
-0.1251621
-0.4788401
-0.5214743
-0.1495481
-0.2662738
-0.5061708
-0.06426922
0.03105795
0.1334904
0.580297
0.001709304
-0.4043685
0.07857202
0.3490018
0.2337687
0.04775967
0.244864
0.3010305
0.04095706
-0.01787985
-0.02655843
0.5655869
0.2082273
-0.1375369
-0.1236792
-0.1395066
0.4491555
0.4303011
0.3770227
0.2372768
0.5064126
0.4342387
0.3540906
0.2829613
0.443042
0.2340336
0.1338154
-0.049786
-0.3577895
-0.2545498
-0.2275777
0.2602724
0.2526151
-0.0205534
-0.1306562
0.2521232
0.4529965
0.2947792
0.2118146
0.2403538
0.06197104
-0.1613106
-0.07460883
-0.2749783
0.1761574
0.02095607
-0.1408775
-0.1042189
-0.1740756
0.6473851
0.3921875
0.3782164
0.1666275
0.3897084
0.3141745
0.2589636
0.09659918
0.3737212
-0.2888705
-0.05905232
-0.1695614
-0.4917402
-0.312663
-0.3082549
0.3162261
0.1973111
0.08733254
-0.1875367
-0.1412225
0.1140476
0.5492106
0.6107718
0.6163126
0.2980932
0.249902
0.3399691
0.3506664
0.04627737
0.0308831
0.005754236
-0.2149372
0.5252907
0.2876284
0.6866236
-0.1848341
0.09285268
0.02101795
-0.06826483
0.06198324
0.2235776
-0.3192963
-0.3424214
-0.2969684
-0.3970183
-0.2824908
-0.294275
0.02704055
0.04794638
-0.1046086
-0.2644047
0.08965981
0.2851485
0.7906107
0.7071369
0.4124977
0.6284943
0.5509845
0.3782854
0.375991
0.1514109
-0.3543189
-0.348086
0.2995349
0.09108652
0.4460528
-0.5139046
0.0317637
-0.0574717
-0.1479301
0.2013279
0.3505544
-0.5280405
-0.1964691
-0.4801039
-0.571175
-0.4480228
-0.5670217
-0.2079331
-0.1661351
-0.1634352
-0.3374536
0.08257787
0.1715516
0.5707467
0.2958011
0.3004787
0.5077204
0.4385161
0.277633
0.1756194
-0.1950697
-0.2393451
0.4587756
0.222917
0.480186
-0.3090715
0.1499444
0.164595
-0.07728615
0.1148757
0.3234662
-0.3262588
-0.1081964
-0.5111737
-0.553417
-0.3755635
-0.541835
-0.05832291
-0.1179831
-0.1807261
-0.2583202
0.03006075
0.2984911
0.6450786
0.6634143
0.5220075
0.6219226
0.4501018
0.1383918
-0.1683076
-0.2403265
0.2672949
0.3320865
0.6718501
-0.3256771
0.05676091
0.01634226
-0.05877439
0.2667507
0.3419798
-0.3790219
-0.2504728
-0.4715444
-0.5394957
-0.443825
-0.4215341
-0.0503572
-0.1232057
-0.1373883
-0.3348468
0.3396701
0.2645086
0.455947
0.6628173
0.4551962
0.4375205
0.3946337
0.08884017
0.09093866
0.0292392
0.1647041
0.4638928
-0.2435569
-0.133717
-0.1809388
-0.1553649
0.1962368
0.08979389
-0.2868861
-0.1468509
-0.4091649
-0.2236008
-0.1605779
-0.06637839
0.006526769
-0.1677272
0.08155913
0.1519013
0.3150286
0.1941317
0.4653983
0.2892085
0.3910915
0.2110865
-0.3342368
-0.2354188
-0.004696751
-0.01206571
0.3179516
-0.5056649
-0.1134977
-0.1818177
-0.1993682
0.2489907
0.3197175
-0.4882592
-0.1903502
-0.2700143
-0.332458
-0.4445353
-0.4269775
-0.2372152
-0.1548586
-0.02670511
-0.270791
0.2105303
0.1958905
0.3100832
0.246551
0.3704022
-0.07161682
0.08916614
0.01080074
-0.1802492
0.3113089
-0.486224
-0.2500295
-0.2124451
-0.289431
0.1915029
0.1235231
-0.2250476
-0.1353762
-0.3042027
-0.1237949
-0.1610482
-0.3050351
-0.3191703
-0.1694645
-0.120431
0.03666192
0.2613716
0.1665114
0.6441775
0.2677938
-0.01060505
-0.2640488
0.6198624
0.5596855
0.4464029
0.09173296
0.5893683
0.5636346
0.5015063
0.5176922
0.5777508
0.1419534
0.2451617
-0.3361481
-0.4428551
-0.1538423
-0.3882176
0.2795177
-0.03531868
-0.3649678
-0.2025959
0.4484273
0.208582
0.4593277
-0.1927453
-0.2328529
0.3419774
0.3828528
0.2875452
-0.06302662
0.3525794
0.374356
0.2694539
0.5604179
0.4045747
-0.06919939
0.3111971
-0.3982523
-0.3634266
-0.1618669
-0.3696965
0.04443338
-0.1529673
-0.238431
-0.06935954
0.3094237
0.06093571
0.02196602
0.1351924
0.1633295
0.001185694
0.1198483
-0.2769948
0.03062754
0.140047
-0.02864887
0.3098865
0.1225244
-0.01100762
0.2097194
-0.1099373
0.1601972
0.1932862
-0.01293655
0.1039722
-0.1675766
-0.05350266
0.1224438
0.1140863
0.05015837
0.2859466
-0.06596493
0.04996119
-0.08368669
0.3768647
-0.03905798
0.02528963
0.1102325
-0.2217509
-0.2291127
0.2473231
0.02497499
0.08451671
0.3858123
0.3836716
0.4371273
0.1884777
0.07100921
-0.04283092
0.2942225
0.09907157
-0.08004865
-0.2557855
-0.05913821
-0.1135035
0.1555719
-0.2463248
-0.2241672
-0.282398
-0.2441623
-0.3221551
0.1639914
0.03400353
0.2029557
0.398211
0.2155644
0.4774481
0.02776581
-0.05058156
0.2809048
0.3319877
0.04751369
0.0781221
0.5248415
0.4966499
0.1503239
0.7127329
0.6369867
0.498879
0.4851029
0.6153369
-0.02019583
0.2014694
-0.1858911
-0.5161803
-0.2141696
-0.4517256
0.3289612
0.2111485
-0.2275115
-0.2627847
0.04666445
0.1085593
0.394296
0.3445149
0.4882042
0.5339348
0.5302691
0.1165688
0.4002068
0.08520116
0.1967318
-0.2096796
-0.4380889
-0.1174094
-0.1056677
0.4778562
-0.1110685
-0.1531292
-0.2255293
0.344533
0.2950173
-0.1559773
0.07871632
0.01371224
-0.03152091
0.2146766
0.2866032
-0.428941
-0.2619214
-0.4256845
-0.4674876
-0.3791059
-0.3134546
0.05043564
0.06077354
0.1065623
-0.2137735
0.1728986
0.3855462
0.4463732
0.4168546
0.3835086
-0.04551235
-0.02042495
0.4145209
0.3325636
0.2201521
0.08201267
0.1451713
0.2557741
0.3259692
0.1867809
0.02546913
0.2586525
0.09073363
-0.07678025
0.8595951
0.7559784
0.5348843
0.6342111
0.4166456
0.5339145
0.1451285
-0.362017
-0.01419186
-0.2420726
0.3964861
0.3083145
-0.4020891
-0.2007153
0.1612185
0.01692847
0.7959617
0.4394514
0.5778107
0.5088924
0.6546223
0.1198284
-0.2353937
0.1520949
-0.2005774
0.4448532
0.1054216
-0.4741413
-0.1670368
0.2684833
0.02761612
0.281306
0.4392331
0.4907543
0.498891
0.1273037
-0.08311771
0.325297
0.03027473
0.5885865
0.01024263
-0.4571498
-0.1257434
0.3179858
-0.06828303
0.6098518
0.1147853
0.296491
0.08938158
-0.3706711
-0.2319299
-0.4553698
-0.1152947
0.3517429
-0.1721198
-0.2778577
0.09282448
0.05837952
0.1021799
0.3971771
0.05937364
-0.531369
-0.248305
-0.5005396
0.09914611
0.2706497
-0.2301229
-0.3060931
0.3137879
0.2918024
0.6259661
0.5671543
0.433902
0.6010182
0.3791934
0.2818564
0.2249644
-0.304667
0.06203529
0.2217914
-0.05486856
0.3656478
0.1402989
0.4238205
0.06447205
0.1906247
0.1452157
-0.3214611
0.1443944
0.2944724
0.02721665
0.4165301
0.3642699
0.3529383
-0.1111316
0.4814877
-0.007525724
0.008517517
0.02387497
-0.04771976
0.7438069
0.7123546
0.08118561
-0.04422544
0.05688309
0.3450915
-0.008753948
-0.2352055
0.6328241
0.3164603
-0.08429657
-0.2240823
0.2089216
0.1443937
-0.2266926
0.3353126
-0.08398855
0.1802981
0.4145366
0.05091485
-0.1565571
-0.1707438
-0.01510055
0.07592659
0.07988162
-0.08735781
0.1443658
-0.1100969
-0.224826
-0.05655296
0.07029006
-0.2486115
0.1261709
0.0502099
-0.0907853
0.4108433
