0.701179
0.3407632
0.6110148
-0.2401125
-0.2011608
0.4729495
0.2886023
-0.02403604
-0.2361479
0.1261658
0.0648963
0.06938181
-0.03354478
-0.2628342
-0.430231
-0.2924869
-0.1510108
0.6506189
0.6542592
-0.04218008
-0.3348059
0.2658625
0.3269445
-0.3777553
-0.3115034
-0.1333284
-0.03068105
-0.2457657
-0.3283191
-0.09610882
-0.08458569
0.1801519
0.0713878
-0.1436719
0.05825296
-0.1246242
0.2249047
-0.3017501
-0.2932875
0.01293457
-0.2034043
0.09760309
0.2058185
-0.1030836
0.01168212
0.00528578
0.1267334
0.1584742
0.1934627
0.2425338
0.3742453
0.231924
0.0198867
-0.1798619
-0.2538848
0.6308312
0.7090317
0.3472957
0.4459616
0.07404747
-0.061546
-0.1027344
0.140838
-0.04229608
-0.09853239
0.4287199
0.4618004
0.6969487
0.5792219
-0.4348339
-0.250318
0.006450058
-0.2019735
0.03975981
-0.07686922
0.07043359
-0.08520286
-0.1663517
-0.08953583
-0.3111923
-0.1959875
-0.2231144
-0.1862103
-0.2613976
-0.0560795
-0.124105
0.09297583
-0.3604922
-0.4169762
0.07954974
-0.3364569
-0.5111951
-0.4433075
-0.0299458
0.1865033
-0.06301138
0.2382511
0.1385125
0.18029
-0.1995344
-0.2977246
-0.4757164
-0.4492293
-0.4542551
-0.6646023
-0.1175236
0.1430206
0.2803022
0.1903063
-0.0001245777
-0.003605788
0.3833528
-0.08196238
-0.2107816
-0.2346657
0.1654941
0.4195988
-0.04004374
-0.01295767
0.3222189
0.1801853
0.2122592
-0.03635836
0.09984843
0.1718043
-0.03874305
-0.04114313
-0.1446559
-0.2679136
-0.06073799
0.1076042
0.6511795
0.7577538
0.1121535
-0.09337186
0.2919933
0.2985314
-0.350115
-0.2284892
0.1162278
0.2213319
-0.02530277
-0.08235673
0.1124074
0.2781379
0.1998501
0.1524721
-0.2491906
0.007434511
0.1815823
0.2946184
0.01008858
-0.06330357
0.3053332
-0.007744968
0.2126988
0.235122
-0.1350243
-0.01651852
-0.1747434
0.1213214
-0.06130819
0.02430531
-0.1190308
0.07864289
-0.1203687
-0.2121161
-0.2564222
-0.4329319
0.7631406
0.8619848
0.05644698
0.2479103
-0.03736159
0.1673838
-0.2007103
0.2083788
-0.2835642
0.09277371
0.2026856
0.2262137
0.7365527
0.7330233
-0.2847539
-0.03023249
0.08178128
-0.05847867
0.02754544
-0.247621
-0.09597677
-0.1508464
0.003237341
0.001339352
0.004226218
-0.06559911
0.0769002
0.0004372509
-0.09759456
-0.05665173
-0.0153665
0.142449
-0.2600111
-0.3873568
0.01339274
-0.4350633
-0.4039801
-0.5559457
-0.01768948
0.1679941
0.01797234
0.0273767
0.09199364
-0.04913036
-0.1097616
-0.1904542
-0.4128307
-0.506351
-0.2558993
-0.6123779
-0.1383313
0.06614318
0.1957259
0.2280598
-0.05488536
0.0006708592
0.274271
-0.1318592
-0.2730601
0.01657036
0.5451655
-0.02941949
-0.1919805
0.7170847
0.4374277
0.1433291
-0.004737656
0.2555906
-0.06961778
0.225169
0.1655074
0.02104273
-0.1909028
-0.4828455
-0.2273598
0.3992984
0.313892
-0.1666581
-0.2272983
0.6658581
0.5876555
0.2294071
0.08041639
-0.1649701
-0.08076761
-0.3467298
-0.274627
0.04211311
-0.1015705
0.2571673
0.3018432
0.3501832
0.3755306
-0.259712
0.08871192
-0.2092467
-0.2159151
-0.09655045
-0.2879697
-0.2923613
-0.1950984
-0.04746088
-0.2587975
-0.273968
-0.2994028
-0.1316291
-0.09878745
0.002004074
0.02721419
0.0160072
-0.1988218
-0.292295
-0.3451881
0.1378152
0.1708532
0.1968454
0.2442959
-0.03550153
-0.2407471
0.01587066
-0.1727898
0.2922236
0.03061527
0.381756
0.2003552
0.0893216
-0.03276111
0.1070226
0.03453973
0.1351129
0.07184127
0.1919229
0.1159808
0.2779976
0.007358875
-0.3495763
-0.1953039
-0.5152444
-0.4511699
-0.257309
-0.1366798
-0.05200943
-0.2598898
-0.04677795
0.231666
-0.06809814
-0.5514797
-0.006586579
-0.2755047
-0.3795542
-0.01350062
0.1252593
0.0318187
-0.3477154
0.1809891
-0.09610552
0.01085207
-0.0685864
-0.03923287
-0.3421589
-0.36668
-0.2519163
-0.2497064
-0.2454708
0.1019903
-0.002688422
-0.2245443
-0.1057434
-0.2262956
0.04811549
0.1569214
-0.07213178
-0.2037406
0.102382
-0.03366806
0.6648461
0.750597
0.1063059
0.1417704
0.1113897
0.06277801
-0.1109242
0.2096651
-0.2475968
-0.1117695
-0.253807
-0.1262604
0.4421556
0.541697
-0.1140989
-0.2834049
0.5223662
0.6888569
-0.139055
-0.01614874
-0.2168557
0.01464769
-0.2118802
-0.2244781
-0.1004038
-0.1715373
0.2948973
0.3964928
0.2065051
0.1488735
-0.2610759
0.03136013
-0.2270553
-0.3887765
-0.1171273
-0.3696541
0.04549952
0.05483346
0.08112954
-0.217155
-0.1722301
-0.1258065
-0.2609835
-0.2734806
-0.2129852
-0.1465218
-0.10047
-0.2781992
-0.5364838
-0.4478961
0.4103469
0.499541
0.2078844
0.1753314
0.2185217
0.1645515
-0.00169082
0.3295516
0.03389571
0.2948703
0.2639001
0.4062157
0.4377077
0.4087486
-0.2026539
-0.04923413
-0.01680688
-0.1219955
0.1356158
-0.09213711
-0.03619946
-0.3249439
-0.1588579
0.0588167
-0.3688391
-0.1720587
-0.2382033
-0.07057883
-0.3354197
0.124711
-0.2147418
0.2151543
-0.4687673
-0.2795937
0.05121024
-0.405297
-0.5638437
-0.3253836
0.1019769
0.2279966
-0.1306101
0.1780776
-0.05680919
-0.08695768
-0.2814368
-0.1932816
-0.6197931
-0.4458695
-0.4362393
-0.6212886
-0.08438773
0.1321381
0.3008551
0.09621861
0.006376996
-0.02860708
0.1145907
-0.1128328
-0.2638715
-0.2858803
0.3752442
-0.08001582
0.1998528
0.3907135
0.3262125
0.0334132
0.05967848
-0.2650251
0.06221355
0.1200413
0.29533
0.3886072
0.2782051
-0.06798554
0.0160656
0.1868771
0.1656269
0.1518459
0.1229253
0.1987811
0.1851142
0.1775742
0.1989531
0.2877545
0.08431049
0.09036356
0.05248633
0.08894662
0.2511301
0.01143864
-0.005117702
0.0768729
-0.269084
0.08319606
0.08256499
-0.06325432
0.1068588
0.1127416
0.04857872
0.1377379
0.03538242
-0.1313882
-0.2009053
-0.2874527
-0.2353757
-0.3579865
-0.4376746
-0.3610602
-0.3349721
-0.2484245
-0.2949987
0.003766403
-0.02602306
-0.02092412
-0.1655715
-0.1265737
0.08146147
0.08258665
0.09995054
-0.02293868
0.1514962
-0.2404494
-0.1249645
-0.07832052
0.05400877
0.232483
0.3118227
0.2193257
0.2741189
-0.03248736
-0.07459938
-0.2830211
-0.1316099
0.2044737
0.1121778
0.2582308
0.204578
0.06286228
0.1010422
0.08171513
0.2018028
0.02218771
0.1717217
0.02319657
0.09718127
-0.08695738
-0.1058118
-0.03956698
0.05342478
0.03854332
-0.1514701
-0.008996913
-0.273562
-0.1479467
-0.1801113
-0.09256206
0.1558898
0.01813668
-0.04124257
0.0835807
0.04207658
-0.01334402
0.03302888
-0.0652317
0.00409074
-0.00716153
0.00471907
-0.2208413
-0.04869802
-0.08971027
0.0426303
-0.2292849
0.211107
0.3429334
0.5932143
-0.07479887
0.2377278
-0.2504357
0.203557
0.3089454
0.6070147
0.3205756
0.1203417
-0.2857911
-0.007879676
0.03829838
0.3642866
-0.09145512
0.1151086
0.3261359
0.5054051
0.2796869
0.4316148
0.3901918
0.2019695
0.2271569
0.05997577
0.03340429
-0.03399387
0.04270362
0.009347844
0.3060947
-0.06720668
0.2981942
-0.0663846
0.2088481
0.1352801
0.05799162
-0.04836635
0.008333117
0.03263336
-0.2447564
-0.1327149
-0.2899795
-0.04731504
-0.3535755
-0.4764043
-0.4223987
-0.4189634
-0.2167361
-0.325163
0.07660076
-0.07348333
-0.04768191
0.038746
-0.08009313
0.2805145
0.01117675
0.2379736
-0.2050815
0.3252297
-0.3254726
-0.148009
-0.02118973
-0.01379492
0.4850985
0.4109081
0.01911978
0.2497891
-0.03974841
-0.186147
-0.1998983
0.07958324
0.3599871
0.1928221
0.3922685
0.1814184
0.3476222
0.102889
-0.04138947
0.1359815
0.1559591
0.2140329
0.006695796
0.2576549
-0.1583857
-0.3720177
0.1910179
0.08200044
-0.09614684
-0.1005269
-0.03576104
-0.3208295
-0.3094614
-0.4659579
0.2162962
-0.005839005
0.1627144
0.1358359
0.01508363
-0.06531811
-0.03159955
0.08714177
-0.08934982
0.05001056
-0.1505305
-0.3239609
-0.3423261
-0.1532231
-0.1934052
0.003104408
0.4983905
0.3133252
0.1198018
0.246736
-0.08716206
0.3432535
0.1033464
0.02738229
-0.1416499
-0.4520406
-0.3724487
0.5032492
0.493676
-0.09205648
-0.3084426
0.6839364
0.5369448
-0.09042013
-0.06025852
-0.2074756
0.06736498
-0.1744534
-0.2902627
0.1497767
0.1650816
0.3173645
0.3448187
0.07940475
0.1308973
-0.1527808
0.2718674
-0.1160962
-0.2813656
0.02283762
-0.2539599
-0.03224744
0.07776335
-0.1179634
-0.4067535
-0.2421398
-0.2028734
-0.2261426
-0.2593655
-0.09431867
-0.0169494
-0.0848806
-0.3527958
-0.3695991
-0.408847
0.2794153
0.3784151
0.1685167
0.05158659
0.2861378
0.06778878
0.1341622
0.04980037
0.0363553
0.20755
0.3614887
0.2160583
0.1610711
0.1778158
-0.08706508
-0.008605874
0.2097913
0.008256312
0.1650929
0.1008848
0.09253127
-0.1497152
-0.3284237
-0.05711448
-0.559454
-0.548444
-0.1537714
-0.09264777
-0.1717633
-0.1525598
-0.1483217
0.315423
-0.2083186
-0.3892718
0.08777396
-0.3166257
-0.5566558
-0.3061329
-0.01537486
0.06801625
-0.2684724
0.2394596
0.02880413
0.1819758
-0.1699674
-0.1662205
-0.5210913
-0.4161684
-0.2751009
-0.4670381
-0.3770834
0.336644
0.1614061
0.009071862
0.03459113
-0.02969638
0.2438507
0.1816523
-0.1556358
-0.1553923
0.1914726
0.2853293
0.2598368
0.1084211
-0.1400201
0.4546012
0.03010118
0.1785559
-0.1736714
-0.03602597
0.1995353
0.3440354
-0.2213295
-0.1968502
0.3850516
0.5795497
0.05901123
0.2534283
-0.2802919
-0.01840495
-0.02499929
-0.0374653
-0.03151313
-0.1930963
0.09974072
0.4468715
0.1324722
0.1691089
-0.2481415
-0.255555
-0.1608101
-0.3330447
-0.04582789
-0.235338
-0.01540768
-0.06508545
0.0007477796
-0.3276924
-0.1935213
-0.1659397
-0.4924107
-0.3247296
-0.3879502
-0.3885361
-0.215434
-0.3866322
-0.4313805
-0.5144139
0.2124899
0.1797343
0.01244139
0.03823637
0.2894074
0.3166842
0.05251477
0.366514
-0.04358719
0.3576903
-0.1112746
0.09434849
0.1357644
0.1019148
0.04904079
0.1870005
0.1018994
0.02994569
0.08642984
-0.0330606
0.04388588
-0.09079892
0.03151056
0.2011153
-0.1359333
-0.06551615
-0.0605384
-0.07654021
-0.2668954
0.09981743
-0.2412421
-0.04405298
-0.2067595
-0.1205064
0.00113296
-0.4575522
-0.2405046
-0.1495858
0.09645217
0.1213042
-0.02380642
0.009735706
-0.1664594
-0.3192611
-0.1211631
-0.1147145
-0.2570255
-0.2043974
-0.2408072
-0.4128405
-0.1506462
0.12271
0.1495762
0.123468
0.02226404
-0.1877804
-0.1819524
-0.1139868
-0.273323
-0.2531375
0.5454154
0.1216068
0.3323385
0.08802974
0.1575074
0.4283353
0.3230018
0.07858954
0.1159632
0.03265321
0.3308397
0.3355457
0.2565874
0.1777988
0.2356435
0.1854808
0.16115
0.1763211
0.5507124
0.2812519
0.02677796
0.339334
0.348984
0.2490722
0.3004429
0.01789945
0.04609298
0.1567448
0.1580695
0.1730526
-0.06777646
0.2227591
0.07118297
-0.04390388
-0.0482617
-0.0833281
-0.2995371
-0.401496
-0.325426
-0.3909084
-0.3546483
-0.3899488
-0.3335445
-0.4615076
-0.618585
-0.4406416
-0.5043136
0.2134393
0.2055896
0.03141395
0.001605432
0.114337
0.3063791
0.2021312
0.3220112
-0.03761902
0.3544683
0.08535496
0.06499737
-0.077969
0.05153565
0.3118658
0.2786433
0.2777732
0.1643113
0.1411609
-0.06053635
-0.07267018
0.05935509
0.1107566
0.03085012
0.06925997
-0.05791603
0.2100173
0.001864769
-0.04963496
0.02667093
0.2673319
0.3267333
0.01504764
-0.1553557
-0.0533724
-0.3050561
-0.1983801
-0.1738754
-0.1175641
-0.171191
-0.3174867
-0.1651592
-0.1550122
-0.1419057
0.1581065
0.06627751
0.0619147
-0.07793971
-0.05603235
-0.1426893
-0.1995595
0.08999946
-0.004690461
-0.1689952
-0.2302689
-0.2929787
-0.1492364
0.1660783
-0.429253
0.06868112
0.05177837
0.2019585
-0.1223303
0.2934343
0.3480214
0.7137048
0.2211443
-0.01733631
-0.240584
0.01789196
0.08915494
0.304991
0.1750964
0.310268
0.3553843
0.3992644
0.01999867
0.4384302
0.3855252
0.1379806
0.3745523
0.2343657
0.2773812
0.2404201
0.1834695
0.06109715
0.2477646
0.09442069
0.2240711
-0.2009481
0.3128407
0.01993667
-0.09925838
-0.2297658
-0.05630225
-0.2235476
-0.4910122
-0.4320747
-0.5459326
-0.4053823
-0.557254
-0.6228535
-0.6257856
-0.6669581
-0.6143063
-0.5073099
0.1273612
-0.02414811
0.01901995
-0.04880969
0.139164
0.4775554
0.1756387
0.337469
-0.09916325
0.605935
-0.1433851
-0.01661816
-0.1269492
-0.04526876
0.4818319
0.4162465
0.01182374
0.1543312
-0.0173245
-0.1980311
-0.2234242
-0.09728049
0.2054854
0.2786548
0.1735743
0.0200374
0.3799136
0.1930805
-0.03325333
0.2895829
0.190749
0.3615645
-0.1400631
0.2735108
-0.1452099
-0.3461095
0.02209365
0.005719359
-0.1347671
-0.001139542
-0.2442407
-0.1388143
-0.2462715
-0.3455554
0.2210739
0.0424606
-0.03391184
0.107399
-0.0702023
-0.1010761
-0.1275207
0.1431889
-0.09133205
-0.04358024
-0.277112
-0.2261103
-0.3264602
-0.01130507
-0.3216737
-0.02542234
0.2329898
0.4083205
0.2898504
0.2143338
0.06523644
-0.1098065
-7.638109e-05
0.1223877
0.09963597
-0.1303103
-0.2181911
0.04994099
0.05324429
0.01598779
0.06683457
-0.3121475
-0.2283839
0.1359292
0.09070798
0.1715624
0.0320957
0.1616781
0.4093909
-0.1457682
0.1131863
0.03118404
-0.02101785
-0.1077204
-0.1586622
0.0897728
-0.1701061
-0.05199581
-0.2250313
-0.2366008
-0.1883518
-0.01387618
-0.0874275
-0.1246477
-0.03748997
-0.08512639
-0.04359705
0.0165314
-0.1686966
-0.004268834
-0.2593999
0.04151277
-0.009240758
0.09261861
0.01036253
0.1643814
0.05291633
0.2200526
-0.009046761
-0.02685725
-0.03342801
-0.1126047
-0.1170204
-0.02902309
-0.07568929
0.2397224
0.2973131
0.2739727
0.1486695
0.1412983
0.09887769
0.2872585
0.232357
-0.03055685
0.02686764
-0.06858341
-0.1288471
-0.03473825
-0.2525822
0.04558431
-0.1744907
0.1212839
-0.1830259
0.1059486
-0.2248309
-0.002262901
0.001179488
0.1876035
-0.02017701
0.1007227
-0.03702476
0.009638477
0.1043469
0.01137548
-0.1198027
-0.1133159
-0.00545929
0.08398255
-0.1206765
-0.1133999
-0.167559
-0.06452807
-0.03023487
0.04480979
-0.0179142
-0.1106013
-0.3132282
-0.1067585
0.1131046
-0.04584978
-0.1974851
0.0396855
0.4565193
0.255113
0.2083995
0.05577332
0.3841011
0.03834737
0.3527479
0.3823042
0.1746609
-0.140922
0.002342803
0.1573022
-0.08645034
0.2244301
0.1730171
0.196886
0.2313086
0.07009548
-0.06346225
0.03215309
0.1002157
-0.06878728
-0.2008872
0.2058364
-0.008209091
0.195932
-0.1156679
0.3001267
0.0795006
-0.240602
-0.1486994
-0.1145696
0.01906185
-0.22845
-0.2756652
-0.2822595
-0.2135239
-0.4130394
-0.3081999
-0.3445956
-0.3442183
-0.2112882
-0.4113151
0.2340426
0.2119193
0.2958304
0.3049964
0.07110738
0.2480633
0.4677071
0.5946797
-0.06995567
0.01805982
0.08693544
0.07516313
0.1854158
0.08769462
0.2510022
0.1837195
0.2324961
0.2139473
0.12632
0.03932114
-0.0400507
0.1358697
0.3827585
0.0739698
0.3074902
0.3113055
0.2063298
0.03789471
-0.03081745
0.06431298
0.3606373
0.1248049
-0.1033222
-0.1452517
-0.4211896
-0.3524494
0.07308094
-0.2061967
0.08720414
0.1013463
0.03159564
0.05893212
-0.1506958
-0.2764998
0.2795302
0.07525923
0.2209983
-0.0152606
-0.115545
-0.002269289
0.0286193
-0.03330479
-0.002816181
-0.08863858
-0.2690524
-0.3028349
-0.4582077
-0.07181241
-0.5264387
0.01539491
0.154227
0.2678341
-0.07557281
-0.2427324
-0.1389013
0.206404
0.01523136
-0.01878557
-0.1601041
0.1558948
-0.08648333
-0.01780745
-0.03101125
-0.03044137
-0.1390177
0.0785729
0.08264095
0.2852075
0.08290175
0.09722905
-0.005794395
0.01678871
0.008414852
-0.1330835
0.141083
-0.1097344
0.06320358
0.03991482
-0.3374162
0.06523675
-0.03991763
-0.2499137
-0.06110864
0.1354886
0.02380731
0.1438914
0.1091186
0.2302946
0.2889915
0.228087
0.06729708
0.2576225
0.1520178
-0.1268464
-0.09323525
0.1094636
-0.0353901
0.1030938
-0.113203
0.135163
-0.2485755
0.1949808
-0.1662664
0.1551018
-0.02392772
-0.1774779
-0.1790393
-0.07575233
-0.009246936
0.2140467
0.04966107
0.1301796
0.1982131
0.1997045
0.2246759
-0.2632785
-0.1149319
-0.357805
-0.3600437
-0.2141275
-0.2069133
0.0329952
-0.2710115
0.1969078
0.0628542
0.1754781
-0.07443121
0.06330178
0.1913907
0.005476214
-0.03809001
0.1717521
0.09242427
0.03070076
0.3696249
0.1667111
0.2516549
-0.0341332
-0.0813228
-0.1014729
-0.08365291
-0.2295474
-0.1175534
0.05375722
0.03495702
0.1032879
-0.03570128
0.1458993
-0.04284096
0.2368839
0.2362365
-0.02270402
-0.1973065
0.2420901
0.4279603
0.0518303
0.09880912
0.0195562
0.1067306
-0.02851888
0.08390947
0.00834269
0.1922667
0.1187602
0.1503207
0.007981187
-0.1143948
0.05356683
0.2132511
-0.1182989
-0.2483946
0.1156318
0.2063683
0.09483946
0.04410536
-0.08962951
-0.1655508
0.1035413
-0.2230899
0.04338179
-0.1373619
-0.2351693
-0.451101
-0.2964158
-0.3094403
-0.3105528
-0.1569705
-0.4220456
-0.321171
-0.32054
-0.3323873
-0.1626613
-0.1807801
-0.1234906
-0.1847691
-0.08473444
-0.1667924
0.02531698
0.05091101
0.1730435
0.3864339
0.216538
0.3015329
0.1302483
0.1681123
-0.06513499
-0.1260103
-0.03447998
-0.1553834
0.2333389
0.2750849
0.2317633
0.2285143
-0.03859189
0.08768868
0.1913877
0.1193201
0.1490373
0.08951614
0.05079156
0.10452
0.1720886
-0.01243044
0.009523362
0.2060775
0.1038314
-0.08966805
-0.07611804
0.04050522
-0.3365733
-0.1742559
0.2569585
0.1342779
0.1685279
0.02738743
0.007794983
0.0451321
-0.2733051
-0.3293918
0.0142762
0.05452059
0.1339552
0.1161236
-0.2616368
-0.1209241
0.0229382
-0.1986841
0.1370703
-0.01170609
-0.1698362
-0.1907031
-0.4934357
-0.1524901
-0.2775131
-0.2742232
0.6024041
0.08591052
0.2571875
-0.1372947
0.02288912
0.4077707
0.2180615
-0.01158955
-0.06213254
0.4350714
0.3963881
0.2982962
0.2883087
0.4096927
0.5233703
0.5160706
-0.008440998
0.04678688
0.06394357
-0.1525675
0.02359755
-0.001030682
-0.02264971
0.3453395
0.09646379
0.3123894
0.09441902
0.03909705
0.04278694
-0.1350273
-0.04411089
-0.06652992
-0.321115
-0.1641043
0.07643234
-0.1746308
-0.2309133
-0.2963563
-0.3462882
-0.02045243
-0.3328548
-0.1254335
-0.2163047
0.05870674
0.2049879
-0.02021529
0.180708
0.108491
0.01389542
-0.1101434
0.03794921
-0.001791684
-0.2027302
-0.2928139
-0.3508394
0.322447
0.1749461
0.1118726
0.1885259
0.0692283
0.08310957
-0.1402742
0.2163543
0.3125149
0.4023078
0.1626366
-0.1355483
0.3543914
0.00809744
-0.01673919
-0.4028311
0.1208688
0.06722619
0.1554705
-0.1066743
-0.3324205
-0.2682631
0.2392675
0.1797081
-0.02118526
0.09686124
0.1955791
0.1048441
-0.3056139
-0.1762942
0.3656543
0.1424135
0.277284
0.3735475
-0.06296458
0.1685254
-0.2900569
0.1578333
-0.2114798
-0.005751597
0.07021171
-0.4038769
-0.2941565
0.23348
-0.2205003
-0.1818042
0.3447518
0.06946687
-0.3749784
-0.151328
0.2445789
0.4023499
-0.08307848
0.09044436
0.4402286
0.5301949
0.1536123
0.3122377
0.5603063
0.459616
0.3411744
0.0528136
0.1920342
0.1211507
0.05663945
-0.02412812
0.1561159
-0.1185687
0.3874596
-0.09351121
0.2599021
0.08517545
-0.06005975
-0.2713258
-0.1409177
-0.0960054
-0.2388058
-0.3055534
-0.4291031
-0.1393782
-0.4378465
-0.5752124
-0.5486249
-0.4778618
-0.2651724
-0.3040871
-0.1152893
-0.3153578
-0.01861228
-0.03047292
0.125877
0.5104532
0.1832578
0.2238953
-0.1072861
0.4418322
-0.2591482
-0.1882093
-0.2431307
-0.2454067
0.5023309
0.4768574
0.1323773
0.3143606
-0.1533024
-0.03779683
-0.1901075
0.09552544
0.4063937
0.3549341
0.3197526
0.1274939
0.4478076
0.2567122
0.07248389
0.1982562
0.2933963
0.1589385
0.006945018
0.3266703
-0.3699436
-0.1987554
0.4002685
0.2087331
0.05492539
0.06095961
0.1259747
-0.07002156
-0.463583
-0.4963464
0.2908933
0.1689124
0.2259154
0.3787994
-0.09420209
0.1068117
-0.04540949
-0.05927706
-0.04208252
0.08882373
-0.1200437
-0.3739958
-0.4803777
-0.08149437
-0.2208766
-0.2030208
0.561237
-0.3959679
-0.1022919
0.2283025
0.2921214
-0.3197524
-0.22083
0.06630445
0.06355585
0.1228568
0.03638127
0.5758317
0.3766835
-0.001854288
0.1122518
-0.01866193
-0.009521986
-0.1419723
0.005123395
0.2625753
-0.1742548
0.1622634
0.2181022
0.2146614
0.2928457
0.1723128
0.01424843
0.1350909
0.169012
0.01315697
0.04903069
-0.177102
-0.1381362
-0.3086835
-0.4250579
-0.3107771
-0.1732226
-0.08763334
-0.02251576
0.05322302
-0.04275177
-0.3146207
-0.2773556
-0.06500253
0.3343654
0.1079704
0.2004402
-0.2509214
0.1103137
-0.4477377
-0.2925867
0.06649154
0.115583
0.1828287
0.2628446
0.1456862
0.2854897
-0.1300122
-0.07600534
-0.1218992
0.01470865
0.4908593
0.3360254
0.6598745
0.4425564
0.3423366
0.2176333
0.1354963
0.1352449
0.03535661
-0.1859032
-0.008070546
0.1991322
-0.112399
0.1442493
0.3611258
0.09119407
-0.01540725
-0.1524918
0.1840749
-0.3411881
-0.2136677
-0.2447886
-0.0238802
0.03782397
0.1762951
0.1535851
0.145715
0.2345512
0.1115584
-0.1704591
-0.2312047
-0.1349064
-0.09641461
0.02351891
-0.1623223
-0.2640434
0.1406502
0.1263093
-0.17175
0.1166855
0.3952412
0.1891152
-0.1170375
-0.08885106
0.2233039
0.03817414
0.2123388
-0.01023857
0.296784
0.5035571
0.1522446
-0.01155919
-0.07477822
0.04190309
-0.08090274
0.07511976
-0.01873821
-0.3383372
0.1054448
0.4186822
0.3060495
0.05621464
0.1279949
0.1621474
0.2980143
0.271916
0.1244049
-0.1728167
-0.1887379
-0.1271916
-0.3594663
-0.2721147
-0.219065
-0.1302567
-0.07982165
-0.1926116
0.04494018
0.1376057
-0.1980833
-0.02581983
-0.1327403
0.06538112
0.07823042
0.2877266
-0.06434491
-0.08708676
-0.1910912
-0.1502304
0.07264643
0.1502939
0.03624497
0.06242522
0.06465569
0.1986187
-0.002232062
-0.005451193
-0.07224623
0.1728539
0.4983204
0.4234999
0.5647583
0.446343
0.04502921
-0.009884242
0.008807791
-0.1637388
-0.01064267
-0.2367794
0.01183166
-0.1722979
-0.3012086
-0.1228445
0.2095179
0.0331979
0.03477256
-0.02631649
0.2485787
-0.1564281
-0.2388466
-0.2827466
0.1041743
0.1164144
0.2613148
0.06327605
0.1415575
0.2356314
0.014652
-0.02761358
-0.1645887
-0.1974494
-0.03358325
-0.1525948
-0.2328532
-0.1378932
-0.1532507
0.1338932
0.5900748
0.09798577
-0.1847479
0.3360399
0.1458313
-0.4042511
-0.3203865
0.03777863
0.04347244
-0.2204422
-0.15824
-0.03249769
0.004573715
0.1519921
0.1391323
-0.18448
-0.07013261
-0.001355686
0.1846891
-0.15342
-0.03356818
0.08116137
-0.1762058
0.1650153
0.1295725
-0.1642708
0.01754509
-0.03422941
0.07652431
0.1446362
0.1609392
0.1095505
0.2808056
0.1363579
0.04330124
-0.08270646
-0.1846824
0.4511812
0.5561199
0.2566174
0.300404
0.06371038
-0.04352244
-0.0510358
-0.05049996
-0.06205863
-0.2027839
0.3076793
0.2246327
0.5119783
0.5041743
-0.3913769
-0.124403
0.1316721
-0.1165587
0.1345997
-0.004466244
0.02567835
-0.1269119
-0.2852633
-0.149366
-0.2931826
-0.2529474
-0.1620671
-0.185784
-0.1119229
-0.1483779
-0.01928814
0.0687868
-0.2235517
-0.335478
-0.06542294
-0.2571494
-0.4466131
-0.4469599
0.1161007
0.1181597
0.1258411
0.1346646
0.04178768
0.01623732
-0.3128972
-0.2779583
-0.4261964
-0.4225583
-0.3978819
-0.5132161
-0.05971406
-0.03486059
0.3375631
0.292985
0.2002198
0.05720754
0.2119071
-0.06016903
-0.2324319
-0.2465677
0.2138926
-0.09058762
0.375285
0.3821249
-0.2177264
-0.1978196
0.1469483
0.2390334
0.04676324
-0.03179556
0.1761943
0.1845411
0.2623753
0.1991977
-0.1780002
-0.0006760995
0.116707
0.2546527
0.01616323
-0.1663133
0.3410677
-0.03826128
0.09878525
0.1983438
0.02954703
-0.05768086
-0.1848144
-0.06346989
-0.2264731
-0.1098564
-0.2952706
-0.1381052
-0.2824315
-0.3964892
-0.4189474
-0.5814875
0.6797714
0.8000189
0.1049488
0.2041456
0.09034124
0.2208303
0.04310791
0.3387982
-0.2129111
0.1326719
0.2006609
0.1755305
0.6748567
0.6517565
-0.181296
0.03292719
0.2808403
0.0963658
0.1185924
-0.03759709
-0.0661084
-0.1407069
0.05395863
0.04893763
-0.02418999
-0.1271056
0.06103468
0.07027944
-0.2075806
-0.08851112
0.02341691
0.1788415
-0.2603443
-0.5326417
-0.1001803
-0.4889151
-0.4782619
-0.5047608
0.03387826
0.1723417
0.01630213
0.1047128
-0.05520854
-0.1230432
-0.02371971
-0.1948475
-0.4304299
-0.5373234
-0.2679286
-0.5431531
-0.2004801
0.1615346
0.1975794
0.1325728
-0.05727936
-0.1203569
0.09383545
-0.07524152
-0.4139128
-0.03054115
0.5815717
-0.1287958
-0.1609023
0.1784558
-0.09027412
0.5671712
0.4039466
0.1733119
0.2932893
0.304934
-0.004397252
0.08702881
-0.05042858
-0.1044485
-0.1386885
0.1408717
-0.03459717
0.1570312
0.1932663
0.1976319
0.1811776
-0.07453276
0.1463004
0.05670559
0.20106
0.08975532
-0.2607662
0.08570016
0.05769088
-0.1237463
-0.1264156
-0.2240314
-0.1756589
-0.1633806
-0.2128004
0.1402892
0.1757497
0.2789496
0.2688285
-0.1008881
0.1753783
0.3014588
0.2030341
-0.01668753
-0.05434134
0.216982
0.1164879
0.1035022
0.1614735
0.02947139
-0.04728898
0.007362205
0.1240621
0.08727109
-0.03055629
-0.331734
-0.04628527
0.3072148
0.09474108
0.2263582
0.02989546
0.08884838
-0.04344516
0.03710925
-0.1066081
0.3121543
0.1075067
-0.01956632
-0.1747096
-0.4385405
-0.2053455
0.03834193
-0.1137131
0.04725609
-0.003918306
0.2509149
-0.03902791
-0.2923488
-0.1723919
0.05470351
0.08332232
0.1463166
0.09281879
-0.1786317
0.1271957
-0.07381986
-0.1442629
0.05127582
0.05963976
0.09812771
-0.2246457
-0.1955806
0.03017452
-0.2902502
-0.168181
-0.2823794
-0.2193627
0.3016034
0.04094904
0.4786463
0.3328828
0.1476691
0.2272568
0.2483086
-0.01386531
0.1543878
-0.182261
-0.0007719652
0.01709886
0.2541581
-0.1410934
0.1595064
0.1048725
0.1789197
0.1800711
-0.2641401
-0.231749
0.02237607
0.13626
-0.04635305
-0.2295536
-0.001933454
0.01213924
-0.2017538
-0.2735835
-0.1948142
-0.1048767
-0.08331945
-0.03077765
-0.09301385
-0.1770482
0.08619934
0.1048707
-0.08744475
0.2550306
0.2263007
0.09588804
0.09806593
0.1526674
-0.06711107
-0.08978576
-0.09964509
-0.06598423
0.2747722
0.1478099
-0.1112695
0.204497
0.02067456
-0.1368633
-0.1192696
0.07448478
0.2038006
0.03318033
0.2706131
0.0321148
0.1436086
-0.06160284
0.2673159
0.1014903
0.3678993
-0.05962218
0.1455914
0.06114617
-0.4995324
-0.08412595
0.326054
0.2137866
-0.0279143
-0.1320797
0.09362764
-0.187559
-0.4992364
-0.3399263
0.1603195
0.1731888
0.2294036
0.2124048
-0.1634769
0.1165091
0.02365552
-0.2842612
0.1220921
0.04569695
0.0004794344
-0.3700743
-0.4139106
-0.1133348
-0.2358959
-0.2068719
0.7238557
0.219878
0.2218574
-0.1177966
0.1539616
-0.1466956
-0.3431392
0.3619612
0.264091
0.226522
0.2397113
0.2354131
0.1896399
-0.08826192
0.1252896
-0.1235808
0.02798686
0.1141032
-0.17392
0.03388421
0.1674977
0.2082692
-0.2038377
-0.1900465
-0.3774731
-0.3060572
-0.3119878
-0.194109
-0.1267557
-0.2455592
-0.3625775
-0.415385
-0.4316205
0.2250788
0.3730072
-0.03279769
-0.05919107
-0.1413597
-0.2357134
-0.08085451
-0.09063029
0.129482
0.2584661
0.2596808
0.1678312
0.08202143
0.1655949
-0.05155457
-0.004870245
0.09492314
0.005271526
-0.03322452
-0.04936729
-0.05912931
-0.1307067
-0.1715174
0.05543155
-0.3617821
-0.2914313
-0.2594221
0.119163
-0.04290614
0.02584845
-0.2289781
0.4841362
-0.2045824
-0.2085066
0.08868831
-0.4018359
-0.5512414
-0.1969276
-0.09507104
-0.104217
-0.3034041
0.02433622
0.05085691
0.07059615
-0.06055622
-0.1612228
-0.427661
-0.3483554
-0.04466838
-0.2536645
-0.2763101
0.4166688
-0.03065516
-0.08907656
-0.0004854917
0.04766693
0.2360132
0.06790094
-0.1206543
-0.01425205
0.2543636
0.4095044
-0.1016356
0.2288529
-0.1060362
-0.2247487
0.1444375
0.1108602
0.3550116
0.3593858
0.4789289
0.266543
-0.1757824
0.03283201
-0.04137037
-0.1603918
0.004191867
-0.2531305
-0.179233
-0.07741352
0.1384521
-0.2856447
-0.336457
-0.3779967
-0.4514237
-0.3520876
-0.2680052
-0.2522506
-0.331579
-0.4241977
-0.5348559
-0.4914484
0.3444484
0.3753761
-0.02750204
0.04988394
-0.00930526
0.01346935
-0.08591246
0.1265868
0.2183701
0.5017607
0.2696053
0.352245
0.1769066
0.2157707
0.0789338
0.159133
-0.04659243
-0.07445039
-0.07061809
-0.2252929
0.07937569
-0.1097877
-0.01585062
0.0776653
-0.2068354
-0.09209277
-0.162559
0.1736427
-0.09568967
0.1588817
-0.0485431
0.4181108
-0.1878606
-0.1852437
0.05928644
-0.4981918
-0.4757583
-0.08166502
0.06098308
0.01149699
-0.2897258
-0.03225376
-0.09402696
-0.2201392
0.03527096
-0.03734165
-0.39051
-0.2838765
-0.1582424
-0.3251837
-0.1207071
0.1357368
0.005926149
-0.06926055
-0.1869443
-0.1510015
0.0979974
-0.109516
-0.1781166
-0.0496039
0.5900919
0.09359303
0.1335003
0.1183311
0.1792141
0.4497214
0.1105335
0.1054275
0.04273915
0.3105578
0.1866459
0.04334944
-0.1852311
0.08416766
0.07615416
0.1173111
0.1274418
-0.286318
-0.2211306
0.2851954
0.02687794
-0.03598475
-0.4702159
-0.2698776
-0.1189223
-0.2057208
-0.3475246
-0.2826801
-0.3066826
-0.1957503
-0.2720358
-0.2046041
-0.293259
0.07227613
0.1438409
-0.2242659
-0.1699316
0.06442937
-0.07048237
0.2159515
0.1887472
0.1019132
0.01691862
-0.3503067
-0.3797311
0.4955934
0.2885509
0.1011429
0.300541
-0.1460987
-0.01921595
-0.001696199
0.2212314
0.2417218
0.2936862
0.1306641
0.05995204
0.05405096
0.07510739
0.1949359
-0.02037778
0.1092542
0.1890983
0.118817
-0.02179144
-0.3180025
-0.2275885
0.1346511
0.3807973
-0.08075308
-0.08335354
-0.07146547
-0.06736119
-0.3798266
-0.2736963
0.4350045
0.2198674
0.2550396
0.2946644
0.04495838
0.3808147
-0.2299632
0.1104908
-0.2580334
-0.09717966
-0.1358346
-0.4907458
-0.3490258
0.0769829
-0.2126572
-0.09326538
-0.06371898
0.3064975
0.2743335
0.1954961
0.3676445
0.1599529
0.09856402
0.07201591
0.2678394
0.1105456
0.0031549
-0.09342932
0.1999418
0.1322718
0.0437787
-0.02350113
0.08865812
-0.03485613
0.2334121
-0.07943484
-0.05470777
-0.3170277
-0.348809
-0.08818841
-0.251484
-0.3627269
-0.3847468
-0.3750956
-0.1660507
-0.2150805
-0.128357
-0.2206298
-0.2117074
-0.1813118
-0.09572553
-0.006237764
-0.1285611
-0.05033468
0.08758225
0.3479239
-0.1529051
-0.02286455
-0.3195221
-0.2790095
0.3561762
0.2978075
-0.08336049
-0.02500553
-0.2026627
-0.2209438
0.01563754
0.1609312
0.2137562
0.2603591
0.1098715
0.04733832
-0.008235266
0.1196297
-0.0158236
0.07269838
0.01207442
0.1977914
0.1172584
0.2892141
0.04687928
-0.1912471
0.159594
0.3452772
-0.155167
-0.1720671
0.02238813
-0.1754243
-0.1969306
-0.3514101
0.2166812
0.1077669
0.2005177
0.3609601
0.09931335
0.1893305
-0.1381444
0.04335981
-0.2252622
0.03256001
-0.03158318
-0.2700749
-0.1445498
-0.03715644
-0.09130538
-0.1329461
0.4055718
0.1239726
0.3022027
0.166286
-0.08870213
-0.03952026
-0.2684441
-0.04275122
-0.1803099
0.1925604
0.0627655
0.3876309
0.2487082
0.1918
0.1643954
-0.08529018
0.09803487
-0.08492764
0.178966
-0.0585266
-0.01646103
0.115227
0.1465719
-0.03414041
-0.06684037
-0.1194361
0.01267099
0.0376023
-0.04941024
0.07127582
0.03721373
0.03040562
0.1452119
-0.3221657
-0.01515003
-0.01175868
-0.04795493
-0.0249426
-0.07674242
0.08517001
-0.08593163
0.1140456
0.1127243
0.1166928
0.01280124
-0.01236084
0.2100571
0.01924493
-0.04819674
-0.311743
-0.07573812
0.1787343
0.06574435
0.2265521
0.01347221
0.2952213
0.1055989
0.04395617
-0.14788
0.1830283
0.215354
0.1344102
-0.1211386
-0.3144283
-0.1778089
-0.02139706
-0.08091831
0.2128351
0.1173467
0.2211042
-0.04675051
-0.2144941
-0.1097851
0.09895716
0.1158488
0.0208386
0.005459723
-0.05629511
0.03243872
0.04886118
-0.08190606
0.03803103
0.08715742
0.09418476
-0.09653106
-0.1469985
0.01681738
-0.1771896
0.06724422
0.2227801
0.008950909
0.4151574
0.3961784
0.07515901
-0.004051396
0.07409634
-0.1633063
0.2439997
0.3449796
0.2801348
0.1892111
0.4313312
0.1514756
0.07972641
0.140696
0.03679761
-0.2089431
-0.2465435
-0.320988
-0.2696115
-0.1423626
-0.2793053
-0.3086925
-0.5425129
-0.5200274
-0.3801325
-0.4246572
0.2667797
0.2783507
-0.1114825
-0.1276256
-0.0952028
0.1763695
-0.03665151
0.1455771
-0.1483154
0.3973817
0.03851674
0.1304938
0.1064523
0.2394317
0.2657813
0.1715694
-0.03056303
-0.1066137
0.005721975
-0.1087023
-0.2971788
-0.1052268
0.1572756
0.1179441
0.07343475
-0.07098995
0.1848929
0.2372631
-0.09087557
0.09853954
0.2270686
0.4252079
-0.03987682
0.1660911
0.08567834
-0.3736791
-0.181392
-0.2181741
-0.229003
-0.1143026
-0.09777714
-0.1862079
0.02195696
-0.145692
0.1189568
0.1151567
0.02773202
-0.0212563
0.05330628
-0.02492603
-0.2610974
0.1137001
-0.15685
0.08737072
0.06614804
-0.1028098
-0.009176111
-0.05982916
-0.4284027
0.1156639
0.5031881
0.3895454
0.3674135
0.1738026
0.1438544
-0.1962659
-0.1527456
0.3159219
-0.01975818
0.4371512
0.2096179
0.4131828
0.2059143
0.1887669
-0.07105515
-0.1727306
0.008364602
-0.09857198
-0.09133185
-0.3077544
-0.1331204
-0.3732514
-0.4310743
-0.488687
-0.4212248
-0.03455945
-0.2206844
0.1409275
-0.01925144
-0.2460135
-0.2552774
0.08413107
0.441438
0.2454547
0.1558344
-0.398954
0.2517618
-0.4533935
-0.3467632
-0.008546265
0.05209832
0.3278364
0.5505648
0.2811225
0.3246954
-0.1421648
0.02332108
-0.06863943
0.2599579
0.4345987
0.3713947
0.5054813
0.1889314
0.4539515
0.2666892
0.06173264
-0.06536326
0.3316715
0.06388108
0.1858936
0.2035462
-0.1888135
-0.1047597
0.2740043
-0.02133688
0.08898167
0.01071298
0.1962704
-0.1408136
-0.2399547
-0.3676801
0.2129844
0.1696304
0.1680686
0.07598376
0.002507776
0.047986
0.08330291
-0.06545847
-0.1179972
-0.0297235
-0.1187088
-0.2216808
-0.2109204
-0.1774473
-0.06689929
0.03805749
0.179968
-0.0671782
0.09934476
0.08170822
-0.1245043
-0.01413747
-0.02780271
-0.1591174
0.4268633
0.2163239
0.3160988
-0.03934122
0.0609608
-0.1299153
-0.1023776
0.1226148
0.02805615
-0.03720847
-0.1946484
0.09885261
-0.2963555
-0.3230132
-0.2502378
-0.1226254
0.1119324
-0.05690899
-0.1025552
-0.1716581
-0.209151
-0.0109739
0.09316622
0.3936566
0.03177708
0.117813
-0.2212012
-0.05451049
-0.3728348
-0.3163342
-0.0155663
-0.06968871
0.161375
0.2418216
0.04645424
0.2604034
0.1027181
0.09076609
-0.06063078
0.1222191
0.3767947
0.4907887
0.3939011
0.1140547
0.4208275
0.1704132
-0.1271933
-0.3163517
0.1574724
-0.2661197
0.07898002
-0.03095033
-0.3097674
-0.00474369
0.4769658
0.1564458
0.298964
0.3783766
0.4521416
0.1335126
-0.408395
-0.3988854
0.2640819
0.1385046
0.2411802
0.1941795
-0.01791124
0.09610902
0.03057887
-0.09935786
-0.02778737
0.07109413
0.03994909
-0.1817949
-0.3702426
-0.08873486
-0.1268735
-0.02890362
0.4644148
0.2381307
0.08009238
-0.08266433
-0.01093844
0.1949003
0.1732831
0.0871272
0.247257
0.5197515
0.04140381
0.09807425
0.1336641
0.1376745
0.002032135
-0.02446321
-0.4480829
-0.2144349
-0.02758375
-0.2386295
-0.2060001
-0.3123838
-0.4151926
-0.2815554
-0.4119686
0.1053131
0.134478
0.0107062
-0.0452421
-0.02414672
0.03952605
0.03807685
-0.0452854
-0.09241043
0.2809439
0.002022512
-0.1029691
-0.1196431
-0.003148872
0.1720155
0.1742719
0.1186592
0.0721143
-0.1672461
-0.06673871
-0.2682343
0.09318377
0.1496024
0.3679982
0.07700164
-0.2220555
0.06134072
0.01740726
0.1366187
-0.1277072
0.1177929
0.2097717
0.03768142
-0.03268606
-0.1483202
-0.3314415
-0.04549405
-0.1332906
-0.2193759
-0.03281492
0.01783128
0.01916391
-0.1799123
-0.1258845
0.2483013
-0.001529452
-0.01957506
0.04472351
-0.08022513
-0.07489035
-0.2249525
0.3818726
-0.04722109
0.05269641
0.02676431
-0.3461386
-0.03225678
0.1586762
-0.3679762
-0.1247427
0.2031115
0.1460491
-0.157174
-0.1254729
0.45964
0.3830665
0.2499854
0.2283001
0.4049347
0.3104661
0.1513984
0.07187742
0.03230921
-0.2234731
-0.1782313
-0.1177195
-0.3019135
-0.2735476
-0.2591065
-0.1672666
-0.3970132
-0.4018058
-0.1282194
-0.2289749
0.2478168
0.3292434
-0.3500815
-0.4385762
-0.005214079
0.1419075
-0.02645286
-0.04541556
-0.3393656
0.3048587
-0.1045167
-0.1524825
-0.008354648
0.2471044
0.1947944
0.3250785
0.2514563
0.07036318
-0.2489425
-0.02039597
-0.01888889
0.09339176
0.04093633
0.04155826
0.1338294
-0.02942742
0.1965497
0.313567
0.1950987
0.08167015
0.1520633
0.235801
0.1372642
0.0990315
0.162351
-0.1354561
-0.1174245
-0.1678846
-0.2913458
-0.2680546
-0.204048
-0.2636227
0.1306389
-0.04226706
0.1007427
0.1719428
0.05602198
-0.1641406
0.3192096
0.04628248
-0.2785367
0.1722513
-0.1102908
0.02957642
-0.1510209
0.06026523
0.1493295
0.03973729
-0.03201191
0.3797812
0.518293
0.1894932
0.2162484
0.05220656
0.1890477
0.1426407
-0.1854083
0.08198786
-0.2277106
-0.149823
-0.302317
-0.05630851
-0.2118527
-0.271905
-0.2500401
-0.1951078
-0.2316694
-0.1693473
-0.123735
-0.1986044
-0.2921841
-0.2221566
-0.2570843
0.3001187
0.2303072
0.09808238
0.07330686
0.1404869
0.2998991
0.1484264
0.01236736
0.1532142
0.335857
0.2467326
0.2356521
0.198605
0.2016029
0.1588732
0.3292525
0.05866585
0.03561354
0.01678329
-0.05686874
0.2793912
0.1683276
0.05161232
-0.02949169
-0.1190678
-0.2310903
-0.06225656
-0.08369775
0.0164194
-0.03470269
0.280667
0.1494898
-0.03536738
-0.280326
-0.1587502
-0.1444306
-0.07705426
0.03526102
-0.06299586
-0.02574232
-0.2614013
0.08849463
-0.3119804
-0.1333249
0.003451613
0.04034974
-0.2731282
-0.1571018
-0.4134547
-0.3336376
-0.1477264
-0.1329708
0.2622905
-0.1484728
-0.2227355
-0.2872049
-0.05315056
0.05787217
-0.1788547
-0.3173653
0.1610758
0.2628543
0.0211285
0.05651322
0.01582059
-0.2009539
0.05985127
-0.1390604
-0.0303043
-0.1996186
-0.0331161
-0.3163274
-0.1945877
-0.2687856
-0.311679
-0.3904797
-0.2788681
-0.2722951
-0.2417002
-0.4217558
-0.3315093
-0.418812
0.2499076
0.1944037
0.02066111
-0.08372769
0.1406342
0.3145667
0.1355099
0.1508316
-0.0198833
0.2932866
0.06547249
0.1616225
0.06711077
0.167355
0.2723549
0.3760127
0.2391567
0.0931376
0.217636
-0.0130751
0.1425504
0.004176121
0.06998457
0.09500814
0.02037921
-0.02628116
-0.007617714
-0.1137688
-0.01570793
-0.005681928
0.06312091
0.005945693
-0.1257659
-0.1416058
0.02762051
-0.1787855
-0.1887267
-0.1331077
0.04644814
-0.06869963
-0.1709893
-0.05204585
0.005822663
-0.1756696
-0.2197813
-0.009142773
-0.1972088
-0.185836
-0.1708592
-0.1719691
-0.1257267
-0.02689954
-0.04944331
-0.1771001
-0.1662189
-0.1070539
-0.1184441
0.1241444
-0.1341336
-0.1348239
0.216147
-0.2724863
-0.03632681
-0.04838913
-0.01204076
-0.1680618
-0.2186232
-0.3845471
-0.3417369
0.1482339
-0.1790097
-0.2028057
-0.343531
-0.1211343
-0.2524367
-0.01060383
-0.1117673
-0.1039414
-0.06207413
-0.2216563
4.990291e-05
-0.1759826
-0.1392201
0.03384441
0.02673604
-0.06107991
-0.1088225
-0.06760558
-0.09407672
0.6184018
0.3302034
0.2743885
0.3243554
-0.1273738
-0.1464845
0.2742507
0.1736623
-0.1609235
-0.004585306
0.06678819
0.03891035
0.2821448
0.05385832
-0.1725472
-0.1992441
-0.2788704
-0.1148197
-0.2635298
-0.02513007
0.02993275
0.06832245
0.1654458
0.2420469
0.03788404
-0.0132784
0.06715084
-0.04954615
-0.1394511
0.2065575
0.124108
-0.03513004
-0.2618701
0.02068429
-0.09061668
-0.1276972
0.1736771
0.01581181
-0.05985543
-0.1417632
-0.06783414
0.05100045
0.1328106
-0.144019
-0.09329217
-0.2768078
-0.1667202
-0.1003887
-0.1166354
-0.09656054
-0.002897911
-0.05362759
-0.1915346
-0.1385139
-0.1251207
-0.1304144
-0.08615343
-0.2475762
-0.04073197
-0.1004019
0.1774411
-0.07445014
-0.009090798
-0.01375196
-0.02207726
-0.001768682
0.1043454
-0.01474886
0.1207488
0.01031505
-0.1544327
-0.05676639
-0.05268496
-0.02135636
-0.02009707
0.1354643
-0.1515831
-0.09583982
-0.07408183
-0.07656427
0.2446332
0.1297762
0.1130179
0.2096866
-0.03447613
-0.04230308
0.09178564
-0.002161931
-0.08876252
0.06359906
0.1630025
-0.2267046
0.2572545
0.1560376
-0.05092381
0.03404642
-0.03621686
-0.00799096
-0.1331686
-0.08515473
-0.05273853
-0.1491058
0.005488255
0.07114153
-0.1109974
-0.2178408
0.008353804
-0.02702186
-0.0654268
0.1974584
-0.000102779
-0.02036656
-0.319844
-0.0178533
-0.1054557
-0.002928228
-0.06336018
-0.1255359
-0.1186462
-0.1465311
-0.04076614
0.03917114
0.01015611
-0.07964333
-0.09895313
-0.37192
-0.2375695
-0.2254078
0.09492654
0.07277047
0.09403341
-0.01003324
0.3553922
0.3323922
0.1303482
0.3074138
0.6035409
0.01583111
-0.02572597
-0.07815698
0.1659071
-0.2674965
-0.002061926
-0.1186954
-0.1029412
-0.2274754
-0.2315278
-0.3529019
-0.2885774
-0.117666
-0.1909658
0.2675347
0.1500249
0.01362904
-0.1352742
-0.1389514
0.096485
0.2147878
0.1411666
-0.4354654
-0.05204541
-0.1973968
-0.252328
0.07640287
0.1967437
0.3303115
0.3287916
0.2317132
0.2603551
-0.1288439
-0.07250736
-0.1529103
-0.0195288
0.06406078
0.002697641
0.4048275
0.2222005
0.4761876
0.2946728
0.3333111
0.1562585
0.3307219
0.1768243
0.06345713
0.1556462
-0.1895002
-0.1794752
-0.009873584
-0.1378618
-0.2686078
-0.3303794
-0.1001482
-0.4401833
0.02771316
-0.148783
-0.0111009
-0.03362571
0.1108538
0.0497018
0.118228
0.03297739
-0.07563965
0.003970079
-0.05421199
0.08217108
-0.2778247
-0.01242475
-0.1547494
0.03055435
-0.04214597
0.2134819
0.1864271
-0.04509349
0.2584516
0.2052857
0.06183061
0.08284924
-0.05943877
-0.1056102
-0.2672713
-0.02881692
0.06888682
0.02406663
0.1145348
0.16031
-0.08210159
-0.2719262
-0.1731372
-0.1774795
0.2294327
0.3166968
0.08747169
-0.04191003
0.04658382
0.04210856
-0.1258303
-0.05352712
-0.1395167
0.04007385
0.3261728
0.1400804
0.1720813
0.1859246
0.07461141
0.01626108
0.006414526
-0.1630381
0.01206557
0.06132963
-0.1186072
-0.2216096
-0.2754915
-0.1371704
-0.2391468
-0.3259077
0.2594519
0.1610093
0.06577796
-0.05996162
0.07411027
0.4207929
-0.1689924
-0.06898741
0.2260636
-0.1476938
-0.3215709
-0.3119636
-0.2412726
0.02122842
-0.2865903
0.09238125
0.2636149
0.3071723
0.002517379
-0.1043994
-0.1749001
-0.2391691
-0.03818231
-0.2612444
-0.3241197
0.3164741
0.0007265487
-0.02299187
-0.1580505
0.1142931
0.2442638
0.2055287
-0.1838226
0.07515257
0.1863017
0.3739795
0.2929059
-0.08162197
-0.06947408
-0.2386523
-0.07982383
-0.371692
-0.1259893
-0.3574588
-0.1738446
-0.3472867
-0.370308
-0.4515818
-0.2988323
0.1242048
-0.1929793
0.04731705
-0.04418594
-0.2053592
-0.1095099
-0.04038272
0.3402675
0.04280195
0.1222054
-0.2460451
0.2065302
-0.1490524
-0.2463236
-0.02423326
-0.02516538
0.4576293
0.4034615
0.06266251
0.1983629
-0.1959428
-0.02077963
-0.02821387
0.1392432
0.2746135
0.1943935
0.3215418
0.08580089
0.5532844
0.3740385
0.08246842
-0.1940734
0.2847047
0.2240566
0.2463181
0.0372454
-0.2922587
-0.2007037
0.1585604
0.2019399
-0.1326073
0.01434412
0.003330166
-0.1691362
-0.2359761
-0.2149553
0.3338935
0.2456404
0.2207723
0.1583946
0.1379929
0.09258607
-0.2765315
-0.0002519969
-0.2077299
-0.02827832
-0.2210523
-0.1045691
-0.3402934
-0.06607893
-0.1003022
0.2274876
0.3028958
0.1377023
0.1099022
0.1777033
0.1132927
0.1654695
0.1765675
-0.1321286
-0.02175542
0.06424825
-0.008574562
0.07607558
-0.08973269
0.05758581
0.2582297
0.1577417
-0.1920903
-0.09628112
-0.4319585
-0.3482273
-0.1795765
-0.1913392
-0.04251401
-0.2305078
0.001481511
-0.0438389
-0.2430666
-0.2546687
-0.1347316
0.02228775
-0.03534595
0.05594552
-0.03743248
-0.06619969
-0.2041415
0.09178268
-0.01020843
0.2798113
0.1438913
0.202851
0.2706043
0.07019627
-0.139684
0.05689541
0.1858667
-0.2358314
0.04812614
-0.1373561
0.3797164
0.09928919
-0.07660845
0.07203782
0.1371874
0.05532251
-0.01509872
-0.2868523
0.2684257
-0.279959
-0.04312905
-0.05916013
0.05415176
0.03020378
0.2484572
0.1567367
0.2569295
0.3460632
0.04178458
-0.07673153
-0.2155592
0.03491211
0.2965636
-0.03342829
0.04377158
-0.1514757
0.04887046
0.1846974
0.08906216
0.006022607
0.01119734
-0.04576995
-0.1019808
-0.2015405
-0.2964752
-0.4173677
-0.1048866
-0.4453215
-0.3568714
-0.5062345
-0.5112799
-0.283825
-0.5205782
0.3316341
0.2908562
-0.1688028
-0.07446184
0.04746675
0.2672866
-0.03635334
0.1874769
-0.2562575
0.2463461
-0.171008
-0.1538429
0.2861555
0.3233078
0.2843102
0.3192665
0.246932
0.2103774
-0.008517323
0.09838906
-0.1066073
0.1150919
0.3345899
0.470908
0.3304667
0.03677347
0.3798013
0.2549184
-0.01126174
-0.2017416
0.1846746
0.08951508
-0.08513071
-0.1079381
-0.1748244
-0.3401908
0.03213081
-0.3009445
-0.1700925
0.04905605
0.107281
0.003420306
-0.1742938
-0.244803
0.2417656
-0.01918299
0.04092749
-0.1081678
0.06038157
-0.09292596
-0.2958047
0.285433
-0.2166254
0.03979882
-0.05308759
-0.2416337
-0.2085954
-0.1471675
-0.4759253
0.204574
-0.07896937
0.03865963
0.03160509
0.1039189
-0.141394
-0.05424707
-0.04007307
-0.05364443
-0.1209165
-0.2008778
-0.2373834
-0.09519224
0.0615202
-0.1395939
0.03379945
0.0433562
-0.0697994
-0.03869381
-0.1746751
0.046881
0.1047628
0.03941347
-0.3406689
-0.0586214
-0.09582007
-0.2217594
-0.03280912
-0.05011788
0.3167656
0.2595722
0.1908129
0.2965511
-0.3027852
0.1332707
-0.123321
0.05355005
0.1219901
0.01234929
0.3322267
0.1588865
0.5044205
0.3285536
0.4419742
0.07819751
-0.01449463
0.01882782
0.2527842
0.01224046
-0.160026
-0.1254061
0.08134797
0.02917919
-0.3359268
-0.337081
-0.01922446
-0.4722609
-0.03354558
-0.008327163
0.1959198
0.1759517
0.398927
0.1024564
0.3611899
0.3147978
-0.3320137
0.1272789
-0.2061131
0.06510877
-0.1100462
0.02383745
-0.3081026
0.01435454
0.1043563
0.2561523
0.6659362
0.2552857
0.159235
0.4296805
0.4494568
0.2172177
0.1577696
0.1151126
0.1236011
0.08901893
0.05841368
0.06459652
0.07124865
0.1226623
0.2183744
-0.2485559
-0.283337
-0.07474685
-0.06277117
-0.3017504
-0.03397223
-0.3963991
-0.08828082
-0.1762756
-0.05134644
0.1563501
0.2991379
-0.3746763
-0.2554931
-0.02341255
-0.1473251
-0.01176619
-0.1104778
-0.2382365
-0.1451909
-0.04302018
0.2379251
-0.01204273
0.04898894
-0.08376317
-0.08560113
-0.3141734
0.02426687
-0.3928771
0.01470355
-0.3001845
0.2824573
0.3831938
0.1818202
-0.09635665
-0.1884249
-0.1282454
0.09084514
0.2278772
0.05648588
0.3108309
0.2425134
-0.3849737
-0.1788893
-0.2497939
0.02023541
0.04703021
-0.08908372
0.024216
0.1500931
0.1331381
0.1989368
0.3878074
0.3713473
0.4680097
0.1355518
0.06789252
-0.06625436
0.381502
0.2639033
0.4065814
0.2431378
0.2642918
0.1881298
0.1692464
0.2318642
0.1207119
0.04292879
0.01315574
-0.04294603
0.1826179
0.3565358
-0.05899813
-0.1030549
-0.1182779
-0.2477722
-0.1172025
0.1218783
-0.2811699
-0.1491947
0.06880404
0.1399252
0.1380702
0.2758502
-0.479093
-0.5252963
-0.1974048
-0.2778821
0.01595138
-0.1553329
-0.424911
-0.2618367
0.1231339
0.1867039
0.009066629
0.05323128
-0.1787343
-0.05922307
-0.2039829
-0.07067598
-0.4368875
0.1316747
-0.2579508
0.09280618
0.2871194
-0.03561694
-0.3625246
-0.3430718
-0.2766318
0.06053584
0.1246897
0.04729439
0.4212205
0.4223834
-0.2457015
-0.2563366
-0.3033924
-0.04616676
0.1639364
-0.01464497
-0.1403427
0.3759324
-0.06662043
0.1259042
0.3295249
0.3740565
0.5491638
0.1158065
0.02878774
0.1185726
0.345376
0.3338448
-0.1148627
0.05148776
-0.04762687
-0.07661732
-0.1056855
0.02595546
-0.03080024
-0.2837882
-0.05938198
-0.08119354
0.1219659
-0.07456229
-0.1411604
-0.1660712
-0.3433318
-0.1147755
0.1307275
0.170404
0.06062518
0.1264241
0.3112883
-0.06023943
0.09224361
-0.1182069
-0.1783299
-0.1230273
-0.08989779
0.04069278
-0.03513641
-0.1220946
-0.1595849
0.08397982
0.1816822
0.09688531
0.2170408
-0.3271975
-0.0135508
-0.01461874
0.2140518
-0.3574014
0.1363566
-0.279341
0.030046
0.1182198
0.05210901
-0.2385463
-0.005949289
-0.2125201
-0.2367084
-0.05197814
-0.1825573
-0.02463097
0.03490089
-0.06474128
-0.2216549
-0.07029226
-0.1054491
0.2511122
0.2035432
-0.08495078
0.2830948
-0.02527987
-0.1682788
0.08427456
0.0712463
0.1322435
-0.0311281
-0.08549666
0.08368453
0.3323567
0.073017
0.411514
0.4932363
0.1974718
0.1843397
0.2139428
0.2936586
0.1034141
0.2538367
0.005296081
0.04061383
0.2618189
0.20454
-0.1081767
-0.318637
0.08816117
-0.01149531
-0.002442989
-0.5101122
0.04045953
0.1043255
0.01421359
0.04258478
-0.1787034
-0.187959
-0.09066247
0.09146583
-0.08691005
-0.01339865
-0.1999374
-0.03093172
0.03700632
0.05476602
0.2967809
0.3373353
-0.1202473
-0.09108166
0.1215612
0.02437436
0.1046533
-0.04775951
-0.08798104
0.06251075
-0.3454749
0.07617855
0.05202454
0.06600181
0.02103432
-0.01479169
0.2397436
-0.1418462
-0.04568222
0.06381047
0.01758777
-0.1816573
0.01417488
0.08545864
-0.05681465
0.1089401
0.2285617
-0.009431087
0.05577192
0.01135562
0.01970994
0.0154687
0.06606394
-0.139491
0.09191681
-0.07029733
0.3970243
0.5732501
0.4543854
0.4979873
0.4535111
0.4914345
0.4845582
0.4141777
0.4668586
-0.2335548
-0.1176569
-0.05520418
-0.05129063
-0.2349454
-0.3752874
-0.1922437
-0.2965602
0.05330539
-0.3537287
-0.004937728
0.0865128
-0.02887991
0.02113289
-0.4122633
-0.3560003
-0.1612898
-0.07856509
-0.01218794
0.007017665
-0.08768052
0.08284369
-0.02816278
0.06193842
-0.05052539
0.03201088
-0.4117706
-0.3675732
-0.02174298
-0.03868882
-0.2069913
-0.3091373
-0.05948013
0.1102389
0.1047662
0.4509582
0.08369159
0.03912908
0.105413
0.07312396
0.4350211
0.1818659
0.1257694
0.143054
-0.2407259
-0.1243791
-0.02921882
0.0859865
-0.0363616
0.1729785
0.2352449
-0.07474524
0.1071462
0.2212962
0.5068952
0.02069513
0.3185221
-0.07259312
0.1878563
-0.2349401
0.4399326
0.3269022
0.4612689
0.410619
0.5007129
0.49524
0.4622724
0.5065503
0.005203158
-0.03757416
-0.1394237
-0.08180459
-0.1044205
-0.05814845
-0.3405492
-0.1277845
-0.2871046
-0.2957909
-0.1863538
-0.07430446
0.2007128
0.1608984
-0.4129924
-0.2380406
-0.1215253
-0.08340906
0.1024996
-0.0623413
0.01978994
-0.07068947
-0.1968228
-0.2326095
-0.04495889
0.1243387
0.1275209
-0.01696589
-0.1063365
0.02846088
-0.1321879
-0.1894441
-0.08322968
0.1289825
0.3766622
0.4604274
0.04203223
-0.09985206
0.2438315
0.2372542
0.1311428
0.09585781
0.3322497
0.2125952
-0.3364722
-0.1359769
-0.1923701
-0.1288036
0.00796171
-0.1155779
0.3562723
-0.2593311
0.3205953
0.1525832
0.09913333
0.2983791
0.4471217
-0.05456278
0.3529091
0.1098352
0.6130048
0.8138545
0.7547225
0.6917981
0.6602343
0.5088728
0.6007871
-0.1461387
-0.06810009
0.3046071
0.3110645
-0.3068653
-0.4719336
-0.157859
-0.445491
0.0879734
-0.5906542
0.3200604
0.2071987
0.03753968
-0.01466112
-0.4016933
-0.4791777
-0.3319834
-0.1813307
0.1902683
0.01288998
0.02849642
0.04318701
-0.3063502
-0.3888327
-0.2441106
-0.1887598
-0.3033978
-0.4459928
0.020449
-0.20467
-0.07752679
-0.121013
-0.05353541
-0.05138594
0.1012087
0.3586343
-0.01290113
0.002358883
0.1258905
0.1151145
0.1900603
0.2559887
0.2654164
0.4093128
-0.2322665
-0.1925574
-0.08943491
-0.01668842
-0.1825442
0.02562762
0.2644655
-0.1533996
0.1816574
0.05785735
0.2838013
0.1700608
0.4264863
0.1994947
0.4019478
-0.2478793
0.5946192
0.5854379
0.5033667
0.4301069
0.388787
0.3306817
-0.0496177
-0.0811452
0.2325695
0.4037301
-0.1856999
-0.3018242
-0.3208425
-0.369957
-0.05577018
-0.5203515
0.07127806
0.05357589
0.09800945
-0.04611839
-0.2378969
-0.3275416
-0.2168666
-0.172183
-0.02970888
0.0136341
-0.1443297
0.03850229
-0.1310022
-0.04331991
-0.05638669
-0.1681512
-0.09388481
-0.1658765
-0.03485814
-0.3286049
0.03474898
-0.1686662
-0.02216047
-0.1221975
-0.01618437
0.1792422
0.1209484
0.01531856
0.1470731
0.2021293
0.2632007
0.1993222
-0.02609743
0.08424671
-0.0002050422
-0.05363175
0.0188129
0.1150653
-0.1434048
-0.01401696
0.1385789
-0.06398869
0.02859098
0.173316
0.1927251
-0.09517847
0.1911576
0.06655205
0.1238448
-0.2320936
0.8806541
0.8227305
0.7156849
0.5608549
0.6419723
-0.2506519
-0.1861595
0.2295008
0.2730144
-0.3397906
-0.5457158
-0.2873828
-0.5415264
0.2386555
-0.4940834
0.3675585
0.2050816
-0.07117211
-0.1596105
-0.3759726
-0.4540173
-0.3347798
-0.2949974
0.002208038
-0.00700096
0.1410345
0.08429185
-0.4101779
-0.3671179
-0.3722885
-0.216839
-0.3163918
-0.3314046
0.04363417
-0.1794244
-0.05819583
-0.05821463
0.00618082
-0.003651456
0.2146624
0.3266187
-0.07292021
0.1031945
0.06471099
0.05213039
-0.007687848
0.2160866
0.3331187
0.4761827
-0.1370697
-0.2023111
-0.05428568
0.02332673
-0.1443386
0.03744143
0.2471931
-0.1269826
0.133012
0.02046096
0.1572483
0.1448007
0.4773016
0.1556725
0.363784
-0.1999102
0.802285
0.6732806
0.529608
0.5730889
-0.1305007
-0.00319882
0.2260377
0.285786
-0.2421595
-0.5179799
-0.293466
-0.4437763
0.1992031
-0.5088993
0.4255404
0.2534393
0.01605187
-0.00976027
-0.5450568
-0.5583288
-0.3110955
-0.4159191
0.002416512
0.003191406
0.1043654
0.07242793
-0.3919614
-0.369461
-0.3805983
-0.2300976
-0.4050441
-0.3548657
-0.008337172
-0.1967078
-0.06921847
-0.09395064
-0.007429988
-0.1355018
0.2205283
0.2909884
-0.1581582
-0.07233022
0.07528261
0.07481108
0.01607963
0.2667176
0.3497129
0.4397057
-0.1664197
-0.2077935
-0.09330632
-0.03654747
-0.1555987
-0.111639
0.2311812
-0.09284454
0.2102074
0.08258453
0.1897039
0.1591588
0.517103
0.1807852
0.2612233
-0.1638781
0.8265248
0.5232529
0.6591828
-0.2932031
-0.2125324
0.2055384
0.241296
-0.1571976
-0.4781936
-0.2364253
-0.3524351
0.2410471
-0.5074937
0.2506741
0.1225255
-0.07643519
-0.181537
-0.5042171
-0.5135906
-0.2531167
-0.2694349
0.05260735
0.05571322
0.1485303
-0.01011077
-0.3689571
-0.261667
-0.3509036
-0.1562953
-0.3998484
-0.4736163
0.04409669
-0.1027122
-0.2142242
-0.2553111
-0.07129864
-0.06521807
0.1646398
0.4205615
-0.01875627
0.02259143
0.08540741
0.04731906
-0.001986465
0.2285428
0.2361285
0.4056953
-0.2458732
-0.2235249
-0.07786405
-0.04882806
-0.182556
-0.07807648
0.3140982
-0.1163548
0.293394
-0.01136445
0.1375597
0.1410423
0.3616486
0.08358528
0.2672716
-0.2431453
0.6339684
0.8177692
-0.3842697
-0.2931627
-0.009302376
0.1210531
-0.2184987
-0.4579961
-0.1983488
-0.40489
0.2232678
-0.5126459
0.07769714
-0.02356177
-0.1023026
-0.2039502
-0.4666846
-0.459332
-0.2750585
-0.1932373
-0.09419978
0.054677
0.1829502
0.02473583
-0.281294
-0.2981139
-0.192636
0.04748449
-0.3282018
-0.2856637
0.06967633
-0.0214526
-0.1733549
-0.3965205
0.09724612
0.06791879
0.07337339
0.518774
0.2032793
0.1925963
0.1166747
0.001125206
0.1510947
0.07384597
0.147624
0.3117688
-0.1520207
-0.1019393
0.07892811
0.1053691
0.01630521
0.1627754
0.4519116
-0.2993637
0.2023259
0.03418652
0.196782
0.2714244
0.2210239
-0.06853389
0.4333243
-0.07278083
0.6890821
-0.4055707
-0.3955368
-0.162876
-0.03359269
-0.2398901
-0.2366749
-0.1579172
-0.4899804
-0.04867444
-0.4893337
-0.1470207
-0.2765835
-0.2053645
-0.2827541
-0.151321
-0.1218245
-0.1503246
-0.06614026
-0.06232194
0.1792273
0.236648
0.3475082
-0.08812062
-0.2520298
-0.02551991
-0.0687438
-0.09389479
-0.1629252
0.129245
-0.3231581
0.0267012
-0.3875091
0.4723576
0.07699923
0.03994696
0.3953001
0.3709988
0.3637195
0.1326549
-0.002165665
0.2749163
0.05675348
0.1665292
0.1837707
0.03311065
0.1153471
0.3314823
0.2066525
0.1147119
0.2474681
0.1536625
-0.2580335
-0.01020512
0.1046111
0.262052
0.1323895
0.1086435
0.00949411
0.4942443
-0.002044288
-0.551324
-0.4877044
-0.1255263
-0.1739828
-0.1408957
-0.329905
-0.1362192
-0.4313996
0.1897793
-0.454171
-0.060806
-0.1051497
-0.3215938
-0.3210961
-0.3567079
-0.366749
-0.3020645
-0.1868754
-0.04386495
0.06488503
0.1482126
0.06089862
-0.2705637
-0.3307043
-0.1072177
0.0677295
-0.2612536
-0.192875
0.07237381
0.05659333
0.01605594
-0.3061623
0.1401013
0.3529979
0.148531
0.6786341
0.2973119
0.3263916
0.1562392
-0.04581305
0.118783
0.04995703
0.2174719
0.2841724
-0.1653784
-0.05935938
0.1455251
0.2350174
0.0571207
0.2737649
0.5272483
-0.388168
0.1306721
-0.04651079
0.1392945
0.3333963
0.2636044
-0.08394996
0.5321227
-0.02607584
0.8176016
0.07478223
0.2225817
0.05726044
0.2217437
0.01024875
0.3251122
-0.3936232
0.1615394
0.1306698
0.2857937
0.7653541
0.7443986
-0.1123548
0.09746946
0.2279476
0.05228665
0.07781574
-0.1254921
-0.04548792
-0.1198031
0.193565
0.05022241
0.109431
-0.01025219
0.129397
0.05759592
-0.1952158
0.04225529
0.05089078
0.1659172
-0.2444295
-0.2769177
0.04233311
-0.4056071
-0.3500963
-0.5527776
-0.06963443
0.1363117
-0.06803549
-0.003854538
0.06865861
-0.1046582
-0.1126688
-0.135783
-0.4338536
-0.4279515
-0.2691008
-0.5206762
-0.1796962
0.06734598
0.03446872
0.1129674
-0.1238766
-0.03490122
0.2337961
-0.1121751
-0.2574524
0.03726475
0.07312068
0.1650978
0.01748629
0.1132603
-0.05640172
0.31419
-0.2859549
0.1303128
0.2917059
0.3919395
0.7754444
0.8098386
-0.2695029
-0.04697569
0.133394
-0.0310181
0.03718185
-0.09220839
-0.1417436
-0.2142338
0.0678728
0.01462718
-0.01427821
-0.03338778
-0.05272586
0.008816089
-0.1981833
0.02687223
-0.05540632
0.2380949
-0.3493256
-0.3762701
0.07110842
-0.4310487
-0.5227652
-0.6204507
-0.1385779
0.1195542
-0.06957621
0.03242184
0.1388736
0.03458573
-0.1406809
-0.2080866
-0.4658864
-0.5793473
-0.1806783
-0.5305619
-0.2225076
0.20322
0.1019142
0.1177825
-0.04863382
0.101603
0.3026306
-0.106865
-0.2927407
0.06716555
0.698364
0.07442855
-0.09162816
0.1964927
0.17665
0.252605
-0.2357255
0.5984479
0.4575767
0.05841776
-0.06533738
-0.08130474
-0.1652323
-0.0690319
-0.03875016
0.1237338
-0.1249359
-0.1820471
-0.0876169
-0.1470727
-0.1956733
-0.2161864
-0.09472221
-0.09976699
-0.2203813
0.08083373
-0.02975094
0.2947277
0.2986485
-0.305283
-0.188478
-0.3503463
-0.2255647
-0.3229873
-0.1293095
0.05101966
0.2392361
-0.02970779
0.3638563
-0.0410222
0.1544235
0.0250967
-0.09325137
-0.1471444
-0.02087586
-0.5215871
-0.2618813
0.01682637
0.07606819
0.304799
0.06102438
-0.1838377
-0.2120207
-0.07899271
0.194785
-0.2750622
-0.4063812
-0.1499668
-0.07989897
-0.05602322
0.06124425
0.1250017
-0.2028598
0.5472334
0.409513
0.2683353
0.0141283
-0.09360684
-0.1922972
-0.1384488
0.007000848
0.1416592
-0.1324574
-0.03429179
0.0624591
0.05803509
-0.05798321
-0.1122922
-0.164853
0.0193602
-0.2110418
-0.08349096
-0.2708112
0.09668444
0.1323775
-0.20933
-0.4608256
-0.3828975
-0.3830309
-0.1602158
-0.08288147
0.1218122
0.3115402
0.0323916
0.2901733
-0.2720712
-0.06322826
0.3012608
-0.1524842
-0.04898205
-0.02480737
-0.4540802
-0.2559052
-0.02732837
0.0319239
0.1215397
0.07702938
-0.1313493
-0.3808898
-0.141601
0.1255299
-0.2113438
-0.3466003
0.516686
0.4098834
0.3728288
-0.0305538
0.211087
-0.1088652
0.01711252
-0.04073829
-0.01566835
-0.102088
0.1421749
0.23357
-0.05534245
0.02425929
0.161977
0.08680804
-0.07703935
0.02669687
0.1276211
-0.05370922
-0.05064895
0.04758067
-0.06596521
-0.06899555
0.07049954
0.02890312
-0.190352
-0.01817804
0.06566169
-0.06613413
-0.02243102
0.09191616
-0.1569913
0.0324588
0.1305119
0.0725388
0.1409667
-0.1623847
-0.0007542265
-0.0101435
0.07459055
-0.07481038
0.02880295
-0.1245948
-0.2340947
-0.1092049
0.06926653
0.2191438
0.1299757
0.01016967
-0.0780825
-0.06915142
-0.1267272
-0.1869731
-0.05965941
0.1994043
0.4552969
-0.35528
0.5279171
-0.2909418
-0.1231118
0.1526674
0.1473884
0.1963083
0.3946298
0.08268441
0.07489508
-0.03787944
-0.1117806
-0.118521
-0.05605256
0.3482133
0.1767793
0.2712294
0.009547424
0.4490413
0.1822771
-0.07307446
0.09699356
0.1936379
-0.1242609
0.008756527
0.07914829
-0.1620466
-0.222096
0.2110055
-0.09628717
0.07560498
0.2010965
0.1010528
-0.02061085
-0.2991131
-0.3995145
0.1002689
0.1463897
-0.009650262
0.02801132
-0.1979667
-0.2486706
-0.07342736
-0.1490877
0.09637254
0.1061537
-0.1291007
-0.1365478
-0.3448285
-0.1867099
-0.227643
-0.1198934
0.4193081
0.03840588
0.02242697
-0.02023491
-0.01679305
-0.1594423
-0.1313076
0.2063927
0.2150194
0.2621353
0.2244529
0.08446254
0.1498187
0.1817037
0.1475111
0.2012282
-0.086524
0.1911966
0.1447482
-0.007836084
-0.06923842
0.2007492
0.1361186
0.294359
0.01195195
0.168957
0.02825248
-0.4126263
-0.08964424
0.173239
-0.02779378
0.01511941
-0.2036044
-0.03868182
-0.1090119
-0.1459236
-0.01594529
0.07981913
0.09037143
0.1218714
0.09558331
-0.0353612
0.18855
-0.005971516
-0.08704216
-0.006797837
-0.1535328
-0.1303681
-0.1566062
-0.2466249
-0.06241851
-0.07872595
-0.03065893
-0.2018248
0.2916071
-0.03659586
0.2088559
0.2041407
0.1916981
0.0004483089
0.03762676
0.08222742
0.01167078
0.06038295
-0.05417974
-0.1906921
-0.2238529
0.4171551
0.2192427
0.3194991
0.4413644
0.1767184
0.1982577
-0.08981361
0.3368471
0.1047942
0.1056738
-0.3273694
0.08411471
-0.166878
-0.3191046
-0.1265798
-0.3463682
-0.1491176
0.08001614
-0.1289278
-0.05978567
-0.07973311
-0.1715656
0.07762451
-0.07025975
-0.06694607
-0.05986457
-0.08394357
-0.1917501
-0.02617327
0.08361053
0.08522674
-0.107283
-0.3380314
-0.0467871
-0.1998509
-0.2358245
-0.4686161
0.106415
0.04902952
0.4265061
0.2914777
-0.297893
-0.3199623
0.02055437
-0.06431068
-0.1667058
-0.1094497
-0.01397062
-0.07552508
0.3551616
0.2007014
-0.2604465
-0.2914127
-0.3285627
-0.05065096
-0.4756523
-0.2412812
0.2320129
0.08493449
0.1342022
0.09408083
0.1108169
-0.1012353
-0.1282964
0.1647116
-0.06149246
0.3041819
0.08567902
-0.1673083
-0.1554909
0.1182141
-0.1653487
0.1102133
0.1170984
-0.0382965
0.06785344
0.04110851
-0.105879
0.1314861
0.1711717
-0.1278454
0.1396907
-0.2093061
-0.06170319
-0.1825352
-0.07419856
0.02459243
-0.1019585
-0.179233
-0.0391748
0.171769
0.05130397
0.1208024
0.2894052
0.4104038
0.0077018
-0.0172104
-0.1920525
-0.2553297
-0.02908357
-0.006617824
0.2636576
0.1538875
0.0400661
-0.05438269
0.0809064
0.1920373
0.03014855
0.3156276
0.01363544
0.2741485
0.03823374
0.1405142
0.0823568
-0.2468782
-0.09548507
-0.09626391
-0.09548971
-0.0420665
-0.2005
-0.0948218
-0.202975
-0.2808882
0.1942463
0.07387451
-0.1845358
-0.08961051
-0.01671025
-0.1177396
-0.1089717
0.04681723
-0.05089535
0.01079418
-0.09511799
-0.2376922
-0.1291071
-0.1517815
-0.2994735
0.005115215
0.727261
0.109681
0.05755256
-0.1570043
-0.2929788
-0.1200243
-0.1641358
0.03625054
-0.0370877
0.03144382
-0.08500518
-0.2366346
-0.2535243
-0.4124654
-0.2469896
-0.2800528
-0.2264456
0.07238356
-0.0499525
0.02018818
0.4322914
-0.2432811
-0.3546603
-0.1391986
-0.2133162
-0.5161486
-0.1214027
-0.06727042
0.09855932
-0.2064696
0.3031431
0.05338729
0.3522795
0.09075249
-0.08320246
-0.2715372
-0.1546573
-0.3393649
-0.154414
-0.2007197
0.1334363
0.1455742
-0.07217414
-0.09177696
-0.09808255
0.2107683
0.2252641
-0.2065127
-0.2518017
0.2941829
0.2918974
-0.1863564
-0.1844254
-0.2067133
-0.2453737
0.1898326
-0.111458
-0.02131292
-0.1237187
-0.03358141
-0.1638786
-0.2470891
-0.01916388
-0.3654708
-0.1711448
-0.1826815
0.168006
0.01583271
0.3792616
-0.4086801
-0.1272152
0.08900036
-0.1411409
-0.4666663
-0.2550993
-0.0001894343
0.1337206
-0.1768469
0.2020954
0.1362527
0.2161278
-0.03804202
-0.2000168
-0.3636907
-0.2469216
-0.3060211
-0.2328101
-0.04899656
0.03173192
0.1233303
-0.02546936
-0.03224586
-0.05354025
0.2660277
-0.07651139
-0.2698538
-0.1941551
0.83958
-0.2288414
0.02141873
0.1540547
0.1197681
0.1304022
0.006190468
-0.03151889
-0.1465029
0.1136339
0.04076151
0.008566531
-0.04512213
0.04831462
-0.03282604
-0.3002799
-0.01844606
-0.04902932
0.04411794
-0.3780541
-0.3731461
0.03501477
-0.213279
-0.2556045
-0.5300497
0.05839289
0.2878966
0.1195547
0.1779516
0.03601934
-0.05084244
-0.1979632
-0.230776
-0.4710576
-0.5238662
-0.3332279
-0.5399026
-0.07052003
-0.02069068
0.1343702
0.2367048
0.05954071
0.03999081
0.1622386
-0.2511992
-0.2369978
-0.06246047
-0.2542454
0.05546423
0.175617
0.08537601
0.1264565
-0.08245373
-0.1124687
-0.1723823
0.09490753
0.08382039
0.1321709
0.06100588
0.00409843
0.02115404
-0.2723032
0.1184166
-0.0340299
0.1094834
-0.3634897
-0.2112968
0.1034427
-0.2017616
-0.3741496
-0.5663226
0.05158818
0.1397151
0.1298109
-0.01150419
0.1310241
-0.1085981
-0.3637064
-0.2744542
-0.4661283
-0.5574702
-0.1742425
-0.493672
-0.04671938
0.03709284
0.180301
0.2990634
0.1252088
0.1372956
0.2846913
-0.1897263
-0.1858759
0.09526415
0.7358867
0.2527893
0.4817834
-0.03880204
0.1721204
0.1902723
0.2982452
0.1493858
0.0115522
0.2620494
0.05536008
0.3925394
0.1678327
0.2054322
-0.06251319
0.3205221
0.1546395
0.3218489
-0.03050673
-0.2182641
-0.1744328
0.2776387
0.3444903
-0.1287568
-0.2813898
-0.2662301
-0.3380198
-0.2856922
-0.3166659
0.3004474
0.2885474
0.3769627
0.1048683
0.2105654
0.333993
-0.3018388
0.02361921
-0.3846941
-0.2892729
-0.3381825
-0.3781734
-0.5954739
0.06214047
-0.08207321
0.1219011
0.4746849
0.567358
-0.1352571
0.1619105
0.2559499
0.3422127
0.2054616
0.04085237
0.3252885
0.09970463
0.392827
0.1876406
0.2858817
0.05482762
0.3943106
0.0910607
0.3624561
-0.02573269
-0.2579347
-0.1774443
0.2169329
0.09508987
0.08005104
-0.2090534
-0.06109102
-0.3213487
-0.3614718
-0.4809074
0.2020553
0.2306294
0.214608
-0.1315335
0.04077017
0.03575053
-0.143563
-0.09521241
-0.08240543
-0.03055775
-0.2356495
-0.4102177
-0.5031918
-0.2192959
-0.1142274
0.07578657
0.6532919
-0.09457047
0.4159107
0.1154692
0.09311146
0.1210435
0.09766636
0.1631505
0.04875036
0.1641426
0.0318299
0.09180681
0.08065592
0.1215859
-0.009517062
0.09962434
-0.187097
-0.1643016
0.01132058
0.03741864
-0.2573139
0.04072385
-0.1494772
0.04876038
-0.07924515
-0.1206344
-0.1055768
-0.01285141
0.04264086
0.08390573
-0.1913214
0.05337691
-0.002014285
-0.1912807
0.1037797
-0.08784786
0.09019458
-0.01482894
-0.1756465
-0.2063882
0.04100909
-0.1939753
0.1369997
0.04481062
0.3802177
0.1011628
0.214701
0.1820708
0.130996
0.2684528
0.1008821
0.3586655
0.05844272
0.166207
-0.006754291
0.1682676
0.02847566
0.1190835
-0.2029436
-0.404836
-0.0277923
0.1905467
0.01648777
0.1290621
-0.04049441
0.04624996
-0.1005282
-0.3328352
-0.2186262
0.09880565
0.02840994
0.0823188
-0.2097155
0.0063846
0.08352118
-0.0953374
0.07121752
-0.05818918
-0.04255747
-0.1202412
-0.2630649
-0.4085959
-0.08499076
-0.001127445
0.08527442
0.1721399
0.09131524
-0.1088411
-0.08886134
-0.08041493
-0.1829839
-0.1888844
-0.01754144
-0.1657081
-0.4243962
-0.3368709
-0.01490221
0.04130214
-0.2729333
-0.1985782
0.1953969
0.03359759
-0.04862183
-0.1929238
0.3208387
0.1738362
0.02841635
0.2655706
0.1593424
0.07759389
-0.2015945
-0.2017813
-0.1863284
-0.2830322
-0.05322358
-0.1460748
0.07219652
-0.008925281
0.02223387
-0.1433724
0.1121937
0.08185342
0.1181237
0.1108067
0.04280058
0.07043029
0.2172077
0.1153763
-0.0965818
-0.01486176
-0.1569548
-0.1543853
0.006467022
-0.07912091
-0.04128491
-0.1981282
-0.01457135
-0.204643
0.1282611
-0.1863168
-0.04322976
0.127275
0.1494114
-0.07383356
0.05255915
-0.07565234
0.001443397
0.03852664
-0.0784428
0.07522195
-0.02118148
0.04831992
0.1269337
-0.2293052
0.08382182
0.08119634
-0.2282893
0.1101281
-0.02128512
-0.1313126
0.1368083
-0.02479016
-0.1902574
-0.04604715
0.06077965
0.04927706
0.656764
-0.1850876
-0.3070421
-0.2060591
-0.1153846
-0.2104776
-0.2102871
0.05407795
-0.1831083
0.08790655
-0.2692066
0.3280308
-0.2605361
0.005833416
0.1637148
0.2510964
0.3116947
0.03385382
-0.2544853
-0.15488
-0.01556465
-0.1117339
0.006986268
0.07729312
0.03375455
0.2057484
-0.08366662
-0.009332416
0.08135438
-0.03039916
-0.3027201
0.07965192
-0.2542466
-0.1084722
-0.2041025
-0.03764697
-0.004332111
0.2425077
-0.0254303
0.117551
-0.09604419
0.08095888
-0.01110606
-0.09135003
-0.2210797
0.1561003
-0.2890308
0.2605895
-0.2114575
0.4503479
-0.1394109
-0.2534293
0.0577976
0.3135869
0.3012898
0.0155655
-0.2323197
-0.006087917
-0.04665236
-0.2312206
-0.1146792
0.2152393
0.07189946
0.3959423
0.1076116
-0.05430856
0.2256777
-0.005191635
-0.2200277
0.04479263
-0.1839193
-0.04423727
-0.4718334
-0.1771038
0.04179876
0.09497642
-0.1128885
0.4553582
0.6869797
0.4350063
0.2225734
0.1710288
-0.03998346
0.07095746
0.0632353
-0.06881836
-0.02483105
0.09441094
-0.2149125
-0.2009077
0.2753726
-0.1009224
-0.123824
-0.0322411
0.1412776
-0.149574
-0.2100677
-0.3637932
0.1927891
-0.03126569
0.2188586
0.2073915
0.06605259
0.1916728
-0.0387295
-0.04351833
-0.3245675
-0.06717221
-0.1349699
-0.2356937
-0.2804648
-0.2818428
-0.1964958
0.06192822
0.3684876
0.2015386
0.2597185
0.1626128
-0.1795154
-0.1019883
-0.2206691
-0.04902928
-0.2790813
0.1121858
-0.1688717
-0.2100802
0.06546484
-0.04376474
-0.1255076
0.2214237
0.3056208
0.07603216
-0.2052287
-0.1917777
0.08671979
-0.02142511
-0.03307327
0.2207193
-0.03485952
-0.006018949
-0.2086389
0.2753506
-0.1881657
0.1964644
0.150773
-0.1492428
-0.1511504
-0.1469218
-0.3084528
-0.0651666
0.6912856
0.4535847
0.275265
0.2015868
0.1338059
0.1866422
-0.1708292
0.117883
0.1803011
-0.3050038
-0.1154657
0.3194222
0.03153126
0.005901183
-0.1213594
0.2140813
-0.4924576
-0.1916038
-0.4782648
0.1482221
-0.03329917
0.3389353
0.1990894
0.287791
0.3210906
0.1269501
-0.1231466
-0.2946413
-0.06799769
-0.2546042
-0.1711776
-0.3460049
-0.2811887
-0.006756995
0.3025098
0.1829617
0.2753262
0.1670183
0.4341967
0.1752549
-0.08269737
-0.08812994
0.3683176
-0.1598295
0.06376235
0.1298149
0.05191287
-0.04618661
-0.1437379
0.01744662
-0.4071945
0.04801706
-0.2261918
-0.06622518
-0.02180542
0.2088927
0.167361
0.2529974
0.3285204
0.3559609
-0.251118
-0.08634187
-0.1565467
-0.3292868
0.0691536
-0.1776942
-0.3710747
-0.03648661
0.3317182
0.5323763
0.1261844
-0.05058591
0.1474172
0.1078195
0.02379887
0.0413804
-0.1753229
-0.2218233
0.1863245
-0.03727571
0.051302
0.2002812
0.02684302
-0.1693417
-0.1697566
-0.2786617
0.2473821
0.1282779
0.1943921
0.06412751
0.1738916
0.009041623
-0.1689576
0.1091764
-0.1069847
0.04869026
-0.3339957
-0.0669472
-0.3504261
-0.02055204
-0.03593614
0.3199259
0.09421464
0.1625563
0.1244268
0.306296
0.03048185
0.1656536
0.08029717
-0.1924145
-0.02166719
0.03288601
0.02510501
0.08131598
-0.08038846
-0.1810941
0.04191459
-0.1551647
0.2639733
0.2220955
0.1091886
0.0285015
0.4104563
0.1551814
-0.08610016
0.130317
-0.1742689
-0.0110017
-0.2701381
0.2282312
-0.08926083
-0.09132888
0.04701659
0.5335266
0.2215399
0.2578433
-0.01239885
0.4183507
0.08001847
-0.383105
0.04478761
0.04285585
0.1272519
-0.1076998
-0.3410809
-0.09762401
-0.3134359
-0.125345
-0.07938543
0.1703141
0.2089898
0.1648052
0.05823413
0.06777253
0.2462712
0.0192664
-0.08704066
0.01202789
-0.08363342
-0.2444988
-0.2231139
-0.1788341
-0.1304709
0.07512412
0.0355714
-0.01403193
0.1873279
-0.2348815
0.5500202
0.05508197
0.1307698
-0.04789783
-0.1060253
-0.1276519
-0.210053
-0.2065409
-0.2823842
0.1350867
-0.09345714
-0.1500406
-0.09390019
-0.04573381
0.03634282
0.05443772
-0.008824251
0.258429
-0.06069284
0.1840927
0.112885
-0.1723516
0.2170485
-0.03054832
-0.2639565
-0.1546145
0.03852093
0.1741368
0.2063205
0.04633779
-0.3741037
-0.03424377
0.1372941
0.06293853
0.1700235
-0.001728816
-0.08588141
-0.009552156
-0.1630335
-0.329008
0.1607308
0.2245662
0.1982062
-0.03336448
-0.2729461
-0.008716716
0.3020255
-0.4889371
0.1283119
-0.131853
-0.3936235
-0.4112728
-0.245732
-0.1896321
-0.2018266
-0.05097764
-0.2928396
0.05667102
0.04294064
-0.3250886
-0.4937129
-0.2341468
-0.06148916
0.03692073
-0.3754502
0.09175399
0.1448907
0.1489149
0.1446289
-0.02309621
-0.2399015
-0.2386563
-0.03762868
-0.1462474
-0.1087115
0.3122641
0.007656447
-0.1037251
-0.2524374
0.03613928
0.1622918
0.1028737
-0.2520478
0.1014194
-0.06825408
-0.1254179
0.06748557
0.3264457
0.4154993
0.06728075
-0.2809005
0.07589098
-0.3077224
-0.1478208
-0.1352929
0.3132058
0.4228438
0.4334041
0.1710636
0.3078005
0.3849784
-0.06823926
-0.2159229
-0.2086071
-0.02994053
0.08146372
-0.2236002
-0.1879393
0.05568209
0.323704
0.1920381
0.1732814
0.2491026
0.2012807
0.1203292
-0.1256805
-0.1246956
0.04691391
-0.1827392
0.291878
0.02079056
-0.1615226
-0.01243039
0.1243256
0.4103459
0.1529677
0.2480753
0.3270963
-0.126001
-0.04929649
0.1235233
0.04638689
0.3505989
0.08872297
-0.2107702
0.0844594
0.06116666
0.3414833
-0.13337
-0.1676139
-0.1169071
0.009179887
-0.2069657
0.08897784
0.6357456
0.367941
-0.3076922
-0.1260532
-0.1558288
-0.1627299
0.3057643
-0.06327301
0.005764266
0.1399821
-0.1508941
-0.04518276
0.1616377
0.5053774
0.5625259
0.1949548
0.2305965
0.248304
0.3302826
0.2111875
0.1013057
-0.06838995
0.07048869
0.1289669
0.2277364
0.3061297
-0.3285751
0.01144045
0.06064904
0.1421377
0.1316035
0.3190587
0.3894276
-0.3318004
0.05993472
-0.09800142
0.1878983
0.2870544
0.2079966
0.0374679
0.3459541
0.01762758
0.4695647
0.09203562
-0.06455849
0.2918077
-0.08094071
-0.2738275
-0.2637385
0.2141971
0.2629033
0.6243138
0.4636949
0.2243491
0.3912962
0.09842711
-0.3285817
-0.1384845
0.01573498
0.08321522
-0.1460833
-0.3813568
-0.1004742
0.2286257
-0.03717765
-0.02356548
-0.1678315
0.007533638
-0.1894755
-0.2577081
-0.0802153
0.2259078
0.3440503
0.4308177
0.5222955
0.1812532
0.4738552
-0.05124342
-0.2431736
-0.1698516
-0.1331398
-0.01503724
-0.09701495
-0.2599206
0.07788644
0.37876
-0.07342486
0.456025
0.4188574
0.230367
-0.182743
-0.3189335
-0.03475548
0.06534984
-0.1167179
-0.2228593
-0.1041451
-0.07980877
0.490478
-0.3256351
0.2845301
0.1407013
0.1722565
-0.1098855
-0.01123566
-0.07564178
0.1873261
-0.01446772
0.3830039
0.7108931
0.06088355
0.01691445
0.1270248
0.03350948
-0.3588706
-0.150617
-0.3321196
-0.3355307
0.0890087
0.0295952
0.2181579
0.3269717
0.1542126
0.003659708
0.1228211
0.05749609
-0.1298133
-0.1579879
0.2468721
-0.1396224
-0.2229615
0.02233641
0.03306805
0.08920721
0.2077404
-0.07051579
0.04523844
0.1042518
-0.1356188
0.09825992
0.6776915
0.6593632
-0.04744267
-0.05064949
-0.1077251
0.0482544
-0.2001325
0.1575777
0.3353826
0.03282552
0.07578577
-0.3310309
-0.08133392
-0.4590193
-0.3131644
0.01902653
0.09454494
0.209566
0.1998793
0.2367306
0.02766919
0.2389324
0.2472498
-0.1980937
-0.3638058
0.5965693
-0.3308323
-0.1217799
-0.1888905
-0.1246948
0.1991144
0.03803347
0.05070074
0.1023595
-0.2027864
0.007386295
0.09261599
0.6134297
0.5885011
0.1810961
0.2170603
0.2741282
-0.1558544
-0.05435143
-0.24759
0.01783003
0.04740779
0.05205837
-0.1781306
0.3142315
-0.05990621
-0.1001972
0.1747547
0.5299492
0.5447232
0.3507678
0.1481563
0.06962361
0.2232147
0.3822907
0.2016046
0.2035147
0.214888
-0.1748881
0.2298212
-0.2541645
-0.01421718
-0.2076657
-0.3469133
-0.3415648
-0.01403493
-0.2032584
0.1720124
0.3114848
0.2396656
0.1802728
0.2991282
-0.181075
-0.181065
-0.1339509
-0.008228524
0.003268285
-0.06578728
-0.2211329
0.02544376
0.03877216
0.1208686
0.4513022
0.4770551
0.5516461
-0.09864946
-0.09934096
-0.2303822
-0.0797337
-0.1063061
-0.1883676
-0.4824971
0.06434005
0.09364278
0.2130511
0.1042926
0.4858908
-0.02989475
-0.1261308
-0.2642639
0.1173049
0.1132915
0.003693262
-0.2152838
0.2119879
0.05695721
-0.1486547
0.6266662
-0.1603346
0.2687476
-0.4526929
-0.1434202
-0.01270492
0.3295193
-0.03786604
0.1214813
0.3483204
0.8036685
-0.0006369586
-0.1375065
-0.5175346
-0.2633129
0.03552519
0.0487053
-0.2064452
0.1237761
0.308695
0.3522104
-0.5278045
0.2957253
-0.1181767
-0.1278841
0.07064296
0.07966188
-0.2744151
0.1522783
-0.05321772
-0.1715
0.04117954
0.05720864
0.1617372
0.09746775
0.2947429
-0.1858746
0.2239324
0.2272214
0.01884204
-0.101395
0.05957988
-0.04693639
-0.1650003
-0.3721016
0.6166413
0.01482777
0.07251375
-0.01683308
-0.1342775
-0.1907269
0.1572981
0.2326743
0.0980402
0.09919243
-0.2256662
0.4018579
0.1387643
0.345137
0.3349295
0.1377763
0.3093878
0.1004304
0.09576112
0.01422723
0.2463352
