0.3963547
0.1527081
0.2080078
-0.1024767
0.0331563
0.2586328
0.01359064
-0.07967561
-0.08534364
0.07453582
-0.02763167
0.1653946
0.2121215
-0.08732748
-0.232699
-0.1061158
-0.08043931
0.5664494
0.2547231
-0.1477851
-0.05190522
0.1729727
0.03631932
-0.06911817
-0.07984592
-0.1567993
0.07186106
0.1611353
-0.07828602
-0.08970423
0.01224447
0.3261451
0.02096272
0.01544188
-0.1709783
-0.02498802
-0.04579238
-0.3221367
-0.0710232
-0.01445311
-0.2373204
-0.2547618
-0.1773427
-0.001213151
0.02729428
-0.2156713
-0.12904
0.06418497
-0.000681509
-0.003545884
-0.1702795
-0.231559
-0.1307678
-0.07257604
-0.1057662
0.2524198
0.2837085
0.27175
0.08552554
0.2674616
0.1729812
0.1237703
-0.00704557
-0.03539884
0.06854756
0.2098945
0.0699513
0.2123661
0.1785266
-0.1796009
-0.1543514
-0.1906575
-0.23493
-0.2074986
0.02224407
-0.1960494
0.07025872
0.2825335
-0.1586034
-0.08344806
0.006198853
-0.1056257
0.003370594
0.1214632
-0.1264459
-0.1887503
-0.06500446
-0.2061104
-0.1695931
-0.1187065
0.08411366
-0.2114391
-0.03702087
0.03347308
0.08489112
-0.0258293
0.1463326
-0.04596812
0.01863143
-0.1242172
-0.05974624
0.01776304
0.1122165
-0.2639742
-0.1599762
-0.06873295
0.03116605
-0.205419
-0.1454366
0.07361123
0.009670796
0.1306652
-0.07967919
-0.2926612
0.01617689
-0.04417451
0.1425628
-0.132353
0.2201767
0.0887785
-0.01990491
-0.4428217
-0.2327616
-0.05475887
0.003792972
-0.3152831
-0.01737589
-0.4313192
-0.3595257
0.3468781
0.4693933
0.5865968
0.5269181
0.02557568
-0.03874608
-0.1149944
0.005529931
-0.04037002
0.03408886
-0.273529
-0.04919037
0.08491474
0.01992837
-0.12546
-0.08678086
0.3874363
0.2607398
-0.349398
-0.2690287
0.05795194
0.125559
-0.3967244
-0.2433787
-0.1073444
0.2843572
0.09729039
0.2500733
0.4050411
0.5602856
-0.1153423
-0.3399183
0.3241458
0.1911975
-0.3537446
-0.3296046
-0.3789683
-0.3532328
-0.4851208
-0.3593726
0.8027604
0.735789
0.08807853
0.1024526
-0.1352663
0.05843018
0.09917797
0.1173871
-0.2297184
-0.02487123
0.08931931
0.1822309
0.704913
0.5990613
-0.01124059
0.1287594
-0.1890472
-0.03051041
-0.2488496
0.07915919
-0.01554585
0.3030582
0.3430971
0.03206954
0.1579942
0.3366521
-0.223283
0.3433289
-0.09620554
-0.0978769
-0.2122625
-0.2466901
-0.4897376
-0.3774414
-0.4121215
-0.04517515
-0.395714
-0.2739387
0.01278995
0.08242834
-0.2222967
-0.1857023
-0.1418964
-0.2452937
0.1062418
-0.2745118
-0.008682301
0.07151189
-0.4095571
-0.2402215
-0.4516262
-0.2685359
-0.2736926
0.03100161
-0.2094873
-0.2160415
0.03523414
0.04077796
-0.5174252
-0.1079236
0.3302655
0.2310864
-0.06047522
0.5834051
-0.1423467
0.06600249
0.0561166
0.05890676
-0.3249499
0.3166594
0.01110926
0.4168827
0.2509532
-0.1852153
-0.1288191
0.03396348
-0.00747527
0.3652453
0.4039269
0.6623742
0.6819882
0.5738206
0.5882852
0.3298569
0.09547924
-0.03973013
-0.08474662
0.4292152
0.4108311
-0.03209586
-0.006279889
0.3777852
0.1064031
0.1828688
0.04126577
0.07811065
0.1227209
0.05966669
-0.1378718
-0.2652347
-0.3436639
-0.1054583
-0.1611176
-0.2044841
-0.3023827
-0.3394494
-0.168942
-0.2255047
-0.2473954
-0.337197
-0.2681564
-0.2184288
-0.2731069
-0.003691598
-0.09541574
-0.2750868
-0.3058755
0.03973094
0.01249656
-0.02150288
-0.2161457
0.6157001
0.1756743
0.06122781
-0.2782319
-0.0628511
-0.08097973
0.03311809
-0.01254094
-0.1145643
-0.2020467
0.0003962027
0.1565777
0.06755594
0.09171842
-0.1569844
-0.105136
-0.2791812
-0.2171416
-0.1095192
-0.0449926
0.4236982
-0.06575291
0.2857578
0.2274151
0.1557993
-0.05920771
-0.1090609
0.1638279
0.06644451
0.2624355
0.01577715
-0.1869691
-0.3115409
0.001259808
-0.3318704
-0.27867
0.05316927
0.2985334
-0.2468197
-0.007649364
-0.05479434
0.1108328
0.01011541
0.02018153
-0.1024644
-0.1270494
-0.3405907
-0.1860969
-0.2166951
-0.2003939
-0.2906732
-0.01542517
0.3042499
0.4666134
0.6156726
0.5782355
0.1336632
0.4891489
0.01638638
-0.0162862
0.3159097
0.4457009
-0.02983684
0.2016257
-0.1100241
-0.0939718
0.1619698
0.003483688
0.0306022
-0.01811767
0.3089459
0.412528
0.0006491884
0.1007565
-0.214474
-0.006709313
0.006874983
-0.03121379
-0.05867986
-0.009458433
-0.1826808
-0.05635955
0.1250844
0.01422257
-0.2820685
0.01164641
-0.2004536
-0.1400367
-0.3297072
-0.1670424
-0.3392386
-0.2825749
0.1361406
-0.01558463
-0.5052478
-0.4490555
-0.2141125
-0.1781189
-0.4242814
-0.2364646
-0.5621754
-0.5219531
-0.5095536
-0.5077909
0.06737231
0.09853951
-0.1734783
0.04251931
0.2570853
0.6184351
0.2470583
0.1631063
0.2393563
0.669749
0.128256
0.2266126
0.0618537
0.06946152
-0.227166
-0.2152563
-0.4467712
-0.3542425
-0.05217361
0.0602464
0.006633127
0.05415441
-0.002910163
-0.1351035
0.003807564
0.1026089
-0.09420598
-0.06473447
0.230744
0.07928763
-0.06129279
-0.1047291
-0.1061538
-0.1037675
0.1005119
0.2692105
0.09493973
0.1009486
0.1458147
0.05488791
-0.2624979
-0.3562448
-0.2047129
-0.3695694
0.1653851
0.3413426
-0.3330414
-0.06946185
-0.3728149
-0.2130572
-0.09764749
-0.2243952
-0.189902
-0.2272423
-0.4156078
-0.4552304
-0.08148761
-0.2982173
-0.1682033
-0.1434419
0.1807253
0.07104433
0.1568373
0.5547535
0.4992524
0.1722024
-0.2279804
0.345052
0.08310729
0.4319752
0.3993267
-0.1391488
-0.2414006
-0.08909061
-0.03958614
0.3345147
0.2587591
0.3250373
0.4561631
0.4028293
0.4754705
0.3879409
0.3675868
0.05413739
-0.1702343
0.2311098
0.02338598
-0.3130398
-0.2523318
0.1431271
0.07605445
0.01843182
0.1515422
-0.1615402
0.001987644
0.08755557
-0.1442054
-0.2488327
-0.3337015
-0.2293919
-0.2519273
-0.2871711
-0.270348
-0.2766546
-0.1671268
-0.3646247
-0.2278296
-0.1327697
-0.2274962
-0.2375964
-0.2047501
-0.2123692
-0.2781089
-0.4079633
-0.3612094
0.05679352
0.06311307
-0.05067502
-0.2746151
0.6333234
0.3517876
-0.2392794
-0.2063781
-0.06838124
-0.06486493
0.09696988
-0.0985465
-0.1581237
-0.1610719
0.1098772
-0.1766872
0.007947313
-0.2160707
-0.3070373
-0.09967019
-0.2503227
-0.1366359
0.1857592
0.0233389
0.2899861
-0.05485255
0.3517412
0.3375876
0.0722961
-0.01085963
-0.08852855
0.3352328
0.285665
0.361506
0.06882214
-0.09696776
0.05781663
-0.1194002
-0.4161642
-0.1342521
-0.0004770179
0.3651138
-0.1566298
-0.4072106
0.07278865
0.2893104
0.005686375
-0.2437907
0.1884303
0.030094
-0.08538836
-0.1435804
0.02100184
-0.1202299
0.03063833
-0.03141597
0.2421546
0.5380181
-0.0240544
0.4190408
-0.08544828
0.1041768
0.03930617
0.2769683
-0.1414463
0.02168595
0.03174337
0.09818835
0.1122753
-0.04648827
-0.06997904
-0.1708154
-0.005577926
0.03578053
-0.262052
-0.2183622
-0.32222
-0.03339507
-0.04484126
0.1631875
-0.201567
-0.06628054
-0.09034968
0.07809822
0.0223583
0.0832934
-0.3865159
0.07936719
-0.3704222
-0.2316052
-0.2567564
-0.1051614
-0.1528895
-0.09059603
0.2732557
0.1677783
-0.3821507
-0.3570588
0.04937368
0.05374585
-0.3015752
-0.1618107
-0.2779908
-0.3000573
-0.3999091
-0.3775922
0.1476578
0.1533309
-0.127627
0.07584188
0.1780079
0.5723687
0.3036827
0.2345884
-0.07627081
0.3927896
0.1515779
0.2958755
0.08534905
0.1168201
-0.2197903
-0.2804774
-0.3580971
-0.1298489
-0.03917959
0.05898153
-0.04730386
-0.06573445
0.07623947
-0.0232693
0.2524046
0.3349213
-0.04157076
-0.006217123
0.07839723
0.08034776
-0.1586243
-0.2901277
-0.1941822
-0.01971062
-0.02187465
-0.02395157
-0.1926776
-0.3034112
0.07149388
0.1776088
-0.1453576
-0.3274784
-0.07445259
-0.4065332
0.02126658
-0.01828957
-0.1932401
-0.2383572
-0.4500846
-0.4007942
-0.3269902
-0.3133491
-0.2106782
-0.08338131
-0.4625023
-0.3640614
0.08118232
-0.1229483
-0.1537288
-0.1685697
0.4341815
-0.1031201
0.2208211
-0.07930404
-0.1375684
0.2179925
0.2256849
-0.08921542
-0.02206679
0.02036467
0.05047951
0.2679142
0.1494339
0.05699312
0.1068533
0.4283616
0.4081708
0.01700195
0.2075343
-0.2286939
-0.1945616
0.03464225
0.03743011
0.04806927
0.2926174
0.01666322
0.2879336
0.4026194
0.09276253
-0.0659604
0.02941267
-0.1160598
-0.04296131
-0.2831557
-0.1406469
-0.2614958
-0.1715821
0.2766255
0.06374955
-0.4458885
-0.4442314
-0.197163
-0.3282937
-0.4775931
-0.4327483
-0.5743603
-0.5576928
-0.4508072
-0.4964094
0.04330792
0.01672345
-0.3649928
-0.1798173
0.2020776
0.5332629
0.2546468
0.2567779
0.2945155
0.4962004
0.2771553
0.2077723
-0.01136571
0.03757597
-0.223528
-0.1229235
-0.3019759
-0.3391849
0.06728038
0.1521502
0.06010292
0.0304461
0.08279198
-0.2083415
0.1785634
0.06701654
-0.03013745
-0.07322641
0.3555509
0.2197191
0.03917552
-0.0008544971
-0.1629472
-0.2556261
0.1407697
0.2623812
0.1182656
0.1493762
0.1679026
0.04370709
-0.2478731
-0.1463967
-0.1356486
-0.2989153
0.1082829
0.2329466
-0.2093141
0.1407766
-0.3072309
-0.2367909
-0.122317
-0.07529723
-0.2830315
-0.149566
-0.3853693
-0.2689875
-0.3273895
-0.3341169
-0.3478468
-0.1048317
0.09502898
0.487627
-0.05175629
0.247261
0.07788491
0.4437244
-0.2606862
-0.1136743
-0.1048996
-0.03316921
0.05173098
-0.1642148
-0.2777819
-0.3399819
-0.1087374
-0.09614315
-0.5328086
-0.3964667
-0.5107716
-0.2165304
-0.09063915
-0.003544332
-0.3455604
-0.1146401
-0.1984132
0.08225909
0.2291277
0.1988554
-0.4905831
-0.1767391
-0.2235816
-0.3142267
-0.4303092
-0.1629059
-0.1984392
-0.06001972
0.3318201
0.03932628
-0.4358188
-0.3074687
0.001885599
-0.1374328
-0.2576926
-0.1890416
-0.3500974
-0.3858717
-0.3055976
-0.3709226
-0.1313417
-0.1121651
-0.06530879
0.1502987
0.4432349
0.7904097
0.3629371
0.4704545
-0.04872775
0.5993104
0.2667119
0.5050851
-0.1446224
-0.0131284
-0.223447
-0.2841968
-0.3472537
-0.1797004
0.1583244
0.04753925
0.02726324
-0.05927447
0.01106088
-0.1662831
0.1651107
0.1659406
-0.05248005
-0.2890775
0.05651804
0.3557518
-0.2570069
-0.2555711
-0.1211186
-0.07561518
0.2741501
0.07554428
0.07358744
-0.1334959
0.06592368
0.09615079
-0.1356577
-0.2894736
0.07604613
-0.2690735
0.07082259
0.05776481
-0.1475505
-0.07979282
-0.3618408
-0.2936838
-0.1916598
-0.1196025
-0.1679907
-0.1155998
-0.248769
-0.2632679
-0.08118539
-0.1991584
-0.07999564
-0.02793895
0.4952565
0.2339267
-0.2388726
0.5091206
0.06408841
0.5174215
0.3696051
-0.3515219
-0.426551
-0.2682297
-0.2927949
0.04613372
0.0273408
0.2158781
0.1927518
0.2525379
0.1561896
0.3653948
0.1451619
0.09795823
-0.1298922
0.2070686
-0.1328355
-0.3613982
-0.3316872
0.1728486
0.0848491
-0.1143666
-0.08110486
0.03087654
-0.1773037
-0.006472651
-0.4043505
-0.1201561
-0.3424605
-0.3866586
-0.4753229
-0.0778748
-0.07504395
-0.3303494
-0.2388167
-0.1586899
-0.1674585
0.04423686
-0.02506423
-0.02842271
-0.080465
-0.4354804
-0.4033769
-0.1638548
-0.32784
0.2662469
-0.03874549
0.1465761
-0.2477701
0.5015809
0.2732891
-0.1056684
-0.2584185
-0.2301307
-0.1906002
0.028256
-0.1842957
-0.2736229
-0.3326293
0.1065487
-0.2617774
-0.05393197
-0.1382776
-0.2990408
-0.1279586
-0.2840333
-0.2981397
0.1771276
-0.2490484
0.3388117
-0.02118519
0.2988919
0.2198429
0.2005169
0.004352922
0.2284874
0.2862234
0.3505477
0.4420366
-0.04451016
0.01497897
0.2300663
0.0766892
-0.1934465
0.1901346
0.06450723
0.4035075
-0.01281525
-0.3042683
0.1837515
0.2966186
0.1589173
-0.005597383
0.2370187
0.1253829
0.1926054
-0.07145175
0.1083241
-0.02054654
0.2455399
-0.0543479
0.01711043
-0.02311037
0.3286195
0.5363324
0.2792473
0.4152273
-0.3854148
-0.3061428
-0.293151
-0.3566002
-0.0800943
-0.04882274
0.1375535
0.2404143
-0.01045603
0.05003262
0.1005799
0.152947
-0.06215078
-0.08973773
-0.1599357
-0.2241482
-0.4432022
-0.3334415
0.2235584
0.1904871
-0.3131035
-0.001398183
-0.1622062
-0.199963
-0.0671905
-0.1442575
-0.4147948
-0.4433097
-0.1501911
-0.3316105
-0.4691521
-0.3209159
-0.2131688
-0.2130219
-0.3230706
-0.1506565
-0.197986
-0.2583414
-0.2592813
-0.3016964
-0.2827645
-0.32172
-0.1970828
-0.05196279
0.2455272
0.4541233
0.06988401
0.06546226
0.3025028
0.5437993
-0.1208953
0.01597535
-0.3015119
-0.2254161
-0.05225086
-0.1396554
-0.2477823
-0.2430478
0.05626147
0.05621696
0.04197553
0.0144982
-0.09345534
-0.1059201
-0.02990552
-0.06963389
-0.0186297
-0.3420589
0.275108
0.1698878
0.06395764
-0.05465554
0.2254376
0.09709226
0.3285659
0.3151001
0.4418443
0.2974951
0.008017988
-0.04912365
-0.135667
-0.1496523
-0.1093262
-0.2163442
0.09276491
0.4081192
-0.1627055
-0.236902
-0.1417386
-0.0458462
0.08443931
-0.1272277
0.04577126
-0.1375041
-0.1835573
-0.3035136
-0.1293154
-0.1554199
0.05790582
-0.07052347
0.1658222
0.1141566
-0.02354378
0.1282461
-0.04404097
0.07858685
-0.05600331
0.09424449
-0.02754667
-0.00073926
-0.1034822
-0.02506216
-0.02210484
0.03052204
-0.01718462
0.09304924
-0.006278763
0.1434957
-0.039317
-0.09744456
-0.2098073
-0.01884806
-0.1085859
-0.1495618
-0.176539
-0.0672413
-0.1495264
-0.09009937
0.02326103
0.05380113
-0.1302963
0.08581846
-0.09035783
-0.2572551
-0.2493844
-0.2070448
-0.08718667
-0.4669767
-0.1231608
-0.07325791
-0.09720133
-0.2548033
-0.1464835
-0.1205547
-0.1436966
-0.1273881
0.02942027
0.04149243
0.02678285
0.1934695
0.04855195
0.09871945
0.159173
0.1111809
-0.0473462
-0.1157698
-0.2146307
-0.001319239
-0.1951905
0.0005081528
0.08383109
0.2572869
0.1680745
0.07667719
-0.1545556
-0.1997328
-0.1136295
-0.1232541
-9.462241e-05
-0.08304923
-0.1447106
0.09042281
-0.3147361
0.09286432
-0.06553565
0.08816559
-0.004175021
0.06278002
0.1092174
-0.07215624
-0.01858394
0.143332
0.06084774
-0.01541709
0.02961905
0.207867
0.2379066
0.06447215
0.1612524
-0.04861895
0.03536959
0.1070594
-0.1468881
0.1622343
0.05120885
0.05153094
-0.04357008
0.08192342
0.1580182
0.2157709
0.1672926
0.03098976
-0.07470453
0.07871219
0.1075808
-0.1898503
0.3405825
-0.3705866
-0.2401585
0.2712091
0.3403533
0.009822673
0.02937899
-0.1647232
-0.2824414
-0.4527844
-0.4006119
-0.4782081
-0.4905746
-0.4422504
-0.1830682
0.1628731
0.2860059
-0.4698367
-0.1548519
0.135637
0.2350559
-0.07315609
-0.07070734
-0.3499425
-0.3645946
0.00801994
-0.1077194
-0.005154242
0.05299835
-0.0588161
0.03373658
0.09233933
0.1290636
-0.1368955
0.003163147
0.004417228
0.1583023
0.1132649
0.1854333
-0.1323745
-0.0282307
0.1027076
0.01090473
0.09770137
0.24494
0.3611115
0.4316282
0.2172699
0.3989355
0.2435437
0.6339348
-0.4375367
-0.03910365
0.05654696
0.3443574
-0.1126055
-0.1293618
-0.2568137
-0.1999673
0.1832402
0.3460303
0.1570817
0.06113866
-0.06438254
0.04125072
0.2671621
0.02379876
0.3292879
0.1631963
-0.01808786
-0.1930149
-0.4390451
0.1856131
-0.4272649
-0.2340526
-0.1699781
0.3074174
0.1811949
-0.1323411
-0.08132855
-0.3993036
0.2290555
-0.08411548
0.01477362
0.0584751
0.5317607
0.01971739
0.230796
-0.3854536
0.475153
0.2765794
0.1324403
-0.2067939
0.09657798
0.103351
-0.153407
-0.1213293
0.1048546
0.2134263
0.03981627
0.08666592
0.1595895
0.08205939
0.3808536
0.5482413
0.4117466
-0.295356
-0.4427667
-0.1125515
-0.1782936
0.2390643
0.1126729
0.3552409
0.3246771
0.2044326
0.1823802
0.274207
0.2688764
0.09789569
-0.144866
0.2280888
0.05756977
-0.3570216
-0.4458956
0.07492208
-0.05227983
-0.1127821
0.02712579
0.09583397
0.06193429
0.1410775
-0.3814682
-0.2891671
-0.3770286
-0.3685853
-0.4194595
-0.1228578
0.00620043
-0.2149614
-0.08114091
0.03557877
0.05201223
-0.06508911
-0.002048116
0.001660738
0.02020272
-0.4141799
-0.3186948
-0.2236072
-0.06867224
0.2245882
0.09450525
0.01428753
-0.2994419
0.3886219
0.2872298
-0.2377872
-0.2050477
-0.3242219
-0.2222608
0.05387518
0.04006619
-0.2210695
-0.2526669
-0.1194447
-0.2852992
-0.009407312
-0.03096829
-0.2049587
0.03390489
-0.2373577
-0.226135
0.1406793
-0.1507523
0.4407849
-0.0415433
0.2012572
0.1691638
0.2122736
0.1307682
0.1113505
0.2761694
0.2272964
0.3341761
0.1357806
0.0162467
0.100826
-0.1188399
-0.1873651
0.08809214
-0.02885931
0.2715982
-0.3261423
-0.1090494
0.04755263
-0.0191868
0.07817156
0.02568096
0.02779213
-0.1037928
-0.04160352
0.01174521
0.04932839
-0.1549714
0.04862541
-0.2493636
0.01238747
0.2262428
-0.3566926
-0.2182625
-0.1270734
-0.1704381
-0.2033465
-0.2760787
-0.05894857
0.1170087
-0.2569595
-0.1741426
-0.1432896
0.2252565
-0.07905456
-0.01613517
-0.385288
-0.2474347
-0.283587
-0.3118457
0.08015715
0.06205131
-0.4462782
-0.09991452
-0.105375
-0.1296158
-0.02141634
-0.1738337
-0.3631107
-0.3209546
-0.01999744
-0.1018446
-0.3407859
-0.1059902
-0.001799269
0.02632906
-0.02050275
0.09842931
-0.2754258
-0.1680828
-0.07093328
-0.08931268
-0.1453815
-0.01450493
0.03890147
0.3265284
0.3663675
0.5760756
0.1467637
0.2832058
-0.06179386
0.5180862
0.003457903
0.2837564
-0.2991326
-0.2283585
-0.1483927
-0.1382976
-0.201946
-0.1197667
-0.03908119
0.1405653
0.1200124
0.261783
0.1212005
-0.05884909
-0.05920151
0.09271611
-0.1820571
-0.3718043
0.07669458
0.3166991
-0.3057781
-0.05860087
0.03432036
0.2585769
0.1939678
0.07168519
0.1154616
-0.05373979
0.1376984
-0.03391934
-0.1155448
-0.08609706
0.1031478
-0.09780547
0.182067
0.150822
-0.1036096
0.06396608
-0.1674753
-0.339888
0.135026
0.04366924
-0.281116
-0.3286032
-0.1471486
-0.1684609
-0.06524591
-0.07416815
-0.02034961
-0.1125194
0.6408356
-0.3233239
-0.4988893
-0.264516
-0.2372094
0.4593539
0.4438885
0.5892678
0.5760993
0.611615
0.5076558
0.7755366
0.3376377
0.1742663
0.06177744
0.4790606
0.2244074
-0.2867517
-0.4318283
0.1532164
0.0347147
0.2862663
0.2165585
0.2686787
0.3734054
0.2786307
-0.1281776
-0.2733197
-0.4901921
-0.5867177
-0.5671625
-0.03092971
0.05922818
-0.3958696
-0.3511431
0.02565023
-0.04214957
0.1543887
0.1106703
0.1507323
0.1572806
-0.4951863
-0.5282793
-0.2980952
-0.4013929
-0.09780022
-0.3644
-0.1766368
-0.4705441
0.5410708
-0.08282909
-0.4588413
-0.6424614
-0.4245055
-0.4172641
0.3568825
0.03132211
0.1439522
0.0003978165
0.03116987
-0.01661065
-0.02975809
-0.1547449
-0.2892951
0.04920695
-0.4559018
-0.3248137
0.2770488
0.07095825
0.4432531
-0.02154105
0.5826179
0.5099848
0.4857062
0.1155179
0.007596504
0.1780289
0.2393902
0.4940455
0.06377815
-0.03101776
0.1703075
0.170577
-0.2529452
0.1878418
-0.2031287
0.4084001
-0.2948009
-0.2185277
0.2446334
0.2728857
0.2748814
0.1534448
0.2374274
0.004915359
0.03261555
0.1268001
0.06672796
-0.07275623
0.2139939
-0.1065814
-0.217793
-0.4106898
-0.3813486
-0.1714613
0.2666154
0.449685
0.4820727
0.5956541
0.5077655
0.4781414
0.580829
0.3321809
0.0747794
0.1464868
0.4314902
0.1763964
-0.4807414
-0.5002232
-0.07583924
-0.1146297
0.2223709
0.309933
0.1202007
0.2720035
0.2336147
0.06296633
-0.3119803
-0.4877054
-0.5146857
-0.3933018
-0.1303407
-0.09243118
-0.3336076
-0.1042399
0.01005758
0.131587
0.105647
0.06022968
0.1041916
0.1785133
-0.3799454
-0.3569172
-0.3585748
-0.1723154
-0.2693975
-0.1707542
-0.3093951
-0.3478462
0.2505028
0.03908903
-0.5510198
-0.5475223
-0.2641003
-0.2853229
0.2420944
0.04987985
-0.004657486
-0.08514319
0.12846
0.1528164
0.190724
0.02152591
-0.3297921
0.0434224
-0.221326
-0.2239192
0.1989498
0.1307506
0.24549
0.001089012
0.4643823
0.4200907
0.3202266
0.1903868
0.1512371
0.2142046
0.3392287
0.4600631
0.01514453
-0.0151775
-0.01490541
-0.09544325
-0.1967432
0.04387118
0.0718666
0.4299641
-0.3165279
-0.2521967
0.1942796
0.06186476
0.3263383
0.02295327
0.09835754
-0.08947783
-0.1580973
-0.07375494
0.02128712
0.01410399
0.2582052
-0.1997007
0.7024994
0.3928261
0.5119867
0.1891025
0.1478188
-0.1297307
-0.04943973
-0.106593
0.003373765
-0.2899726
-0.2305169
0.5239714
0.4577194
0.02434127
0.05975348
0.3673485
0.5846801
-0.2948963
-0.2500194
0.02272237
0.1236246
-0.1665502
0.04110944
0.01264294
0.1919911
0.2737813
0.4112435
0.3353621
0.4565678
-0.03521172
-0.1230111
0.06780748
-0.01301286
-0.3401211
-0.2746885
-0.2625602
-0.2892832
-0.3397581
-0.2167346
0.5115182
0.49785
-0.09400522
-0.06868272
-0.2907308
-0.1118698
0.1659456
0.3560093
-0.2371084
-0.2883186
-0.07037825
0.08974854
0.3681585
0.2827629
-0.05999861
0.0179881
0.1417473
0.209152
-0.05495496
-0.03482628
-0.1386338
-0.1559923
0.29229
0.3347246
0.6181792
0.3432786
0.1877825
0.4589094
-0.3244417
-0.05734495
-0.01493157
-0.1110501
-0.479258
-0.1549984
-0.1463258
-0.1253386
-0.08705409
-0.2436152
0.1859938
0.07514632
0.07783443
-0.04818461
0.2307996
-0.008903637
0.1925191
-0.3849377
0.32362
0.247994
0.07931475
0.03331058
-0.2530654
-0.1146161
0.01315821
0.03593687
-0.06936229
0.09875036
0.04892066
0.1035275
-0.1291457
-0.1199152
0.4387568
0.5224385
0.06202184
-0.07388703
-0.2381298
-0.1752509
-0.1252557
-0.06404909
-0.4575801
-0.2482917
0.3775183
0.4225323
-0.114539
-0.03187422
0.497323
0.6729144
-0.2197686
-0.1148457
-0.1415978
-0.2195966
-0.2569275
-0.2252165
-0.07078052
0.1863232
0.1782402
0.3692048
0.4680939
0.5312625
-0.05433886
-0.2564485
0.1278737
0.09451858
-0.3382907
-0.3128881
-0.3922136
-0.3992417
-0.4436484
-0.3566182
0.7245639
0.6988581
0.03646638
0.06598462
-0.2649912
-0.04301147
0.3780059
0.5422027
-0.3505403
-0.2658081
0.2412414
0.278126
0.4878626
0.4853851
-0.1736025
-0.08117516
0.0006240622
0.1413575
-0.0105591
0.1381985
-0.04927343
0.004143113
0.5162052
0.2717013
0.5758993
0.4506272
0.008399697
0.2381543
-0.4246468
-0.06555381
-0.2824905
-0.3376022
-0.5703892
-0.3234868
-0.09488299
-0.04804177
-0.1915306
-0.3727051
0.01925186
-0.05417253
-0.06812907
0.04873788
0.2916905
-0.1164121
0.3848445
-0.3940423
0.4142044
0.4377199
-0.03064405
-0.0284142
-0.2801803
-0.06267759
-0.1865913
0.06828866
-0.008314963
0.08013848
-0.118265
0.2997097
-0.2011238
0.1875488
0.650631
-0.03933564
-0.0437114
0.1290608
-0.01149597
-0.100592
-0.02579878
-0.3890538
-0.04758367
0.3765521
0.1352534
-0.002303529
0.02810043
0.542214
0.4616121
-0.2252314
-0.1844282
-0.04326457
0.05194672
-0.4500663
-0.1227824
-0.1455195
-0.1021439
0.06201926
0.2122243
0.3038675
0.357396
-0.1710932
-0.2279881
0.1138631
-0.04086118
-0.3554318
-0.4804203
-0.4303174
-0.4103521
-0.4294338
-0.3506609
0.5192546
0.5731761
0.07600138
0.02490286
-0.0926936
0.06490088
0.3315885
0.2637549
-0.2370332
-0.1386321
0.2683561
0.1660864
0.507414
0.4842357
-0.2489761
-0.1650249
-0.1994373
-0.1048403
-0.05627803
0.06298738
-0.2579006
-0.112565
0.3931821
0.037681
0.2243042
0.2583816
0.03694195
0.2363347
-0.1818752
-0.139451
-0.04898045
-0.1914151
-0.6086987
-0.3897359
-0.3200027
0.0821608
-0.2796658
-0.1904703
0.1278348
0.208349
0.1652916
0.08952725
0.1064374
0.01470801
0.1110289
-0.2424566
0.05041632
0.1966032
-0.2114472
-0.05916704
-0.362639
-0.1194039
-0.1070208
0.03258123
0.1054342
0.03072782
0.08444231
0.01005694
-0.367092
0.02565328
0.1329533
0.1487312
0.04477058
0.06516695
0.08189298
0.1899051
-0.1813806
0.003785991
0.5131966
0.309352
0.141289
0.174948
0.4569725
0.462606
-0.2898329
-0.242233
0.1250111
0.2576704
-0.2197903
-0.07789836
0.1729581
0.06157423
0.07912258
0.1862566
0.2767261
0.4158242
-0.09162257
-0.2039318
-0.003823771
-0.05534533
-0.4286517
-0.4513176
-0.3391658
-0.3964323
-0.4189743
-0.2696086
0.4453974
0.5731213
-0.2244857
-0.1819756
-0.3688244
-0.09016551
0.28621
0.258718
-0.1874375
-0.254176
0.02656292
0.009615567
0.5799373
0.5051759
0.05314865
0.04927392
0.09765172
0.1176928
0.04214722
0.06799537
0.1132822
0.07865969
0.3158069
0.06190602
0.2825558
0.2421665
0.1445434
0.3684597
-0.1413334
0.05245023
0.1621349
0.08766293
-0.625521
-0.3378292
-0.1864245
0.06058935
-0.136125
-0.02434222
0.2606152
0.1524312
0.2782606
0.01548904
0.07033898
0.1415839
0.1196883
-0.1863239
0.2487959
0.2070922
0.1069385
0.02725629
-0.3688628
-0.06536579
-0.09053776
0.03932162
0.1109916
0.172793
0.1326895
0.1404424
-0.1659302
-0.04734382
0.4345535
0.3736465
0.4414254
0.5612589
0.5465654
0.4814727
0.2541257
0.2899642
0.1362592
0.4758932
0.3364569
0.02748672
-0.06481984
-0.06436742
-0.1324733
0.3574407
0.1992977
0.2093287
0.3124073
0.26234
0.1296578
-0.006960868
-0.1137555
-0.2270154
-0.1776574
0.07608724
-0.01508858
-0.2608935
-0.2419849
-0.1194169
-0.107278
-0.06104602
-0.013471
-0.1056513
-0.05328133
-0.04734122
-0.07592589
-0.4623721
-0.4326583
-0.277845
-0.3107
-0.0764103
-0.3064541
0.4091719
-0.1021311
-0.3660793
-0.3894947
-0.01732243
-0.1197025
0.3215592
0.1656148
0.2650811
0.1963344
-0.055907
-0.0034956
-0.1021344
-0.1693871
-0.2554285
0.1551427
-0.1837798
0.02933626
0.3117895
0.3708286
0.2176524
-0.1015281
0.3237539
0.4513399
-0.002933491
-0.1674368
-0.1269785
0.2117578
0.04174311
0.1424732
0.07296924
-0.2232932
0.009802919
0.0355315
-0.2656456
0.03592035
-0.08946596
0.04173582
-0.128091
0.07077915
0.1821341
0.1611024
0.1360473
-0.03006455
0.1482238
0.07658766
-0.1496263
0.1535087
0.04009904
-0.02788254
0.08871642
-0.0284367
0.4899763
0.4443519
0.4982082
0.5083667
0.4727042
0.230845
0.1711896
0.2596164
0.5505
0.4225283
-0.08670317
-0.07349321
-0.01998233
-0.2588785
0.5534795
0.4950172
0.1034347
0.4813693
0.09320814
0.2335118
-0.262205
-0.2632696
-0.2599591
-0.08895264
-0.09887886
-0.250985
-0.2380947
-0.1216566
-0.1286021
-0.1207368
0.03318089
-0.07354554
-0.03927786
-0.004274903
-0.01998517
-0.1427163
-0.2905272
-0.3168511
-0.3644297
-0.303893
-0.3175719
-0.3941678
0.3463055
-0.2342474
-0.3379338
-0.503746
0.1034298
0.06489587
0.2211771
0.1071308
0.03248931
-0.102624
0.04555775
-0.01556586
0.07804327
0.001142044
-0.2946829
-0.02050805
-0.1354215
-0.2685097
0.3009718
0.531893
0.3224959
-0.1134176
0.4754477
0.2926896
0.2093775
-0.05094581
-0.09087412
0.07101578
0.07473991
0.3624973
0.1729433
-0.02096717
-0.166983
-0.2110192
-0.3656955
-0.06257626
0.02332377
0.2291618
-0.1490332
-0.02595894
0.1356514
0.2022834
0.0151669
0.03519174
0.125008
0.08915336
-0.1597313
-0.01671983
0.04894804
0.04672983
-0.1070425
-0.1864689
0.7882721
0.6147303
0.5953406
0.4666091
0.09887116
0.09286805
0.04867993
0.580839
0.4642046
-0.1312265
-0.1014867
0.2587243
0.07880085
0.2877686
0.2964736
-0.03371841
0.1974542
-0.02066606
-0.1893335
-0.2781721
-0.4945388
-0.224624
-0.2856675
-0.2247229
-0.3210777
-0.3479544
-0.2863619
-0.3003902
-0.2592951
-0.174372
-0.2467768
-0.2008403
-0.2286811
-0.1267977
-0.2383302
-0.3835684
-0.3151198
-0.1955496
-0.1080769
-0.175693
-0.3505209
0.525149
0.09170193
-0.1832201
-0.4047837
-0.1026739
-0.1102568
0.1620818
0.05618649
-0.1015591
-0.2111832
-0.006736006
0.04064328
0.0155899
-0.0851539
-0.1288973
-0.07301809
-0.2970068
-0.2084622
0.1368586
0.1752718
0.4223053
-0.1294527
0.450005
0.4492194
0.103786
-0.1556166
-0.05783902
0.2830203
0.1172649
0.4669525
0.01762237
-0.01341523
-0.07589199
-0.07433834
-0.3558955
-0.1132163
-0.06176722
0.4764109
-0.3921764
-0.08546783
-0.02089652
0.1539068
0.09561778
-0.137045
0.02438322
-0.08224853
-0.1654004
-0.09289137
0.01633047
-0.1681358
-0.1974681
-0.06359075
0.690658
0.7729913
0.5327447
0.1846241
0.1237304
0.08204822
0.5154312
0.39061
-0.2042427
-0.133046
0.2110553
0.09395736
0.229825
0.273447
-0.005319036
0.1393407
0.1400883
-0.02119368
-0.2838451
-0.448289
-0.2142912
-0.2211254
-0.2692772
-0.3004597
-0.3298435
-0.2695931
-0.3742135
-0.2608103
-0.2859309
-0.2886441
-0.2874173
-0.231647
-0.03380756
-0.1415556
-0.4340621
-0.3783965
-0.1726933
-0.1230131
-0.1676653
-0.3339768
0.5873506
0.2088032
-0.2824914
-0.3889669
-0.06787304
-0.09972061
0.2510559
0.002389153
-0.05778831
-0.1615764
-0.002372607
0.09122613
0.1445227
0.007550679
-0.1636772
-0.01064526
-0.2356614
-0.123502
0.02083876
0.2035734
0.4133397
-0.04292508
0.4530285
0.4877765
0.1121029
-0.1268383
-0.05270177
0.2822112
0.2095929
0.4370774
0.06230684
-0.03957078
-0.133732
-0.063415
-0.4539176
-0.2140231
0.009574883
0.4174546
-0.3792105
-0.1552604
-0.009571755
0.1278625
0.146868
-0.1385362
0.00820806
-0.1317623
-0.3407836
-0.2374935
-0.07561092
-0.2022797
-0.1676918
-0.1539453
0.846466
0.7191452
0.1363847
0.130257
0.007317496
0.6998992
0.3921024
0.00667007
-0.1313114
0.05257868
-0.05212214
0.4893822
0.2230424
0.2422876
0.23196
0.3453256
0.06261538
-0.07798283
-0.3113271
-0.3997612
-0.288525
0.1005786
-0.05644537
-0.3083286
-0.135047
-0.1083907
-0.08840676
0.07795129
0.05149353
-0.0184771
0.05328869
-0.03228092
-0.147025
-0.3697037
-0.4492853
-0.4432149
-0.544938
-0.3284564
-0.5564573
0.5416906
-0.1812436
-0.3920537
-0.6142163
0.087956
0.03182085
0.3893616
0.2137204
0.1520759
-0.02783453
-0.02681181
0.05090287
0.1147738
0.03915504
-0.190624
-0.0524564
-0.3480391
-0.2655873
0.1056414
0.283774
0.2403185
-0.3418283
0.5494733
0.5122362
0.2223088
-0.1415954
-0.1201539
0.3242579
0.1246265
0.4494979
0.00492031
-0.1162106
0.02996143
0.1274694
-0.4302495
-0.0235382
-0.09842527
0.3447691
-0.1900677
-0.1517277
0.1650288
0.2956157
0.1741484
0.01408406
0.131167
0.08882613
-0.03222298
-0.002780386
-0.02818794
-0.0009729016
0.04328828
-0.0511617
0.6314649
0.2252795
0.1303513
0.04128746
0.5802974
0.3314384
-0.08472296
-0.06496814
0.1268613
0.0679766
0.4427499
0.3297497
0.1813652
0.2604602
0.3022128
0.1418215
-0.1201167
-0.2220302
-0.2383771
-0.1618923
-0.04237524
-0.1371505
-0.2546702
-0.2661707
-0.2689959
-0.2075139
-0.06680815
-0.1461167
-0.1674739
-0.06162724
0.02603999
-0.09320139
-0.4786141
-0.4883156
-0.3998664
-0.4098111
-0.2726594
-0.4322164
0.5997108
-0.01533873
-0.3127618
-0.4165795
0.07187958
0.02151177
0.3357836
0.1701813
0.09054099
-0.02683398
-0.03088132
0.05862838
0.1005836
-0.05643136
-0.1877766
-0.009812999
-0.2683414
-0.1367424
0.08438971
0.3264284
0.2883481
-0.1598586
0.5570524
0.5431304
0.08503441
-0.1526696
-0.1612144
0.2462124
0.1549509
0.461196
0.02035943
-0.07216433
-0.01079314
0.02656816
-0.4267479
-0.06040767
-0.04410807
0.3249825
-0.2057525
-0.1241149
0.1808274
0.3115187
0.1018817
-0.02486323
0.09248043
0.003184695
-0.1792564
-0.07710949
-0.1622387
-0.06301982
-0.03108059
-0.1334667
0.3595116
0.01787748
0.01358426
0.4752799
0.1767387
-0.2766108
-0.4972952
0.01931343
-0.06949736
0.5142691
0.3528143
0.3116178
0.3639314
0.3801595
0.004958642
-0.1104529
-0.4090489
-0.6114653
-0.5061269
0.1435369
0.08856887
-0.3318703
-0.263736
0.07562118
0.05906728
0.2942537
0.2570755
0.2272744
0.268317
-0.3777132
-0.4678088
-0.2943544
-0.4327922
-0.2533496
-0.5579418
-0.4516114
-0.6160921
0.503369
-0.193227
-0.5605364
-0.6999418
-0.2617315
-0.3797995
0.4744993
0.24588
0.2910985
0.1265271
0.03929502
-0.05149009
0.06198503
-0.07289978
-0.4446429
-0.01132127
-0.4260504
-0.345822
0.1665514
0.2120977
0.3911799
-0.08424979
0.5210068
0.5623308
0.4557299
0.1130386
-0.1075544
0.07616558
0.1711779
0.4707538
0.06073979
-0.1059268
0.0801724
0.09731204
-0.38949
0.1520541
-0.2421174
0.2745876
-0.2683329
-0.1992043
0.3402255
0.271295
0.2689688
0.09067245
0.3359527
0.1262514
0.03017767
0.1554528
0.02719654
-0.1385786
0.1401438
-0.1290737
-0.02130156
-0.0750847
-0.017368
-0.1542769
-0.1260673
-0.4036082
-0.01887442
-0.02403841
0.1807201
0.3195371
-0.05789686
0.2507872
0.1552844
-0.02291909
-0.3345119
-0.2049078
-0.2979272
-0.1625029
-0.1554895
-5.850794e-05
0.005456807
-0.02125738
0.05532025
0.02926685
0.03554621
0.02239208
0.03924583
0.07321162
-0.1248993
-0.1192671
-0.2173482
-0.1313592
-0.04596448
-0.1506919
-0.09682649
-0.3070583
0.2231856
0.1364426
-0.2159176
-0.1427448
-0.09976079
-0.1373398
-0.04293576
-0.08310292
-0.07752526
-0.05106719
0.06953406
-0.04080218
-0.04279908
-0.02337807
-0.2685255
0.152896
-0.36465
-0.04758128
0.1261846
0.07828682
0.2288736
-0.008951372
0.1116975
0.2146605
0.1073759
0.1472143
-0.2940757
-0.08249243
0.02284649
0.1094737
-0.04794027
-0.1508807
-0.0284872
-0.02114357
-0.2488813
0.02183068
-0.07377475
0.1278941
-0.1997727
-0.0902789
0.2021938
0.2380581
0.1180065
0.07523303
0.2024247
-0.07550295
-0.02125199
0.02609921
0.05105842
0.08959616
0.006694973
0.07316375
0.4588344
0.1711442
0.09083537
0.3710945
0.3513002
-0.2441208
-0.285592
-0.008681596
0.09861517
-0.0151424
0.0932555
0.20163
-0.04930257
-0.03612531
0.04763385
-0.05791948
0.04503401
-0.06641033
0.0009311869
-0.2242779
-0.2861932
-0.2815753
-0.3393609
-0.2542036
-0.2566505
-0.1933462
-0.1378919
0.1654137
0.2455288
-0.1995077
-0.2577197
-0.2264244
-0.1653828
0.3443864
0.2744395
-0.1230742
-0.2417385
-0.08382772
-0.1053096
0.1691239
0.08124255
-0.05677589
-0.1572595
0.08346256
0.0987739
0.05494488
0.09105785
-0.03926577
-0.1400122
0.227843
0.1640116
0.3701509
0.1645544
0.4083628
0.2320048
-0.09239216
0.03105483
0.1976683
0.148538
-0.4023961
-0.2639613
-0.001498775
0.1307989
-0.03559355
0.0327034
0.2231628
0.06294647
0.3286214
0.2534875
0.28937
0.3315542
0.04861852
-0.2023483
0.3212952
0.2254599
0.2833465
0.1166692
-0.02331999
0.1650209
0.1249238
0.09176207
0.2979902
0.3301589
0.2475136
0.2640236
0.2722352
-0.1224971
0.08100943
0.1673194
0.2133973
0.3564249
-0.1448927
-0.2210538
0.1134055
0.1313588
0.1561093
0.2536147
0.03853776
0.06351626
-0.1062506
-0.05520504
0.03970459
0.103949
-0.1794959
-0.2379754
-0.1960146
-0.338782
-0.1695017
-0.1970678
-0.1624798
-0.2584373
-0.2024344
-0.130584
0.1463445
0.2001805
-0.1667007
-0.1776161
-0.2215587
-0.03507387
0.3283542
0.4113314
-0.2010627
-0.2379418
-0.118827
-0.08469615
0.03982879
-0.03152282
-0.02293031
-0.1262991
0.1516318
0.2203523
0.0835389
0.2074437
-0.1293699
-0.08792158
0.2024392
0.2136651
0.441932
0.2716072
0.2291582
0.3752494
-0.09306494
0.2332326
-0.01039746
-0.0006619083
-0.1874472
-0.1028001
0.0138101
-0.1399238
-0.100023
-0.1830664
0.2931325
0.1179388
0.1549781
-0.06023584
0.1332175
0.1007478
0.2446583
-0.154338
0.1653425
0.3011617
0.1816387
-0.07130058
-0.06881988
0.1509224
0.04972829
0.09336663
-0.07870015
0.1407751
0.03510556
0.1455324
0.02576257
-0.1075259
0.5557842
0.01599805
-0.004889002
-0.05359712
-0.08498128
0.4123387
0.2703386
0.2107516
0.1586255
0.1809007
-0.03964055
0.03863332
-0.1401115
-0.263072
-0.2076592
0.186385
0.0231867
-0.1832456
-0.04775979
-0.01399057
-0.03047981
0.1503693
0.1155195
0.02560885
0.09898393
-0.1210299
-0.1127556
-0.3089135
-0.3526535
-0.4508162
-0.4784105
-0.2111071
-0.537363
0.3238555
-0.2905153
-0.3084834
-0.5185182
0.1624076
0.1661682
0.3799791
0.1159895
0.06491546
-0.1621763
0.005004447
-0.03239204
0.1977973
0.03369873
-0.2897313
0.05358854
-0.2169292
-0.2476726
0.2048189
0.3308009
0.1087533
-0.3708857
0.6137089
0.4203655
0.04116598
-0.2959908
-0.08110818
0.260338
0.03857222
0.2857179
-0.03372017
-0.04233385
0.05676663
0.0575321
-0.3432714
0.04542027
-0.02965543
0.143569
-0.1579112
-0.2808419
0.164692
0.1480525
0.02525134
-0.08230162
0.2335633
0.190219
0.009103452
-0.01935812
0.1275186
0.07311821
0.07897988
-0.1181917
0.08720063
0.2287779
0.2312099
0.04978434
0.38497
0.1038543
0.1044598
0.1694908
0.1620876
0.04505465
-0.0264895
-0.1384197
-0.03598604
-0.03265663
0.154001
0.0005815096
-0.04888551
-0.06319615
0.02535051
-0.03485495
0.05621343
0.0592427
0.06875541
0.05966646
-0.1178501
-0.2124055
-0.3394227
-0.309974
-0.2266112
-0.1443335
-0.2298119
-0.2310286
0.2079251
-0.2072983
-0.148707
-0.2887894
0.04287784
0.01275567
0.2543423
0.1214905
0.1247023
0.03733759
-0.09628367
-0.0810723
0.2279036
0.1217117
-0.01684765
-0.09934337
-0.04933309
-0.1998286
0.1572908
0.2216051
0.1395951
-0.1218074
0.3083517
0.3372628
0.04697874
-0.2386637
0.08154468
0.2196729
0.04970663
0.1754894
0.03558568
-0.08088556
-0.09413945
-0.08859764
-0.2848661
-0.1765081
-0.1775207
0.09996471
-0.2136809
-0.09482399
0.00909151
0.07586021
0.08814545
0.08741631
-0.06038998
-0.05480503
-0.1703497
0.06883701
-0.03362013
-0.08275044
-0.08478433
0.1250758
0.5869502
-0.04220446
-0.1589097
0.1092249
-0.1028253
0.001597309
-0.04584616
-0.06306838
-0.008661084
0.09486065
0.2159572
0.1097175
0.274431
0.06180735
0.01206729
0.0644492
-0.05706054
-0.04856339
-0.1719886
-0.0532461
-0.06859129
-0.1120731
-0.1183404
0.4777576
0.4902994
0.1374869
-0.06211676
-0.1931472
-0.1214988
0.2146286
0.2172533
-0.2398204
-0.2599295
0.2357025
0.1541104
0.500472
0.4567673
-0.1815667
-0.1432969
0.1555973
0.1894534
-0.01522477
0.09147111
-0.05208724
-0.005938748
0.4060958
0.06391582
0.21905
0.1451502
0.07033332
0.1554672
-0.3249494
-0.2522154
-0.06217945
-0.1618242
-0.4217599
-0.2511007
-0.228674
-0.2247375
-0.3376087
-0.4739179
0.09352769
-0.0413678
0.08660436
0.3007464
0.10442
-0.1226096
-0.0779764
-0.4879317
0.3637037
0.1498171
0.09730304
0.01846232
-0.09336284
0.1986828
-0.1050222
0.1815753
0.2885092
0.19603
0.09001007
0.2381628
-0.04230597
0.1666364
0.128636
0.1099869
-0.07016355
-0.06985061
-0.07725705
-0.08687796
-0.1898831
0.1154985
0.2102072
0.404091
0.5635061
0.5113777
-0.0860935
-0.1614472
0.1909432
-0.09391906
-0.3574445
-0.4028434
-0.2844806
-0.3459966
-0.3269864
-0.3361809
0.4627177
0.4093455
-0.05597788
-0.1419767
-0.1961522
0.06701578
0.3855618
0.4738432
-0.2083586
-0.1411881
0.3950231
0.3619517
0.4164176
0.4222582
-0.2288939
-0.2698449
-0.05089131
-0.01041
0.07052457
0.05971805
0.01293628
-0.01278112
0.4347614
-0.004230126
0.5308395
0.3469716
0.04205608
0.1957723
-0.3728944
-0.03377124
-0.09061146
-0.1972506
-0.4935875
-0.312536
-0.03384568
0.004763764
-0.2397426
-0.3111412
0.1715619
0.1909911
0.08008255
0.06276613
0.2088575
-0.1463105
0.1024412
-0.3293258
0.3698063
0.2868711
-0.08865129
0.001191173
-0.3078034
0.02495767
-0.1669568
-0.008926412
-0.02000271
-0.1013133
-0.07681223
0.1331311
-0.1757653
0.03975515
0.6903897
0.007935054
-0.09027089
0.08432442
-0.007128843
-0.2003
-0.1571311
-0.3132203
-0.2757015
0.03596222
-0.2124657
-0.2081071
-0.08724569
-0.1173635
-0.3354124
-0.1178582
-0.2046589
-0.0134302
-0.09970832
0.036413
-0.1543948
-0.264075
-0.439149
-0.147373
-0.3515864
0.3742358
0.2761067
-0.071697
0.02431543
0.5573167
0.4607057
0.2908592
0.2819719
-0.3764182
-0.2096387
-0.05884628
-0.1848331
-0.02951768
-0.1007829
0.1489261
-0.0530093
0.04409524
-0.05499292
0.02902532
-0.3351653
-0.277385
-0.2752427
-0.1029809
-0.2541275
0.3390864
0.1700233
0.05203921
0.1888018
0.3372236
0.07184784
0.1338324
-0.07414649
0.1536001
0.1568936
-0.06979578
-0.1033522
-0.1791755
0.09101915
-0.2021685
-0.3406271
-0.1744315
0.2857611
0.0005759703
-0.1562094
-0.1121063
0.1232048
0.08806407
0.1100798
-0.2131077
-0.1744759
-0.1465496
-0.1606169
-0.2426253
-0.1396035
-0.0855539
0.09719028
-0.1959789
-0.07631921
-0.006319157
-0.1681314
-0.01863482
-0.09079435
-0.02610726
-0.051053
0.08668154
-0.1966619
-0.01698693
0.1292984
-0.02640201
-0.1854896
-0.06305268
-0.05705987
0.1274419
0.08191292
0.04118778
-0.05894337
-0.2083084
-0.2831724
-0.002330863
-0.09039828
0.2495181
0.1571609
-0.02603571
0.006056143
0.2998174
0.3176599
0.304024
0.4128383
-0.2827432
-0.1212949
-0.0630462
-0.1928526
0.02390317
0.04820092
0.005716813
-0.0956832
-0.02409443
-0.1083189
0.1342583
-0.1536433
-0.252088
-0.120814
-0.2516712
-0.2878769
0.01367113
0.03395005
-0.03166994
0.1208098
0.162648
0.05999717
0.0776012
-0.1408977
0.02282463
0.02937771
-0.2399704
-0.087871
-0.06755154
0.1378636
-0.03716095
-0.1892411
-0.164081
0.1696328
-0.02503309
-0.2202046
-0.1016597
0.1282261
0.0524244
-0.003483614
-0.08329425
-0.1631981
-0.07644386
-0.1510667
-0.1264726
-0.07535787
0.004724701
0.1731219
0.3993132
0.2955263
0.5169568
0.1139029
0.3275553
-0.03327207
-0.03745963
-0.2389358
-0.07880911
0.1989881
0.05469533
-0.03287764
-0.2063483
0.1305061
0.00644714
0.242933
0.2094845
0.2080253
0.2762114
-0.09011161
-0.2063881
-0.3348131
-0.3858608
-0.5153819
-0.4864483
-0.4909297
-0.4521112
0.2010267
-0.2927364
-0.4100809
-0.437743
0.05822277
-0.01115658
0.3123679
0.3418551
0.3208098
0.1412292
0.08923718
0.03432008
0.1073452
-0.005124501
-0.3064299
-0.01103923
-0.1664168
-0.1684886
0.3427879
0.4680486
0.2978515
-0.008861893
0.3711252
0.4088269
0.1977674
-0.2498565
-0.2202955
-0.003424547
0.03551464
0.281933
0.0268206
-0.0337001
0.003708835
0.0388707
-0.322572
0.02143796
-0.2211254
0.02639499
-0.1357293
-0.06190977
0.2418108
0.138845
0.09916125
-0.03846949
0.1762133
0.3050375
0.07247219
0.1132026
-0.1295953
-0.02043047
-0.01958502
-0.1155942
0.03388951
0.3982272
0.1015168
0.2017332
-0.02520792
-0.03465557
-0.06466414
0.01188186
-0.07984528
-0.08056695
0.01617278
-0.1967135
-0.2370558
-0.1653099
0.1448145
0.0008456117
-0.08316214
0.05139481
-0.0492656
-0.1186061
-0.3931243
-0.2975007
-0.3999356
-0.1357756
-0.300188
-0.3207717
0.1085131
-0.03007134
-0.3461754
-0.2053647
0.1418487
0.02181602
0.1730275
0.2108805
0.07426766
0.0170667
-0.01169418
0.03508597
0.1777811
0.05256547
-0.2736588
-0.02989179
-0.09465128
-0.04679249
0.2393061
0.4732437
0.224157
0.07547499
0.4324679
0.3411779
0.03000431
0.05615865
-0.2945878
-0.1504281
-0.1089665
0.2086645
0.2924518
0.2972963
0.1030624
-0.2620334
-0.3103673
-0.0004271137
-0.2069974
0.1268497
-0.2734934
-0.1730841
0.01764855
0.07547799
-0.25249
-0.1889635
0.1807421
0.04498116
-0.1730307
-0.1508527
0.1986492
-0.09756442
-0.0625438
-0.5164376
0.459986
0.1456092
0.09559484
0.01086556
0.01062072
-0.2025728
-0.1892999
0.2805458
0.3471298
-0.09862719
-0.1956649
0.408002
0.4036684
0.3851959
0.3426388
0.441002
0.4105651
-0.3952973
-0.3641782
-0.1137783
-0.06870255
-0.1814119
-0.2336515
-0.1506429
-0.1619862
0.1023097
-0.1341587
-0.1785198
-0.1135722
-0.284815
-0.2702721
0.09483758
0.05517441
0.2875957
0.2047573
0.1412806
0.01524386
0.150811
0.003958544
-0.2301603
0.06593937
-0.1489607
-0.1623748
0.1437374
0.01320637
0.03439856
0.07727851
0.1939521
0.3313935
0.3133873
0.1691857
0.02016946
-0.109783
-0.0246013
-0.008119245
0.1711867
-0.06099173
0.1963022
0.1217236
0.04408413
0.2519917
-0.2334271
-0.06267819
0.04687626
0.04377482
0.4097426
0.07792316
0.2119626
0.341948
0.2091249
0.2000834
0.08402067
0.1825126
-0.05309811
0.03663133
0.415743
-0.1859589
0.1216206
0.3437341
-0.1757782
-0.09347474
-0.1846655
-0.04356511
0.01104622
0.1148397
-0.09808721
-0.203011
0.2970682
0.2036409
0.2046102
0.1716509
0.3215424
0.3596098
-0.2381643
-0.3192943
-0.1765483
-0.1430669
-0.25515
-0.2725784
-0.3134352
-0.2257507
0.0686089
-0.280113
-0.2670771
-0.2930482
-0.219851
-0.3227046
0.0312322
0.02184825
0.2990556
0.1638188
0.0576603
0.1580105
0.05637689
-0.07000279
-0.1785896
0.0752614
-0.149065
-0.01795089
0.3716209
0.4068992
0.1351249
0.1024084
0.3137516
0.4167927
0.3083593
0.1455013
-0.1919986
-0.06808015
-0.06288951
0.1055732
0.1668198
0.09109067
0.0621277
0.01329858
-0.05229032
0.1638006
-0.2714991
0.1286103
-0.1430357
0.05648674
0.2013674
0.0335327
0.1736988
0.1244567
0.09094968
0.01505047
-0.08729264
0.04867378
-0.01599074
-0.1050895
0.1450542
-0.1303516
0.07917331
0.03679466
-0.1601329
-0.4140464
-0.2711395
0.2223152
0.2933598
-0.1539068
0.0421365
0.2196085
0.2037121
0.2607709
0.355049
0.2812902
0.3944272
-0.1539976
-0.1023679
-0.05263507
-0.06709117
-0.1362612
-0.3841546
-0.1914279
-0.2215628
0.02137407
-0.4079814
-0.2994479
-0.3402578
-0.119703
-0.165704
0.2831872
0.2045638
0.4893705
0.4371335
-0.2121354
0.02556636
0.05936563
0.03554906
-0.0345643
-0.05746285
0.0008086928
-0.2139649
0.1250634
2.076127e-05
-0.09838701
-0.0733555
0.2210851
0.2487746
0.06845214
0.1526686
0.07703515
0.1364857
0.1942751
0.2241274
-0.0200992
-0.09689352
0.2378327
0.1474806
0.04726941
0.3043413
-0.1750655
-0.09403221
0.0942496
0.01120222
0.3937442
0.2215814
0.144444
0.1221665
0.3235936
-0.02224655
0.1365381
0.3837938
0.004755548
-0.0024182
0.2706427
-0.01079918
-0.06516306
0.1501039
0.09900431
0.293933
-0.09474981
-0.08985735
0.2387646
0.151673
0.05815215
0.08915577
0.08705814
0.0551893
0.1169031
0.1451066
0.3248774
0.1311553
0.07079303
0.07829874
-0.3035817
-0.2035536
-0.2947011
-0.07807624
-0.2466434
-0.2335152
-0.1907636
-0.0548444
0.1849719
0.1132441
0.1097077
0.1920579
0.1817169
0.1612288
-0.03681533
0.1738331
0.2645052
0.2650241
0.06598765
0.01373254
0.05346577
0.1613255
-0.09224344
0.3436505
-0.1581599
0.06606059
0.09494758
0.04068466
0.09087898
-0.1228166
-0.1345906
0.05432604
-0.130181
0.0390642
-0.09232359
0.1423212
-0.2312137
-0.1214383
-0.0252139
-0.101363
-0.07224933
-0.05938599
0.038939
0.04859023
-0.08842292
0.003642898
-0.04918367
-0.02275214
-0.1306113
0.04506316
-0.2044626
-0.1247697
-0.06914883
0.1763374
0.01707164
-0.03648278
0.7562428
0.283461
0.2655825
0.6545379
0.4663165
0.2310283
0.1276546
0.05602639
0.05275088
0.08081459
0.1750298
0.01431148
0.1298753
0.04709571
0.1085588
0.01701484
0.05592267
-0.2110952
-0.2823043
0.05767349
-0.02188973
-0.2169077
-0.29144
0.1694407
0.06059398
0.1587375
0.06359808
0.08275019
0.1879002
0.1166233
0.131803
-0.1582742
-0.186882
-0.1601581
-0.1426279
-0.06272688
0.0414287
0.086721
0.09501452
0.01329741
0.006570697
-0.3274519
-0.1164531
-0.008394359
-0.09401992
-0.1890609
-0.09694445
-0.1493073
-0.2099457
-0.1285691
-0.2460986
-0.067131
0.07536975
0.2075362
0.04219456
0.1351298
0.2863387
0.0617576
-0.1924579
0.07738105
-0.002477575
0.04493887
0.005759053
-0.09755609
-0.1648075
0.08876617
0.1222146
0.131484
0.07282823
0.09876434
-0.03460254
0.03722796
-0.06233949
0.5913195
0.584636
0.4594957
0.4067799
0.519465
0.2127391
0.06238856
0.03113614
-0.01961821
0.03095668
-0.0180202
0.09772242
0.2918992
0.2849
0.05497222
0.1339602
-0.2294193
-0.1457644
0.1836816
0.148274
-0.3595711
-0.183766
0.3011006
0.3567656
0.2466637
0.2247848
-0.1357667
0.0313722
-0.09421296
-0.01236633
-0.1060418
-0.09686035
-0.1452801
-0.1225706
0.09210803
0.190424
0.2488083
0.3573103
-0.03993299
0.08077253
-0.4061886
0.01913257
-0.184923
-0.2422223
-0.3348837
-0.2195987
-0.2471627
-0.2890034
-0.3005705
-0.3999137
-0.0898699
0.1231243
0.1073691
0.02731468
0.2686045
0.194337
0.07552241
-0.3494531
0.1525545
0.1179984
-0.09788117
-0.05041992
-0.2639164
-0.1068648
-0.0002408284
0.07855507
0.03388437
-0.04726655
0.03431871
0.1267118
-0.02222797
-0.1068592
0.8060513
-0.0601094
-0.1763779
0.546317
0.2232736
-0.3009554
-0.2799482
-0.4467367
-0.4726323
-0.4237385
-0.3782816
0.4659935
0.3522792
-0.06370011
0.09332882
-0.03691542
0.3252107
0.3529248
0.4370964
-0.1958006
0.1787632
0.520625
0.572836
0.2861348
0.3311579
-0.1601547
-0.1302938
-0.3799488
-0.2620229
0.01278854
0.1017237
0.02592229
0.07768321
0.2681163
0.07134058
0.3846184
0.5509068
-0.1985884
0.07226698
-0.1861507
0.265426
-0.3024545
-0.295019
-0.4602774
-0.2775305
-0.08739218
-0.04904281
-0.2691699
-0.3474559
0.03135768
0.1368709
-0.07975692
-0.2414688
0.1744143
-0.2219594
0.1445349
-0.1168932
0.09579196
0.2011395
-0.458725
-0.20243
-0.5175047
-0.3027914
-0.2532344
-0.150941
-0.3050355
-0.361415
-0.1885579
0.001388493
-0.4416167
-0.04029216
0.004711324
-0.1840181
0.6059489
0.3581148
-0.2027401
-0.1856431
-0.3177129
-0.3810471
-0.3472629
-0.221983
0.6593561
0.5257675
0.0428659
0.1632975
-0.2413266
0.09361361
0.206531
0.3278563
-0.3612128
-0.04459865
0.3682478
0.4020124
0.4675551
0.4366142
-0.2326206
-0.08165598
-0.3210674
-0.07167235
-0.07183415
0.1107725
0.1205063
0.1916152
0.3208912
0.1838398
0.3797458
0.488758
-0.117567
0.263406
-0.2727746
0.1581822
-0.2246006
-0.2785702
-0.5053539
-0.2435365
-0.2347559
-0.1348226
-0.3251561
-0.3933661
0.03848863
0.1245056
-0.1599198
-0.267576
0.1610536
-0.1858574
0.2186825
-0.2656504
0.2034155
0.1543356
-0.2799538
-0.1651082
-0.4956157
-0.2554797
-0.237767
-0.09893817
-0.233245
-0.2866085
-0.02535266
0.1341685
-0.3935027
-0.0484485
0.7503328
0.2742177
0.2259574
0.4822329
0.4299755
0.5228732
0.6198882
0.4700558
0.5656429
-0.1381317
-0.1257748
0.05670041
0.0263729
-0.2232027
-0.507102
-0.2482633
-0.2957759
-0.1558173
-0.3847
-0.01668797
-0.07644897
-0.04948778
-0.05139888
0.2255626
0.244046
0.1928039
0.1993938
-0.2066419
-0.1550143
-0.05912101
-0.08137591
-0.138887
0.0212074
-0.1209611
-0.2272546
0.1119143
0.05652578
-0.2328792
-0.1793128
0.03468584
0.01692568
0.0576897
0.06202651
-0.03812035
-0.1882662
-0.1762747
-0.1699768
-0.1479721
-0.2279166
0.1395661
0.1458735
0.03082066
0.320295
-0.06396725
-0.2395255
-0.005186335
-0.03849273
0.190449
0.1156909
0.1916134
0.07199116
0.1759389
0.04203679
0.2958964
0.2998949
0.07307558
0.07480409
0.2270121
0.01350855
0.1728996
0.1205326
0.6170883
0.5659041
0.5850626
0.7381732
0.6888614
0.7380626
-0.3854049
-0.2754313
0.1347265
0.1427155
-0.05785397
-0.3401895
-0.226907
-0.2541233
-0.2194038
-0.2707025
-0.07502985
0.00714506
-0.3203651
-0.302502
0.139888
0.05251295
0.3320177
0.2227773
-0.1116027
-0.1471419
-0.134848
-0.2244112
-0.1149289
-0.009681097
-0.1491161
-0.1897638
0.1390845
-0.1197894
-0.2911223
-0.1446484
0.01949797
0.1265148
0.1691053
0.2539474
-0.006122354
-0.2007999
-0.112978
-0.1611472
-0.1275598
-0.05888404
0.3087666
0.3660762
0.2292933
0.455098
-0.3313126
-0.2431844
0.05785279
-0.1014986
0.258532
0.07856024
0.3781388
0.1865556
0.2098958
-0.05876523
0.3997926
0.3769301
0.1160515
-0.004257913
0.4781514
-0.01885323
0.5425145
0.2190345
0.1599114
0.1405217
0.1239545
0.1155801
0.1961802
0.3385804
0.1473823
0.2322244
0.2705921
-0.1205149
-0.08305251
-0.1150937
-0.06141111
-0.3549736
-0.03812553
0.1746054
0.3542707
0.1499208
0.2403742
0.02314378
0.05255645
-0.3061154
-0.1313937
-0.1890691
-0.05541494
0.09679894
0.2466165
0.1236573
0.1736146
0.1586987
0.3335827
-0.2539137
0.2189057
-0.2724026
-0.002775446
-0.275063
-0.2670003
-0.1183635
-0.06050764
-0.1606184
-0.0802397
-0.3072975
-0.2932864
-0.04980206
0.05481543
-0.1886946
-0.2563793
0.02591338
-0.1473638
-0.00144699
-0.2627126
-0.06259151
0.07575554
-0.3779722
-0.1665531
-0.2913973
-0.134988
-0.1228461
-0.218226
-0.1815495
-0.2429455
-0.01968563
0.05697155
-0.2996955
-0.1071594
0.4025314
0.497484
0.1247941
0.2446372
0.2287299
0.2285765
0.2732391
0.2269772
0.4120765
0.6072631
-0.03810901
-0.07332368
-0.1793722
-0.1619129
-0.3582869
-0.1712485
0.03670365
0.09776488
0.1943443
0.251282
0.06904831
0.04113177
-0.1923461
-0.1166569
-0.1194646
-0.1405822
0.1888962
0.2821687
-0.008653824
0.1494849
0.03141831
0.07963146
-0.3320962
0.02029532
-0.3547903
-0.3069224
-0.2427747
-0.2995151
-0.05688152
0.2170258
-0.0455627
-0.009093755
-0.2650481
-0.2980939
-0.1495782
-0.1634272
-0.2166245
-0.2219184
0.07433423
-0.1641478
0.06184992
-0.1945515
0.004299902
-0.04205226
-0.2470352
-0.1922427
-0.06921417
-0.1773571
-0.1754204
-0.1593103
-0.08682131
-0.08383036
0.102698
0.075501
-0.1986437
0.086164
0.8322475
0.6318641
0.7524978
0.8494729
0.7668
-0.3264545
-0.2804091
0.4005774
0.3979726
0.03993517
-0.2828072
-0.3623196
-0.2923943
-0.3213186
-0.3725372
-0.07943068
-0.0932807
-0.3164097
-0.2918105
0.08883153
0.04457175
0.2559857
0.1808234
-0.08712157
-0.001013168
0.05004551
0.03678931
-0.2022149
0.06603468
-0.2481788
-0.1495824
-0.04410107
-0.08225563
-0.2337021
-0.1544006
-0.1692368
0.02453187
0.3698526
0.2981257
-0.01018035
-0.2169287
-0.1764446
-0.2171998
-0.2809832
-0.198844
-0.03067194
0.1498277
0.16945
0.2364897
-0.2913232
-0.2243421
-0.03555897
0.008491283
0.2020395
-0.07944034
0.4092254
0.3267364
0.002725681
-0.03230232
0.2161262
0.3089322
0.08600332
0.0896649
0.3832413
0.1673997
0.590434
0.7071264
0.7385751
0.7149687
-0.2874967
-0.2076512
0.3518988
0.5940741
0.008057164
-0.1264702
-0.3830727
-0.2841838
-0.3065817
-0.1816195
-0.1974254
-0.008081633
-0.2968951
-0.2684333
0.04414339
0.05923153
0.2157423
0.1977385
-0.1730128
-0.146557
0.07350935
-0.02421092
-0.1819921
0.0857465
-0.1660372
-0.1133683
-0.0370166
-0.1056019
-0.296829
-0.1972868
-0.1373921
-0.0008286801
0.283842
0.4680439
0.08357444
-0.204636
-0.1529486
-0.2610915
-0.2169881
-0.2128655
-0.08943161
-0.02632215
0.1063291
0.09957328
-0.1943183
-0.1418931
-0.07966566
-0.09367776
0.17863
-0.1650115
0.462831
0.1069587
0.009795061
-0.10068
0.08883376
0.1584937
0.1063653
0.03865954
0.3960744
0.01470866
0.8829462
0.748688
0.7544638
-0.3689881
-0.3954694
0.1855545
0.02450774
-0.1356687
-0.4236134
-0.5164247
-0.4978193
-0.1275566
-0.3435348
-0.3112928
-0.220025
-0.1916289
-0.1655666
0.1564221
0.1429887
0.309684
0.2502552
-0.04494998
-0.1395181
0.08266384
-0.02861012
-0.1959838
-0.03661269
-0.2503835
-0.3189092
0.09640959
0.07304272
-0.1565404
-0.2244892
0.1274945
0.2113641
0.3944593
0.3226525
0.02824392
-0.2126719
-0.0847727
-0.02976024
-0.153466
-0.004173129
0.1320871
0.1287222
-0.09742144
0.1904605
-0.3704684
-0.1523674
-0.03924216
-0.2501482
0.2479264
0.1309446
0.3589153
0.2340946
0.2791088
0.1254175
0.2924534
0.2236124
0.2597596
0.1082428
0.4441875
-0.02635345
0.8209901
0.8344406
-0.3867325
-0.3341123
0.2795046
0.158402
-0.02662708
-0.3941713
-0.5043848
-0.5110745
-0.1886103
-0.3549707
-0.2859554
-0.2179595
-0.2492649
-0.2604882
0.1551808
0.1112669
0.3719516
0.2445275
-0.07516869
-0.144017
0.05298777
0.01227172
-0.2181136
-0.03536892
-0.2311581
-0.3175358
0.02873929
-0.02635589
-0.2237254
-0.3055849
0.01275289
0.1363315
0.3549452
0.3575806
0.02727227
-0.1657637
-0.1192033
-0.1027833
-0.1696667
-0.062582
0.1088596
0.2148602
-0.02537198
0.2229079
-0.3728269
-0.2450023
-0.04276203
-0.1779262
0.218449
0.0225338
0.4486788
0.1773457
0.2654355
0.07858823
0.2821329
0.2806252
0.2378769
0.006920013
0.4212717
-0.005678863
0.8840982
-0.4576821
-0.4669785
0.3392416
0.2478582
0.0396158
-0.3277459
-0.43624
-0.3387023
-0.2262257
-0.3460381
-0.1746447
-0.176606
-0.4397966
-0.4288721
0.1073383
0.03468476
0.3367711
0.2051024
0.01987968
-0.01138467
0.08364568
-0.05961964
-0.1992923
-0.1238952
-0.2585151
-0.2939332
0.06280871
-0.079737
-0.2042806
-0.09193278
-0.01543534
0.222132
0.4542351
0.3732728
0.05324994
-0.1606489
-0.1198823
-0.01948934
-0.162447
-0.09313119
0.09722803
0.3135686
0.2131701
0.3783635
-0.3650243
-0.1617314
0.06564565
-0.06414266
0.2757952
0.07724185
0.5233831
0.3469497
0.06908138
-0.01196672
0.3126005
0.3842608
0.1208606
0.05681748
0.5005637
0.07443637
-0.3771285
-0.3661683
0.2305438
0.2303099
-0.1165099
-0.415467
-0.4523389
-0.3825372
-0.2839835
-0.4086861
-0.2688858
-0.2276623
-0.3406774
-0.3428557
0.1446628
0.0611326
0.3479629
0.2771091
-0.0672919
-0.01467742
0.09684156
-0.0957482
-0.1803193
-0.05942582
-0.1598889
-0.2019536
0.2086784
0.07934435
-0.2149832
-0.09082425
0.0980527
0.2359221
0.3361444
0.3673487
0.03651346
-0.1720135
-0.1291847
-0.02108315
-0.07955978
-0.009541603
0.1601181
0.2555714
0.1513339
0.411011
-0.3168741
-0.1948855
0.008263826
-0.1203675
0.2582073
0.0007930664
0.4453661
0.2055137
0.165889
-0.03103906
0.2485951
0.3355626
0.1274297
-0.01093542
0.4658666
-0.0869913
0.83151
0.2376662
0.1489552
-0.1868506
-0.05077129
0.1768216
0.233158
-0.2741957
-0.1257468
0.2492997
0.2309136
0.6850612
0.6055229
-0.2209316
-0.01066591
-0.2654867
-0.08494317
-0.2719327
0.1680547
0.01720114
0.2689161
0.4966509
0.1909087
0.3084136
0.414453
-0.2892892
0.3228347
-0.3070916
-0.196054
-0.2879742
-0.3735209
-0.5009476
-0.3493726
-0.3487933
-0.07656087
-0.4146138
-0.3217954
-0.0824213
0.0378593
-0.3243219
-0.1102245
0.02836502
-0.301234
0.2901189
-0.3109688
0.1853246
0.2610869
-0.2984612
-0.04142795
-0.3973547
-0.1869905
-0.3037504
-0.05575873
-0.1996449
-0.2516772
0.003185764
0.2468519
-0.4367483
0.05176654
0.2481187
0.2528402
-0.1332085
0.05497766
0.362782
0.3571523
-0.4088053
-0.1481312
0.200713
0.2404429
0.6958313
0.6216535
-0.2636065
-0.06888782
-0.1493251
-0.04694425
-0.187689
0.1669267
-0.05548223
0.2310521
0.5072643
0.2650153
0.3436884
0.466282
-0.2045843
0.2054797
-0.4155392
-0.1988704
-0.2969816
-0.3404589
-0.6654499
-0.2741618
-0.2826439
-0.07494875
-0.3446113
-0.3940628
-0.05075201
0.06968092
-0.0986534
0.01690351
0.1687123
-0.1151409
0.3921482
-0.3527084
0.2933432
0.2894769
-0.1304019
-0.2107807
-0.316268
-0.1628086
-0.2602259
0.01271665
-0.03083384
-0.1228864
0.07976089
0.286466
-0.2323736
0.003861111
0.6319491
0.3480255
-0.02969459
0.01485801
0.08215347
-0.446322
-0.2235123
0.2969147
0.1702604
0.01580807
0.03961866
-0.1713397
-0.1442021
-0.0187393
0.04351571
-0.1844451
-0.0377498
-0.1128666
0.09066823
0.2987909
0.04241984
-0.07982987
-0.02010621
-0.4299767
-0.1311197
-0.4058305
-0.223613
-0.4201148
-0.3829232
0.1406899
0.2356286
-0.03751944
-0.240804
-0.3105932
-0.3237416
-0.1329956
0.04803463
-0.156327
0.1602414
0.299205
0.05764159
0.1251259
-0.2517734
0.250131
0.1276013
-0.1740703
-0.1176288
0.10584
0.1211129
-0.1368386
-0.04454378
0.1551513
0.01750882
0.2443667
0.08857941
0.0185577
0.1756406
0.1570281
0.2550192
0.01076335
0.2054166
-0.6123968
-0.05866845
0.1532743
0.3166761
-0.04175054
0.0150588
-0.2347117
-0.03538557
-0.08198164
0.08511174
-0.2073548
-0.07054968
-0.03442505
0.1014012
0.2048635
0.1368841
0.08379703
0.1538412
-0.2642182
-0.1927923
-0.467943
-0.1483501
-0.4414292
-0.3727142
-0.04506603
0.2977258
0.02788922
-0.1615045
-0.2783366
-0.3904996
-0.106971
-0.08175886
-0.2258589
-0.0926655
0.4189733
0.05914714
0.1376438
-0.2005584
0.015136
0.1032463
-0.1552656
-0.3850536
0.09524383
-0.06938852
-0.2253802
-0.1789388
0.01221002
-0.01422762
0.08152635
-0.02648654
-0.004097918
0.06047928
0.5433776
0.286876
0.213847
0.1950258
0.4969117
0.3678192
0.3511346
-0.3390379
-0.303929
-0.2489024
-0.3446598
-0.2217292
-0.1604147
-0.0854847
-0.2092198
-0.2434214
-0.03306687
0.04530944
-0.2482121
-0.1494479
-0.1389819
-0.2844985
-0.4538794
0.2212923
0.1831743
-0.3110978
-0.1813736
0.1584158
0.2267645
0.1524616
-0.08382659
-0.02768301
-0.1075545
-0.077396
-0.0716987
-0.1556633
-0.01316322
-0.05355303
-0.09359404
0.01768346
0.1052642
-0.03401576
-0.1137307
-0.3070153
-0.1968488
0.1313988
0.07228757
-0.1514359
-0.1420183
-0.1076627
-0.1030581
-0.03683202
-0.316199
-0.07958191
0.09394533
0.3365755
0.5319337
-0.01959271
0.6848508
0.3023498
0.5586159
-0.1163065
-0.05288062
-0.394359
-0.2594062
-0.3061634
-0.1366402
0.1242972
0.06131085
-0.05191915
0.019618
0.1122744
-0.2377474
0.1830946
0.11255
-0.1089718
-0.389717
0.1087744
0.3601462
-0.3193315
-0.2636394
-0.1873615
0.1246501
0.2563534
-0.007370203
0.03476189
-0.2003311
0.1685107
0.03948144
-0.1782447
-0.2575237
0.1088704
-0.342767
0.1187336
0.06543676
-0.04458074
-0.08715864
-0.3458887
-0.4045554
-0.1713482
-0.1843458
-0.2688344
-0.1564632
-0.2455767
-0.277701
-0.128369
-0.2534302
-0.1520295
-0.1025249
0.5961042
-0.1266321
0.2076308
0.4881163
0.3252284
0.06889072
0.09892021
-0.3382278
-0.4524495
-0.3205747
-0.1699858
0.07414169
0.1179349
-0.2161024
-0.1334369
0.2480166
0.1242419
0.3048729
0.4280361
0.01452346
-0.1908437
-0.06726129
0.3289905
-0.2095925
-0.2714713
-0.4657514
-0.2425656
0.1068015
0.01230337
-0.1395215
-0.2778572
0.1045797
0.04663749
0.1955007
0.1289496
0.3285981
0.2146239
0.3578987
-0.07118539
0.2849839
0.2694715
-0.05542676
-0.1186697
-0.2120603
0.06488332
-0.06816922
0.009785105
0.00312222
-0.02574787
0.01775644
0.09487383
0.0003036505
0.1277596
-0.3963593
0.1472886
0.3840883
0.4993085
-0.0227273
-0.01466985
-0.3065341
-0.1879425
-0.01898362
0.1922888
0.1892814
0.2955971
-0.1527219
-0.05120497
0.4085772
0.07127714
0.5030608
0.3767469
-0.02581076
-0.2493846
-0.2690872
0.4692666
-0.3840674
-0.3614613
-0.379453
-0.001431444
0.1949461
-0.1334592
-0.03525351
-0.3511355
0.1572055
-0.01158405
0.05183511
0.08920427
0.5759778
0.03745228
0.3686203
-0.2148582
0.385887
0.3729187
-0.05483223
-0.2260725
-0.1872311
0.09505281
-0.255151
-0.1423038
0.02674854
0.09151924
-0.1932532
0.07772976
-0.02648946
0.1261407
0.434215
-0.105144
-0.1964907
-0.2145883
-0.1641644
0.2338959
0.008279488
-0.08226918
-0.2272904
0.03274041
-0.2208207
-0.07363749
-0.1476311
-0.321315
-0.1292173
-0.4223715
-0.3525246
0.001309664
-0.05445819
0.6313761
-0.01483895
0.3933366
0.3680296
0.3187531
-0.02216804
-0.02650569
0.1563947
0.3098761
0.4429879
0.031952
-0.1764912
-0.05043549
-0.07500705
-0.6031427
-0.2705868
-0.1250187
0.4906782
-0.2416501
-0.2728403
0.02103433
0.3480583
0.04110089
-0.08907852
0.1314447
0.008000226
-0.2039436
-0.1734236
-0.185053
-0.2355905
-0.1646167
-0.05175212
0.2132362
0.4917368
-0.2206055
-0.1060375
-0.198235
-0.1855222
-0.4660781
-0.3286683
0.06410082
-0.1425759
-0.05723017
-0.03569522
-0.1245555
-0.1738693
-0.1345063
-0.02171023
-0.1684812
-0.3449946
0.4100949
0.2966066
-0.1465134
-0.0850172
0.01873018
0.05558605
0.13761
0.03350373
0.1124633
0.0192035
0.08168052
-0.04499996
-0.1773971
-0.2691598
-0.2921493
-0.4051567
0.08849147
0.3133658
-0.2436173
-0.2295692
-0.3438098
-0.1452405
-0.04989297
-0.232084
-0.1268447
-0.1234241
-0.2679796
-0.4198199
-0.1470921
-0.2301009
-0.1699437
-0.1554432
0.6327847
0.1029586
0.1997535
-0.4624644
-0.4116848
-0.4243829
-0.2408998
-0.02731778
0.07327992
-0.09253687
-0.08171604
0.2101433
-0.2484992
0.07298782
0.1760747
-0.2365361
-0.3001857
-0.09693614
0.1269549
-0.3636217
-0.3613813
-0.291705
-0.2032786
-0.02158278
-0.1826043
-0.2919597
-0.3183761
-0.1678853
0.05438532
-0.07406959
0.05177827
0.2451529
-0.02747606
0.1960331
-0.06726602
0.2598663
0.1717341
-0.2608087
-0.06891553
-0.234083
0.05749022
-0.219657
-0.06868239
-0.02377814
-0.1653142
-0.06547392
0.1098774
-0.1419692
0.1674128
0.01627295
0.1975422
-0.4332374
-0.3369778
-0.3188916
-0.06554421
-0.09913413
-0.1054438
-0.08973805
-0.06578461
0.2924096
-0.05254544
0.2508276
0.2794166
-0.234608
-0.2528477
-0.2095151
0.2228868
-0.4570346
-0.3839999
-0.3509844
-0.05927126
-3.369e-05
-0.289005
-0.2732257
-0.4714891
-0.03647974
0.02198439
-0.0724095
-0.1431204
0.2240966
-0.2499574
0.1006948
-0.2414085
0.1787629
0.07316152
-0.2739968
-0.2481251
-0.2791181
-0.09127542
-0.2153256
-0.118448
-0.08991323
-0.2048012
-0.1555222
0.02524807
-0.1151402
-0.06294455
0.8508719
-0.09341022
0.0457849
-0.1783443
-0.1528337
-0.1042067
-0.04695736
0.2020645
0.339742
0.2899997
-0.05314545
0.1718407
0.1514812
-0.07412395
0.3077148
-0.2894345
-0.4230003
-0.0585933
-0.2018782
-0.5368702
-0.3778317
-0.2786063
0.0561952
-0.2651166
-0.2084173
0.00644299
0.1468067
-0.06139142
-0.1309784
-0.170772
-0.2093584
0.07853741
-0.2411896
0.136258
-0.03104776
-0.1678024
0.002886529
-0.4006487
-0.1714476
-0.155861
0.2040961
-0.00104949
-0.1928886
0.2133524
0.2901578
-0.3078719
0.004072873
-0.09142273
-0.05026334
-0.2783033
-0.2373943
-0.08665366
-0.1064383
0.1945152
0.2237023
0.3086013
-0.05483372
0.1799847
0.1424564
-0.03200654
0.2475874
-0.2153658
-0.3520634
-0.06743838
-0.2937057
-0.4579143
-0.3639334
-0.1207189
0.06242634
-0.1605891
-0.1978294
0.04702206
0.2082897
-0.005837073
-0.1744997
-0.1604947
-0.2995304
0.1703762
-0.2117559
0.1242516
-0.0344912
-0.2124772
-0.05899796
-0.456239
-0.1687793
-0.2017893
0.2015495
0.01659525
-0.2502436
0.06304422
0.3443362
-0.2952586
-0.03960881
0.5250012
0.3994199
0.1947402
-0.006003783
-0.1072198
0.08991122
0.07545803
-0.2720589
0.03215956
-0.2289354
-0.2056611
-0.07160841
0.2459049
0.1543925
-0.05303042
0.3211326
0.218529
0.3213822
0.08979838
0.05824978
0.139172
0.1302731
0.2616638
0.04737831
-0.1250147
0.1028524
-0.06852709
-0.277684
0.03180987
-0.2226843
0.1518931
-0.2092166
-0.1245704
-0.027973
0.09301624
-0.002972649
0.02220271
0.05865518
-0.08648009
-0.01241967
0.2066915
-0.01391784
-0.08226687
-0.04849093
-0.02517882
0.3692017
0.3238302
-0.1618345
-0.02556719
0.0699416
0.2363668
-0.1208275
0.05253918
-0.1493518
-0.1950884
-0.09015653
0.08624626
0.1089327
-0.03364152
0.03391761
0.04914864
0.2240951
0.00381279
-0.08238813
0.06247805
0.1721579
0.2538811
-0.04587755
-0.1412281
-0.06324056
-0.1412479
-0.1086905
0.07168253
-0.06635378
0.09551269
-0.1812204
0.05276672
0.07104751
0.1359588
-0.1349254
-0.08912096
0.01485732
0.04386441
0.08690772
0.2206848
0.009353983
0.07632254
-0.1248658
-0.054971
0.770827
0.01307974
0.09067147
0.02573212
-0.1005614
0.003322315
0.04144832
-0.003416547
-0.1815838
0.1917602
0.04343958
-0.165872
-0.01398405
0.1678469
0.2953914
0.208046
0.2207528
0.06365623
-0.1260062
0.2138288
0.04163283
0.04613807
-0.1532997
0.2064461
0.3205445
0.1287454
0.2350023
-0.2558017
-0.1994539
0.2119947
0.02887477
0.4529458
0.114793
0.2422092
0.1269961
0.1516113
0.05972654
0.2418919
0.4931656
0.04395385
-0.0736536
0.2883674
0.1219512
-0.0624264
0.07084533
-0.07886539
-0.1582567
0.06930085
0.06353613
0.08347458
-0.09102862
0.1592327
0.0160123
-0.2023803
0.1411042
-0.008397569
0.09129325
0.02193818
0.274986
0.042247
-0.3029365
0.06189862
-0.1651321
0.09678303
-0.2196569
0.1020862
0.1119323
0.2465114
0.1695189
-0.0967627
-0.3567813
0.2177842
0.02950621
0.4021814
0.06146401
0.04413876
0.1348382
0.1362381
-0.01418004
0.1425961
0.5062712
0.09627424
-0.03856178
0.1959424
0.07633018
0.1952892
0.1502754
-0.07323259
-0.264048
-0.1169519
0.004949939
-0.07598779
0.1268745
-0.06113197
0.05556856
0.234983
0.1431519
0.1575017
-0.02358554
0.1090631
0.1627899
0.02900573
0.1219716
0.03302573
0.257209
0.0587811
0.2392163
0.1681732
0.1453548
0.05343347
0.01691431
-0.0003873597
0.1794321
-0.008388899
0.1816282
-0.01604511
0.08917237
0.07300237
0.1818499
0.3021886
0.2367009
0.1465021
-0.002096103
0.09241446
0.1316049
0.04180334
0.1029005
0.1615129
0.101471
0.07537157
0.130503
0.2544548
-0.01717005
0.09700027
-0.1132112
0.2880601
-0.03707889
0.08386337
-0.08070086
-0.149177
-0.003292631
0.08942854
0.01253523
0.05586483
-0.1385439
-0.07993988
-0.1304397
0.2479594
0.3247211
0.1014067
0.2130206
0.002040794
0.1309402
0.3011222
0.0308447
-0.03140332
0.02464586
0.05792364
-0.05906242
-0.1704275
-0.07222242
0.02609941
-0.2081876
0.1007506
0.09107293
0.1204889
0.6027435
-0.07402532
-0.09545988
-0.03733256
-0.0509839
-0.03308233
0.01705942
0.01401853
0.07576354
0.1858885
0.1709887
0.04185418
-0.06195432
0.1011365
0.08471889
0.03649331
0.1160275
0.09706712
0.156895
-0.09858318
-0.1379279
-0.08090323
-0.1619968
-0.07942632
-0.03870632
0.0004147978
-0.1200952
0.1200213
-0.03315168
-0.06494727
0.02425409
-0.1695628
0.05149411
-0.09481204
-0.1672828
0.1243601
0.1945367
0.09601004
-0.05385069
0.1265976
-0.008813393
-0.102171
-0.01803622
-0.4008184
-0.0102832
-0.08433842
-0.06205059
-0.1222976
-0.05333903
0.05355786
-0.100245
-0.1000942
0.140544
-0.07945481
0.01911634
-0.04211234
0.00823607
-0.3513229
-0.2013671
-0.1477746
-0.1844817
0.06070145
-0.002417515
-0.09543752
0.02923391
-0.1944535
-0.1744557
-0.1401373
0.04624221
-0.2378817
-0.1260941
-0.1842406
-0.2672274
0.07787865
0.1057992
-0.2431887
0.05347721
0.1382114
0.309303
0.2520501
-0.2053626
-0.01781372
-0.402954
-0.1120668
-0.3199006
-0.1993376
-0.3147948
-0.1344018
0.03423779
0.02747204
-0.154063
-0.2027883
-0.04839861
0.04498761
-0.02514929
0.252163
0.3124254
-0.04883376
0.142649
-0.09500852
0.3009814
0.2628491
-0.2451001
-0.05707013
-0.06574274
0.1036364
-0.3699496
-0.1376233
0.07966467
0.07569651
0.004179666
0.1730371
-0.1585217
0.2500468
0.2129668
0.4030493
-0.1353788
0.1892558
-0.1591938
-0.05315488
-0.05360908
-0.02726253
-0.09848353
-0.1106847
-0.2329504
-0.1545803
-0.03371309
-0.2259878
-0.1094593
-0.2069106
-0.05475054
0.09326447
0.1085185
-0.0002318442
0.1717226
-0.1796396
-0.02544817
0.2398265
0.1343712
-0.02201036
-0.061595
0.006423827
0.1219166
-0.01563241
-0.101139
0.03846979
-0.03083993
0.0858624
-0.02698579
0.1233053
0.4204829
0.1054234
0.1525914
-0.3003796
0.1149995
-0.2433876
-0.3996353
-0.484848
-0.1435363
0.2140626
0.08595568
0.06889611
-0.2170833
0.2260414
0.09419283
0.08914846
-0.09346689
0.3971991
-0.03055592
0.1960399
-0.4324398
0.3162
0.3311357
0.03443111
-0.1731649
-0.2535885
-0.06948634
0.08922054
0.01634235
-0.05613292
0.0606201
-0.2196144
-0.006887715
-0.1010847
-0.1161861
-0.03508329
0.2446449
-0.2493356
0.2456327
-0.2901078
-0.0977587
-0.4372066
-0.2377527
-0.2129507
-0.05770389
-0.291022
-0.3818167
-0.002821271
0.1967363
-0.02389174
-0.06269923
0.2609866
-0.04237625
0.1446524
-0.1897685
0.07834934
0.354471
-0.2083893
-0.3685624
-0.1955752
-0.1523958
-0.2447595
-0.1376263
-0.3148988
-0.2519989
-0.08986573
0.03176901
-0.09922433
-0.04579728
0.2380352
0.1639032
0.1497434
0.3320936
0.2890519
-0.07958707
-0.01137909
0.1470913
0.06538337
0.2032622
0.12389
0.2221387
0.1315696
0.3480184
0.07817094
0.06458192
0.2647624
-0.04861668
-0.04170702
0.1119287
-0.09007014
0.4057101
0.05610777
0.1559
-0.1335954
0.243597
0.2308441
0.2703251
0.2221019
0.0197235
0.04838157
0.3698309
-0.1652232
-0.007656866
-0.1521881
0.209368
0.1980265
-0.07793516
-0.1416034
-0.3097023
-0.006296787
-0.2722791
0.0235373
0.2052887
0.1332619
-0.1001284
-0.2863587
-0.2308464
-0.04143011
-0.001327227
-0.08618407
-0.110951
0.140611
-0.03908946
-0.04961842
-0.1354506
-0.133536
-0.01726582
-0.04730564
-0.2368394
-0.0826327
0.08440729
-0.05820883
-0.1634166
-0.22303
0.3533211
0.3069215
0.2251694
0.3584185
-0.09975111
0.1003776
0.05213971
0.2588565
0.4491103
0.1378287
0.05537664
-0.05489838
-0.2194281
-0.5043063
-0.1386691
-0.1120874
0.4536661
-0.3721701
-0.1852677
-0.08658521
-0.02043772
-0.02875484
-0.08160516
0.01884907
0.1083044
-0.1778274
-0.1577038
-0.1310431
-0.2340084
-0.1792358
-0.2096483
-0.009731767
0.05424698
-0.01231918
0.004889663
0.2598739
-0.1807256
0.1638178
0.03528154
0.1985939
0.1055571
0.1292388
-0.09112446
0.203494
0.1411206
0.1832441
0.08093615
0.03770094
0.1464008
0.05199222
-0.1554778
-0.1016003
0.01950064
-0.03621887
-0.03577467
-0.08393958
0.001626119
-0.1947347
-0.06490721
0.03121967
-0.1314435
0.4610516
0.1504987
-0.05194817
0.04721811
0.1520651
0.1992951
0.4421324
0.1160387
0.1521411
0.2364355
0.04035389
-0.324617
0.06584321
-0.2156728
0.3437852
-0.2042446
-0.4169312
0.2293401
0.1939293
0.0411453
-0.0409852
0.2778449
0.1006761
0.04686412
0.0007853439
0.04101141
-0.1130564
0.2003798
-0.2273719
0.1407881
-0.07837427
-0.09097064
0.1794915
0.1174595
0.402815
0.002301353
-0.04164096
0.213752
0.290855
-0.1817273
0.2710618
-0.2522238
0.3196934
-0.0816406
-0.1789278
0.2708272
0.1336301
0.3796624
0.03094351
0.1071525
0.1095372
0.07008121
0.08638072
0.07671231
-0.1042056
0.3215801
-0.0893067
0.3820684
0.07538288
-0.1095577
0.1735795
0.2797793
0.02789502
-0.02025461
-0.1925596
-0.003643983
-0.2664793
-0.05644582
-0.2683647
0.3671882
-0.3515004
-0.2160792
-0.06033334
0.07798921
0.3186058
0.1858661
-0.02371869
-0.06124685
-0.09314081
-0.05895856
-0.0886281
-0.21133
0.1334608
0.03565088
0.1579562
-0.3265737
0.02927135
-0.1552499
0.2882386
-0.001769556
0.05296462
-0.1184821
0.107605
-0.02742498
-0.09492737
-0.008484876
-0.005431844
-0.09949395
0.1123298
-0.02630183
0.2339339
0.1295979
-0.03061337
-0.3225913
-0.03539813
0.1148504
0.1109724
-0.1518973
0.123829
-0.1652386
0.299915
0.529103
0.2920374
0.1170836
-0.03759025
0.1321438
0.0356668
0.2280482
0.0660105
0.1289163
0.2056101
0.1388621
0.07016311
0.05596375
-0.04103086
0.2978421
0.1685243
0.056495
-0.09116015
0.1482874
0.1089896
-0.145791
-0.0256124
0.2130145
0.086983
0.4211869
0.586152
-0.07517067
-0.04741134
0.07245752
0.01779482
-0.07608404
0.09850865
0.09218264
0.3599172
-0.0340036
0.1193819
-0.08558878
0.1506747
0.101452
-0.1052475
0.1228404
-0.08380891
0.04480476
-0.03184252
-0.1407439
-0.0688274
-0.003614498
0.1561436
0.5774343
-0.04340549
-0.1344663
0.1395631
0.01845598
-0.007753309
0.05562381
0.1603804
0.3712239
0.1012897
-0.0004411814
0.3407642
0.2773076
0.1861596
0.004660872
0.2419004
-0.01631643
0.1034806
0.1170668
-0.2426087
-0.05518642
0.08308868
0.09162561
-0.06048125
0.05566918
0.08739757
-0.002374461
-0.1796466
0.2306846
-0.007221033
0.6313077
-0.1393502
0.0254766
0.1601637
0.4058754
0.1405483
0.03431558
0.178266
-0.058467
0.08293169
0.05782447
-0.1358295
-0.1137241
0.09785776
-0.04714818
0.354921
0.3441372
-0.1792161
0.01577467
-0.01716593
-0.03598808
-0.1169428
-0.03390982
0.06286062
0.02999259
-0.12564
-0.2035744
-0.01717345
0.04047307
0.1098137
-0.01213704
0.01127572
0.05692447
-0.2568483
-0.1256606
-0.3950543
0.4194572
-0.1422513
-0.007035695
0.04485759
-0.08996216
-0.009627523
-0.1030194
-0.03641386
-0.1583353
-0.1634485
-0.2665953
-0.1065643
-0.04951842
0.1407395
-0.04999063
-0.3158435
0.1450487
0.0335586
0.05399583
-0.4278525
0.342787
0.2644783
0.5176257
-0.1763699
-0.0847504
0.2200543
-0.006312085
0.3634402
0.2143124
-0.01299872
0.07267366
0.3675253
0.343709
0.5417092
0.3739102
0.1472045
0.1756228
0.3428193
-0.174186
0.4149332
0.4394872
-0.1215139
-0.141863
0.4111296
0.04636092
0.2440827
0.150302
0.369895
0.3084253
0.05983034
0.1887817
0.4951445
0.3848183
-0.06037961
0.1868522
0.3840296
0.2971419
0.5103669
0.1473178
-0.3355045
0.5478429
0.3886843
0.2661653
-0.02747565
0.02889105
0.2490688
-0.05330467
-0.09388469
0.3158843
0.4001048
-0.04392363
0.2140826
0.2987592
0.1102789
0.01719496
-0.01723835
0.267229
0.2281275
0.4184627
0.1885708
0.219611
0.256322
0.2483951
0.06318261
0.4881131
0.5272605
0.236285
0.1172852
0.4243211
0.003522471
0.02532689
0.2688922
0.2900338
0.008834136
-0.07236551
-0.07196452
-0.09695378
-0.09617019
-0.05700034
-0.08156947
-0.1777022
-0.1232423
0.2059746
-0.08866227
0.008219633
-0.3091198
-0.0949742
-0.2149248
0.1419716
0.2109345
-0.0783064
-0.09406981
-0.1785201
-0.137973
-0.2302365
-0.04079985
-0.1444384
-0.00675355
0.05695136
0.2631018
0.3945498
0.2032208
0.006470545
0.2017991
0.03334249
0.08871802
0.3698505
0.3468154
0.03088602
0.4023456
0.2649155
0.1291444
0.1285494
0.06987749
0.01136118
0.3008557
-0.1369124
-0.1939958
0.01290461
0.2689082
-0.1335086
0.1465304
-0.06976561
0.1139888
0.4432212
0.2232189
0.2428188
0.3781199
0.2087785
0.4711154
0.5069389
0.04136604
0.2648907
0.4963556
0.05424091
0.04976769
0.1990985
0.3763647
0.05360507
0.3262509
0.3218039
0.0527715
0.2906439
0.1116234
0.2802361
0.2553303
0.04250542
-0.03211182
0.2840176
0.220465
0.01598337
-0.04408451
0.4749516
0.2900493
-0.07016205
-0.07975386
0.1715999
0.3838542
-0.05468285
0.2503761
0.3398946
0.2136592
0.3367634
0.3065791
0.2621891
0.09083804
-0.04544452
0.1909769
-0.04264719
0.4337549
0.1248389
0.1029523
0.2604093
0.2012325
-0.08776646
0.5593799
0.2017824
0.3679265
0.4344246
0.2102196
0.1191209
0.1548214
0.2922161
0.2694726
0.2463023
0.1719413
-0.1180113
0.3153569
0.1198452
-0.01214881
