0.860234
0.7061337
0.7778181
0.330846
-0.09305091
-0.5434557
-0.2327673
-0.3804773
-0.5348619
-0.2975279
-0.5358769
-0.3591836
0.6319521
0.564104
0.7491799
-0.3883098
-0.179875
-0.4250524
0.1840265
-0.2891144
-0.3084432
0.03356176
-0.2244474
0.3984043
-0.2186899
0.2727317
-0.1637047
-0.07695263
0.2460675
0.2935088
0.1226606
0.597492
-0.1734811
-0.4951783
-0.320955
-0.344073
-0.1146817
-0.4227863
-0.1505885
0.05964811
-0.03901459
-0.3249243
-0.2076823
0.01618175
-0.1812656
0.3381282
-0.125131
0.5742602
-0.2878336
0.920552
0.8566631
0.7943026
0.2679408
-0.08506815
-0.1429264
-0.1747679
-0.3941224
-0.3621012
-0.3327391
-0.3113274
-0.4444577
-0.2098685
-0.4717768
0.5274977
0.163025
0.667142
0.06588905
-0.207013
0.6467595
-0.4228734
-0.2401126
-0.2056711
0.1734206
-0.1742074
-0.195685
0.3895924
-0.3372476
-0.1416179
0.3704386
-0.1083288
0.4789255
0.02818889
-0.4718547
-0.07217969
-0.6566625
-0.1559874
-0.3326228
0.2439124
-0.3911208
-0.2062056
-0.1867408
-0.3648914
-0.0747764
0.2796364
-0.05639942
0.6003032
-0.1173786
-0.07578086
-0.2773225
0.7040207
0.6554967
0.3044896
0.02752235
-0.5302861
-0.1716109
-0.3380901
-0.4310888
-0.2963931
-0.4637874
-0.3097076
0.5837387
0.4513663
0.6566111
-0.295774
-0.1716572
-0.3671727
0.06616131
-0.3356659
-0.2514559
-0.08508407
-0.2596277
0.2792264
-0.2521056
0.1832537
-0.1245008
-0.03715946
0.3053158
0.323804
0.1071708
0.4004356
-0.1815744
-0.4917238
-0.3496428
-0.2614492
-0.2037107
-0.4611724
-0.1885812
-0.0694542
-0.1303842
-0.3896432
-0.2919696
-0.008057468
-0.1420705
0.2110733
-0.1287791
0.4899808
-0.3763692
0.8156535
0.862504
0.6887752
0.4091207
0.04179185
-0.08109239
-0.1791555
-0.2330353
-0.2619938
-0.2735796
-0.3164276
-0.3828213
-0.130769
-0.3440764
0.5122347
0.05774528
0.6417496
0.05463027
-0.1522148
0.5629171
-0.3371419
-0.30124
-0.2897012
0.0758902
-0.1350978
-0.1747681
0.3281851
-0.3297745
-0.07056668
0.4173578
-0.07787295
0.4687834
0.1137146
-0.3618585
0.03253129
-0.561262
-0.2157534
-0.3476817
0.137189
-0.3837809
-0.2686417
-0.2245976
-0.3370696
-0.05298847
0.2267668
-0.05301745
0.5585283
-0.2399669
-0.1985073
-0.3290328
0.5858367
0.4230682
0.1850444
-0.2894744
-0.1543887
-0.1578131
-0.2792005
-0.1974844
-0.2784399
-0.2863998
0.2923424
0.4569928
0.5213094
-0.1202176
0.01334661
-0.1724137
0.03424973
-0.1194603
-0.1827123
0.0864278
-0.04403875
0.3223194
-0.302903
0.2148076
-0.28014
-0.2351059
-0.01941595
0.07251147
-0.1736244
0.2132714
-0.1225631
-0.3195929
-0.1514033
-0.3502297
-0.2500737
-0.4093194
-0.1564262
0.006900926
-0.1150259
-0.3360443
-0.3034805
-0.2911196
-0.04742969
0.1809142
-0.162287
0.408735
-0.2505831
0.6446845
0.7482553
0.4910164
0.4696715
0.01112964
0.06550523
0.1162083
-0.1549398
-0.08742042
-0.06604044
-0.04778145
-0.2288615
0.01657541
-0.170755
0.4664762
0.09386636
0.4614663
0.1267169
-0.01552591
0.4443019
-0.08072772
-0.002085721
-0.09231705
0.299693
-0.04529039
-0.02237943
0.2479299
-0.2813336
-0.2800673
0.2850564
-0.2284877
0.3798706
0.1017276
-0.450291
-0.1945991
-0.4880697
-0.2001336
-0.3011896
0.2655082
-0.3616409
-0.3357189
-0.2464956
-0.3465771
0.05859506
0.2191315
-0.1264226
0.3669152
-0.2181828
0.04469117
-0.1626938
0.2888656
0.03719401
-0.3297492
-0.2930444
-0.3987893
-0.5114297
-0.326963
-0.4990261
-0.3797159
0.5670013
0.6116439
0.7561924
-0.446134
-0.171467
-0.4020775
0.1275997
-0.182438
-0.2651592
0.0004635471
-0.210857
0.3311521
-0.1748326
0.2680016
-0.1210664
-0.2912612
0.03518215
0.1820879
0.08503536
0.6135392
-0.224231
-0.3446092
-0.1548969
-0.3462086
-0.2906632
-0.3967762
-0.2265858
-0.001163822
0.03439496
-0.4104699
-0.2845296
-0.1616607
-0.01067473
0.2041182
-0.0514406
0.5379948
-0.1785544
0.8008544
0.6069783
0.823439
0.313957
0.1136931
0.1710415
0.01980442
-0.3068116
-0.1750174
-0.3223095
-0.2943115
-0.465654
-0.3517779
-0.4383756
0.4657757
0.180847
0.7795856
0.2050307
-0.1036109
0.7244048
-0.2973781
-0.02258398
-0.08042408
0.2662177
0.06695084
0.004924621
0.3927031
-0.2112733
-0.258306
0.4069784
0.1790862
0.5946799
-0.111824
-0.3356232
0.01135887
-0.4172081
-0.1139532
-0.06189287
0.2713113
-0.2656217
-0.08087042
-0.2456043
-0.2489109
-0.05463833
0.2814978
-0.01877754
0.5740557
-0.2512449
0.0391668
-0.1923239
0.400584
0.06235361
0.06323639
-0.07242123
0.1046171
-0.08354277
-0.04385635
-0.04855114
0.1984255
0.3057972
0.2238814
-0.1169776
0.1328835
-0.08504661
0.09094213
0.1304985
0.1474341
0.006895361
0.09506808
0.2263525
-0.3208664
0.1600818
-0.08596325
-0.07685241
0.1096809
-0.06748434
-0.1485184
0.09972504
-0.182968
-0.1985085
-0.01242062
-0.1375616
-0.1676084
-0.208493
-0.1997258
0.2510839
-0.007302971
-0.2599321
-0.2630519
-0.2502742
0.09017865
0.01810185
0.08115527
0.4215671
-0.06155127
0.3514378
0.2606642
0.2679081
0.2902375
0.2430477
-0.009726947
0.1233812
0.05276159
-0.0388425
-0.159024
0.04523922
0.05557051
0.10822
-0.01041316
0.2115384
0.1013858
0.2452428
0.2082803
-0.01714109
0.213675
0.1365893
0.1219089
-0.03579882
0.2094484
0.02466011
-0.1005128
0.3292232
0.05473063
0.01262219
0.1446409
-0.1774341
0.3249549
-0.005638115
-0.1496675
-0.03344467
-0.2789047
-0.1739641
-0.2434718
0.2292492
-0.2169911
-0.09135679
-0.2222258
-0.1728589
0.1923021
0.126643
0.2429965
0.3379363
0.1663835
0.1487623
0.1823304
0.2337654
0.01049122
-0.1216934
0.1763299
-0.08695414
-0.03709709
-0.09572636
0.06673687
0.06580826
0.008998505
0.2343891
0.04233507
0.07507073
-0.2308497
0.2612661
0.3387072
-0.1310005
-0.03205076
-0.3222109
-0.3850826
0.03650383
-0.06226207
-0.2255983
-0.1040129
0.006052428
-0.2406635
-0.1996622
0.07173451
0.1030921
0.3974825
0.2496703
-0.1645886
0.05569871
-0.06923868
-0.01435407
-0.004436954
0.007934901
-0.2447238
-0.1986972
0.1459291
-0.1176498
0.2906333
0.02920124
-0.03594305
-0.07555716
0.01488276
0.01653079
0.4669066
0.4111722
0.2183509
0.2411259
0.1820051
0.2070562
-0.106099
-0.00694763
0.08855255
0.1009848
0.1444336
0.0412271
0.1915111
0.1115841
0.05679966
0.2905525
-0.09112991
0.4063939
0.3590587
0.1872981
-0.06728098
0.2531445
0.1603685
0.194047
0.1496655
-0.03777142
0.2189408
-0.04092608
0.3327403
0.05332722
0.1882865
0.09382828
0.1906974
0.1144935
0.2306577
0.2693369
-0.1070932
0.038812
-0.02252674
0.04667912
0.309755
0.3088469
0.3053466
0.136625
-0.1246343
0.1971048
-0.09194042
0.04158547
0.2340405
0.2847213
0.1418849
0.3300971
0.03886709
-0.417267
-0.2054136
-0.4812733
0.2259714
-0.006969264
0.3677768
-0.2852841
0.3068356
0.2679683
0.09795198
0.1719197
-0.3255195
0.1312706
-0.164023
0.02643545
-0.008178438
-0.3960037
-0.2790819
-0.2747916
-0.5059088
0.04114649
0.5717009
0.4714846
0.2751841
-0.1022471
0.4683315
-0.02099165
-0.138382
-0.07683855
0.2516863
-0.2049333
-0.1180156
-0.03682319
-0.3721008
0.1764576
-0.2192074
0.09281808
-0.5434926
-0.4359697
-0.3395266
-0.09051119
0.1426697
0.3039968
0.1845378
0.213667
0.2353259
0.1229149
0.2314333
0.2773219
0.2130249
0.3474769
-0.2209516
0.06451382
-0.3515006
-0.008737322
0.2479226
-0.5000532
0.4142225
0.3930165
0.512301
0.03358922
0.2022482
0.385573
-0.2390137
0.03475041
0.02636699
-0.24531
0.01207611
-0.213729
-0.0427759
0.3309052
-0.1767744
0.4809866
0.2223589
0.4780162
0.0418025
0.1105606
0.2528067
0.03530187
0.1999369
0.06548026
0.01106113
0.2273771
-0.3518437
0.07144555
0.2650959
0.1241032
0.4985527
0.3332482
0.3673532
0.5408137
0.3708247
-0.2039114
-0.2063717
-0.1915482
0.2424902
0.5672974
0.368319
0.2829519
0.2837541
0.08397294
0.2714868
0.4460269
0.230313
-0.03453971
0.1950187
0.03895727
0.04112026
-0.09176144
-0.04220202
-0.3172929
-0.2350322
-0.064318
-0.2130775
-0.2437642
-0.1404869
-0.1447378
-0.2173973
-0.01083418
0.01076797
-0.04179383
-0.1216938
-0.02055692
-0.2411811
0.1111029
-0.2774014
-0.2200006
-0.1817767
-0.043543
-0.1566519
-0.2401855
-0.214993
0.0003895286
0.1651518
-0.1480073
0.1419855
0.440062
0.4589064
0.3756929
0.1388329
0.4907324
0.4716557
0.3481031
-0.1396105
-0.1998604
-0.2155386
0.235957
0.2364542
-0.0008849265
0.2432429
0.3259359
-0.08345154
0.2971391
-0.08989515
-0.02178002
0.02850396
0.1806975
0.02071343
-0.08306806
-0.1946367
-0.1806353
0.02731983
-0.04757473
-0.07870526
0.1556449
-0.1725347
-0.3032878
-0.06701919
-0.07901288
-0.2645411
-0.2522061
0.06659136
-0.1408253
-0.1330275
-0.2148965
-0.07123077
0.03977516
-0.02049861
0.1446487
0.4313833
0.5896012
0.6999047
0.3595694
-0.3038888
-0.0645367
-0.3485672
0.3892141
0.399661
0.8054483
0.1817988
0.3733453
-0.03953493
0.3100775
0.6736037
0.1320761
0.08357705
0.09783436
-0.2039029
-0.1324861
-0.226078
0.06390306
-0.008419183
-0.3181245
-0.05586716
0.1697926
0.009034709
0.04164524
0.06039466
0.06186668
-0.02068661
-0.08442771
-0.03029066
0.02195481
-0.04825605
-0.1498434
-0.128888
-0.2191652
-0.2185476
-0.3240461
0.2682394
-0.3835065
-0.3145108
-0.3747236
0.07006428
0.04460753
-0.1061366
0.3312871
0.4593803
0.4354059
0.6848478
0.507993
0.5407574
0.5433981
0.4941246
-0.159196
-0.1339929
-0.3204493
0.2556554
0.4998651
-0.2381617
0.4605205
0.2355959
0.2033925
0.3766338
0.08271575
0.05694162
-0.07370143
-0.09459288
-0.07070029
-0.105574
-0.2108943
-0.2506958
-0.09780655
-0.01006637
-0.2130528
0.1539653
-0.004895454
-0.1791872
-0.1419841
0.08611801
-0.1860394
-0.2056265
-0.05259627
-0.2037757
-0.2969239
-0.1515925
-0.392031
-0.01357447
0.07414537
0.1821387
0.4090948
0.5429121
0.5025993
-0.4253984
-0.3962948
-0.491003
0.3843802
0.4061525
0.4228751
-0.1590353
0.1708943
0.454476
0.03303263
0.2144197
-0.1695237
-0.08411098
-0.1677813
0.03209477
-0.04071888
-0.110187
-0.2034938
-0.06458539
-0.4620263
0.1019733
0.1836015
0.01097248
0.2717142
0.06907816
0.1887334
0.2340167
0.04993646
-0.02618889
0.03461599
0.05779714
-0.2095847
0.327941
-0.2214975
0.1493245
-0.3203177
0.09523799
-0.4856597
-0.3741966
-0.5454947
0.0630455
0.1832466
0.009998464
0.2702502
0.3604948
0.3185724
0.3795926
0.5455061
0.6903122
0.4789249
0.5068166
-0.4219135
-0.2946693
-0.4755176
-0.03752544
0.08368098
-0.3456429
0.5037958
0.2695985
0.004137542
-0.1057014
0.01140573
-0.09027342
-0.1739318
0.2339588
0.1084614
-0.2130232
-0.08608186
-0.2521069
-0.007161135
0.2468125
0.02756496
0.3659614
0.02955826
-0.1312758
-0.1307535
0.1093094
0.04365501
0.1558933
0.1603866
0.1827866
-0.2070784
0.08737662
-0.4705881
0.2257075
0.03292438
0.2087953
0.5717345
0.3974765
-0.2062859
-0.1054238
-0.4185336
0.3973651
0.330912
0.5128312
-0.01419197
0.260015
0.1588028
0.2465751
0.4330613
-0.1188132
-0.06785679
0.01652416
-0.3372774
-0.002023085
-0.0621577
0.05309443
0.09249988
-0.1548672
0.1269159
0.08767641
-0.1248295
0.1518081
-0.02655881
0.1376749
0.09413029
-0.1346067
-0.008884109
0.04429928
-0.06580775
-0.1698888
0.2072624
-0.1052437
-0.1480431
-0.4322168
0.06727012
-0.2517611
-0.2048186
-0.3157217
0.1798621
-0.09754759
-0.141477
0.2315417
0.3593785
0.460969
0.4900902
0.3929927
0.5283864
0.5459011
0.4455687
-0.1173416
-0.1537553
-0.3807816
0.1663856
0.3471769
-0.2787667
0.4925559
0.09862529
0.180075
0.06122964
-0.09407675
-0.221223
-0.1373249
-0.005836498
0.07711658
-0.07139595
-0.04802037
-0.1981174
-0.01938897
0.02822913
-0.07543483
0.07943525
0.1961518
-0.1919149
-0.1903893
-0.08885094
-0.073085
-0.02381652
-0.07552421
-0.06503244
-0.2550444
-0.1786909
-0.3801706
0.1162716
-0.03574218
-0.03639624
0.4987086
-0.3815702
-0.3567866
-0.4701588
0.4410548
0.453913
0.574803
-0.00595756
0.441324
0.2679653
0.3968567
0.5759114
0.01288516
-0.001327361
0.05047171
-0.1134371
-0.03889241
-0.2000657
-0.1471511
-0.1024234
-0.4234371
0.006785374
0.1071446
-0.07842415
-0.009911208
-0.1870887
0.05845208
0.06812961
-0.1081909
0.03005375
0.006584454
-0.01174069
-0.1943572
0.1011816
-0.3084016
-0.198666
-0.413206
0.1780521
-0.4624274
-0.4229299
-0.5337693
0.08857278
0.1302097
0.01036783
0.2673237
0.4756064
0.5097504
0.5463774
0.4126764
0.5723655
0.4657333
0.5368439
-0.2202377
-0.1518651
-0.4356836
0.1353394
0.3511668
-0.2403558
0.4351894
0.4022891
0.1122468
0.2189797
0.005077463
0.09320016
-0.04901291
0.05154236
0.05688047
-0.139002
-0.1291901
-0.3001454
-0.009014618
0.09090022
-0.1438909
0.2977614
-0.1370272
-0.1903097
-0.0718393
0.1017155
-0.1302212
-0.07767043
0.1103659
0.01363089
-0.3282018
-0.2053486
-0.3981399
0.0266299
0.01334233
0.2040389
-0.2673384
-0.3040395
-0.2598896
0.2665836
0.3501908
0.2052909
0.1132526
0.08031958
0.146088
0.03008048
0.1927026
-0.01438442
-0.0512909
-0.1638152
-0.06062015
-0.01046353
-0.06070672
0.03795289
0.224719
-0.1509206
0.1395193
0.02281277
-0.2470577
0.08220069
0.04931361
0.05618558
-0.05922429
0.01855571
0.111148
0.02971836
0.179956
0.05367909
0.1634712
-0.08988517
-0.1083385
-0.3574629
0.04523932
-0.3235464
-0.3075843
-0.357733
-0.05109399
0.09937726
-0.1135441
0.4512445
0.5089431
0.3531874
0.4440547
0.5012609
0.5670318
0.5257446
0.6858784
-0.2821354
-0.2345001
-0.3305479
0.1373066
0.01477284
-0.01971618
0.3011581
0.228968
-0.08427428
-0.008200043
-0.1567565
-0.05838757
0.0348083
0.1601145
0.2179243
-0.03222375
0.1181078
-0.1765065
0.1180965
0.2563205
0.2822443
0.231665
0.01481824
-0.07960392
-0.1636978
0.2553456
-0.1438768
0.02028783
0.1665124
-0.08902585
-0.1507872
-0.1844436
-0.2810896
0.2274843
0.07711549
0.1833894
0.5112216
0.5610427
-0.2415956
-0.1248832
-0.2850422
0.05979435
-0.1856705
-0.1107322
-0.09271522
-0.2050848
0.1409999
-0.2374091
0.2031349
-0.1704855
-0.111252
0.2971498
0.3961757
0.1293377
0.5739679
-0.1779552
-0.3289145
-0.2690874
-0.2390653
-0.1853633
-0.2591252
-0.4404466
0.09731335
-0.02322127
-0.2749846
-0.3690801
-0.1014217
-0.2133586
0.05688643
0.03945119
0.5549818
-0.07281143
0.7096491
0.4952997
0.7034334
0.2179443
-0.06973728
-0.2038131
-0.112401
-0.1439221
-0.1190908
-0.281525
-0.2812943
-0.3076603
-0.1178717
-0.292335
0.5223605
0.3929776
0.6267923
0.1444119
0.06935006
0.540252
-0.160714
-0.147359
-0.1209275
0.200843
-0.01420868
-0.1745611
0.3879729
-0.3423611
-0.07691976
0.484617
0.0111546
0.4098397
-0.0539631
-0.3147653
-0.1052979
-0.4402561
-0.03341846
-0.1200969
0.2232842
-0.2968807
-0.09131882
-0.3144931
-0.4904003
-0.06596197
0.08992461
0.1719664
0.6441798
-0.07489781
-0.2625401
-0.288974
0.5650535
-0.2557746
-0.05312704
-0.09516999
0.1451761
0.1115826
-0.3109607
0.08866497
0.01149101
0.2096936
-0.2365804
0.2386936
-0.2358379
-0.3056434
-0.07703179
0.2771443
0.0531755
0.5626798
-0.292596
-0.09613772
0.02540168
-0.1459977
-0.04140433
0.03152457
-0.2688679
-0.02557508
0.08918519
-0.05780887
-0.2742933
-0.134945
-0.2180029
0.06247648
0.09825408
0.3562565
0.2041312
0.5829955
0.4912386
0.6652531
0.1720387
-0.1061039
-0.1591292
-0.0226425
-0.2878469
-0.1213331
-0.1870416
-0.090271
-0.2121479
-0.05842454
-0.3069273
0.6032741
0.4872568
0.6116258
0.1961654
0.1575007
0.4950354
-0.1209437
-0.08328985
0.08555958
0.2453424
0.003444096
-0.2081631
0.2544217
-0.3183326
-0.1518196
0.4203259
-0.04057643
0.5595089
0.03519341
-0.2921326
-0.04113691
-0.4234336
0.0868822
-0.03104046
0.353202
-0.2966658
0.1755928
-0.2944134
-0.4232341
-0.01047186
0.3072293
0.1527411
0.4333566
-0.04255875
0.07827231
-0.1416689
-0.3298069
-0.1486945
-0.4256147
0.2708097
-0.1420638
-0.2682583
0.02787508
-0.1507348
0.3838513
-0.2512186
0.2406881
-0.08853551
-0.2724701
0.04905146
0.4743927
0.1155005
0.61266
-0.1798054
-0.282848
-0.1319123
-0.331573
-0.1398708
-0.3921532
-0.2490868
0.05208183
0.08514158
-0.2872861
-0.2271215
-0.02388138
-0.1889655
0.2376604
0.03895745
0.5440059
-0.01074644
0.752487
0.6180124
0.7040713
0.1556299
0.1173804
-0.1068668
-0.044362
-0.3314695
-0.2499143
-0.2657385
-0.105705
-0.3776168
-0.2466795
-0.366692
0.4390249
0.261821
0.8217532
0.2039353
-0.01171893
0.7666523
-0.3542852
0.03367989
-0.1929035
0.2434497
0.004936028
-0.1115931
0.3692245
-0.2241336
-0.2978954
0.4968057
0.1013014
0.556353
-0.01027545
-0.3677365
0.06751781
-0.4309746
-0.09876027
-0.06863353
0.3232471
-0.1120642
-0.1115067
-0.2688978
-0.366924
-0.05318748
0.2494449
0.05150768
0.6191991
-0.1689804
-0.03608412
-0.1769487
0.2086968
0.3921934
-0.2486756
0.3052449
0.1038326
0.006360375
0.2672989
-0.3237399
-0.1447501
-0.2012948
-0.1511673
-0.07269482
-0.1722739
0.08928683
-0.1071049
-0.3577105
0.011575
0.3362727
0.1697253
0.2124869
-0.09636193
0.05132584
-0.1466411
-0.1681965
-0.146581
0.1312127
-0.1750064
-0.1940633
-0.1049566
-0.3401593
-0.1441472
-0.4759021
0.06002924
-0.435567
-0.1842687
-0.4569927
0.1028474
-0.2417617
-0.138709
0.2563301
0.312951
0.4135992
0.4755216
0.3467785
0.4292847
0.4557914
0.5013203
-0.1279457
-0.06904281
-0.2005655
0.1071989
0.4564076
-0.4174076
0.552925
0.2510284
0.2689815
-0.09412224
0.1822813
0.1309929
-0.2488462
0.02868672
-0.03537809
0.0293023
-0.07703534
-0.1025891
0.07491702
0.1537085
0.01423861
0.3435683
0.01860126
0.03469623
-0.01875704
-0.004820857
-0.2037002
-0.1843022
0.01092449
0.02673765
-0.1640415
-0.1231542
-0.4084478
0.01500329
-0.109879
-0.1383847
0.3954796
0.1431603
0.2066529
0.2304114
0.3607892
0.3077602
0.1459451
-0.1620322
0.118103
-0.0696865
-0.1707965
-0.08321922
0.02774209
-0.1736346
-0.06277932
-0.04496397
-0.008384959
-0.04506423
-0.02737793
-0.07469897
-0.02038675
0.07794211
0.03889928
0.03811835
-0.1783153
-0.07480391
-0.3525841
0.1593146
-0.2149967
-0.1173
-0.2355798
0.04659363
-0.1276665
-0.1645618
-0.1791957
0.1958648
0.02855635
-0.09343005
0.1941798
0.4014373
0.4615191
0.303967
0.1814106
0.3875327
0.4018298
0.2338177
-0.0474132
-0.08735912
-0.1143038
0.1964651
0.2327175
0.09446531
0.2413712
0.2191092
0.01607184
0.2788095
-0.01382646
-0.004582838
0.07007992
0.07602324
3.854799e-05
0.02356262
-0.1662494
0.000291165
-0.06792352
-0.07541132
-0.07683537
0.1157524
0.07849573
-0.1561983
-0.02581393
-0.05887536
0.01110432
-0.1048275
0.03069666
-0.06985439
-0.2160958
-0.04383647
-0.1119952
0.1530964
-0.0003564876
0.03093118
0.0187519
0.3613844
0.001856659
0.1075297
0.4640029
-0.04074863
0.1062941
-0.03364293
-0.2129512
-0.151767
-0.18034
0.06376405
-0.04104799
-0.3072922
-0.07626132
0.3542185
0.2760202
0.2555273
0.09359789
0.2326819
-0.01873571
-0.1385712
-0.1042111
0.09654292
-0.07446484
-0.1314758
-0.112115
-0.2289614
-0.01750786
-0.3215066
0.2407671
-0.385405
-0.3240188
-0.344031
0.1863783
0.01294185
0.1060414
0.2552452
0.4248329
0.4838759
0.5683222
0.4068407
0.4238274
0.4622273
0.4462176
-0.1664469
-0.1215662
-0.2709308
0.2453174
0.5878616
-0.3251753
0.4838354
0.1282817
0.3007896
0.2602612
0.1350708
0.2050266
-0.185638
-0.03602444
-0.05219388
-0.09693353
-0.1675811
-0.248189
-0.149597
0.1288175
-0.2179045
0.2694713
0.1902582
0.06953792
-0.1302952
0.1633719
-0.01901329
-0.1727561
0.05761961
-0.1397961
-0.3423736
0.03983906
-0.4214572
-0.1345718
0.03049696
0.1014146
0.02442078
-0.2738403
0.3137936
0.2066511
0.6437281
0.2839333
0.5264691
0.05236853
0.02069519
0.1116971
0.2214665
0.2418277
0.4692353
0.106573
-0.2265918
-0.2148546
-0.1833188
0.3690451
-0.2114085
-0.04274122
0.2957477
0.06610175
-0.1519723
0.3224757
0.1405547
-0.01485743
0.2715417
-0.05513372
0.284425
0.1433474
0.1868465
-0.07705467
0.1131211
-0.2230057
0.1066499
-0.2712766
0.06819377
0.0219932
-0.2079927
0.1188481
0.000367355
-0.09986856
-0.03947503
-0.1013976
-0.03803916
-0.1057566
0.0806202
0.1369906
-0.1115276
0.3279541
-0.2043237
0.04170718
-0.1460344
0.4925061
-0.05022671
-0.1023194
0.1985832
0.07215638
-0.0005374535
0.01625968
-0.007633681
0.01334232
-0.121809
-0.3229521
-0.07578085
-0.3441881
-0.05061682
-0.2493941
0.02409696
0.151073
-0.05783232
-0.03414495
-0.01742307
-0.2308435
-0.08705953
-0.06678208
0.2499381
0.07831992
-0.1251177
0.201246
0.1171506
0.2076845
0.4628182
-0.03413706
-0.1316259
-0.01646236
-0.2043424
-0.2955676
-0.3239083
-0.07495716
-0.2081562
-0.08439236
-0.01985384
0.1921695
0.4084952
0.1190713
-0.005517409
0.2512019
-0.0511309
0.03978826
0.06947132
0.228201
-0.07008515
-0.1540796
0.06078559
-0.3045563
0.03326629
-0.2525061
0.5134486
-0.2486767
-0.2136906
-0.2175896
-0.02006185
0.06135265
-0.09345472
0.1504608
0.2776735
0.3356844
0.3002942
0.2975449
0.2485658
0.1138489
0.2334732
0.08249525
0.3541707
-0.06774799
0.3959386
0.5563586
-0.09731271
0.3786051
0.3995677
0.5699032
0.1993821
0.2946067
0.2018874
0.05715581
-0.06864941
-0.04463717
0.2537057
-0.03260939
0.2168332
0.03654719
0.1795474
0.01538036
0.2010761
0.2137331
0.1651633
0.3933448
0.05439901
0.1733886
-0.0817121
0.1882221
0.1859414
0.1706835
0.2040557
-0.04082143
0.08254473
0.2457647
0.1991672
0.1027871
-0.1035955
-0.2816591
-0.1086609
-0.05355968
0.04958566
-0.09007966
0.005465089
-0.03072303
-0.01041103
-0.2889808
0.232716
0.1787355
0.03808126
0.2135098
-0.0523657
0.2728024
0.3664401
0.1984483
0.03081736
0.1854902
-0.04070649
-0.02009083
0.2925097
-0.008321224
0.3037026
-0.1459853
-0.1041467
-0.2518042
-0.2107931
-0.2784578
0.1609676
0.2738385
0.03973943
-0.01309655
0.1453877
0.0548746
-0.06442193
0.1477051
0.3354824
0.1143398
0.2169489
-0.2264191
-0.006377726
-0.2668587
-0.05173536
-0.05494894
-0.1550336
0.1418811
0.3588461
-0.03229749
-0.2161517
-0.001329848
-0.06661618
0.08201273
0.1739809
-0.05554141
-0.003335328
-0.1420768
-0.02259895
0.1228479
0.2841127
0.08322094
0.3635038
0.1518239
0.110597
0.0414348
0.06540165
0.2171894
0.3666526
0.1613729
0.3599375
0.02267211
0.3055261
-0.1027933
0.1991974
0.1471046
0.08488663
0.3583587
0.3115912
0.005085283
0.479705
-0.110651
-0.06376602
-0.09613451
0.1065741
-0.01620019
0.06227309
0.03002922
-0.01792457
-0.1146162
-0.1195754
-0.07382867
-0.0262226
0.2091554
0.08714472
0.1973062
-0.09294225
-0.1142744
-0.1688766
-0.03441791
0.06385974
-0.1752867
-0.09825219
0.1598171
-0.005620444
-0.02944563
-0.06241776
0.009111327
0.1069015
-0.1439288
-0.04723787
-0.1184426
-0.05823091
0.06613737
0.005526724
0.1123113
0.02816421
-0.07353969
0.1064915
0.1382944
-0.1170631
-0.05774611
0.02243517
0.07299307
-0.03188346
0.3260377
0.02329355
0.3323156
-0.07593785
0.007381546
0.1858856
-0.1636122
-0.15444
-0.03642728
-0.1211503
0.07770779
0.1189929
-0.3062991
-0.2915638
-0.0692164
-0.04830749
-0.2179039
0.1935051
-0.1598775
-0.01471324
-0.03984856
-0.159398
-0.08336471
0.03677972
-0.07025353
-0.04656424
0.1477321
0.08190064
0.04059664
0.2657422
-0.02150619
0.2118734
-0.2328911
-0.0953896
-0.3634737
-0.109104
-0.1609577
-0.2180413
-0.07314079
0.02513648
0.0326511
-0.03801404
0.01196871
0.01931563
0.02404065
0.00250503
0.04941746
0.01422208
-0.001608132
-0.192724
-0.1897885
-0.1132861
-0.2229881
-0.09501867
0.3089162
-0.244385
-0.2137048
-0.2477223
0.01658703
0.04617117
-0.2607497
0.4299147
0.2951111
0.3213919
0.5372056
0.3514059
0.3986056
0.3612833
0.3250723
-0.04285741
0.005927025
-0.2777909
0.1760189
0.3838975
-0.03583621
0.2498123
0.2529111
0.2842715
0.4988967
0.07376821
0.03929086
0.03359241
-0.08050701
-0.06645137
-0.1037198
-0.1999599
-0.0818518
-0.02934976
-0.1775151
-0.2128344
-0.04129721
-0.003719776
-0.2655824
-0.01374237
-0.03151286
-0.1029792
-0.2069286
-0.04326682
-0.04137427
-0.1167249
-0.1029358
-0.1107583
0.06380051
0.1674924
0.2613612
0.112579
0.5016266
0.05129988
-0.01666685
0.02837978
0.05513964
0.0295426
0.3879896
-0.0842306
-0.4735197
-0.365277
-0.4789888
0.0617522
-0.3478822
-0.05903583
0.2438367
0.05906901
-0.2877091
0.2356733
-0.1162955
-0.06275751
0.3163675
-0.2250348
0.4335208
0.1404139
0.3900571
0.1741739
0.2346719
-0.1260268
0.1452312
-0.1936272
0.04665963
-0.02733488
-0.1053697
0.1772474
0.0303227
-0.1849318
-0.03352115
-0.2149637
0.09159609
-0.2231247
0.1555151
0.1523148
-0.1460152
0.4723565
-0.2197185
0.006164192
-0.2106637
0.6393314
-0.05909464
-0.08878814
0.1273902
-0.05503073
-0.1072881
-0.0540843
-0.2162985
-0.003451858
-0.1773686
-0.5536285
-0.3598898
-0.5291398
-0.3114825
-0.4731004
0.02547647
-0.1624218
-0.2417605
-0.2178575
-0.1996506
-0.2110936
-0.1247177
-0.1685469
0.3050042
-0.03513486
0.004894498
0.2939387
0.1441767
0.3645887
0.260372
0.03655285
-0.1384205
0.3131068
0.04917357
0.1242836
0.1152859
0.05836434
-0.01843517
0.322001
-0.002891482
0.06127623
0.09924635
0.05163778
-0.02664777
0.3309437
0.2556604
-0.1632059
0.0001252941
-0.132428
0.06072792
0.108326
-0.2763859
-0.3746283
-0.124111
-0.420634
-0.09352038
0.1271925
-0.1531399
0.005408088
-0.1903919
-0.02302448
-0.1943834
-0.1378612
-0.2717178
-0.1360553
-0.3150807
-0.2931268
-0.2051928
-0.09058094
-0.1950165
-0.232061
-0.1863861
-0.1113827
-0.05367688
-0.03547836
0.08904535
0.2763662
-0.2614642
0.1347544
0.1368426
-0.3602409
0.2339428
-0.3200997
-0.2445383
-0.06951333
-0.1851683
0.1738694
-0.05388619
0.1432849
-0.3148003
0.313559
0.02020445
0.170701
0.2296187
-0.3540691
-0.2708772
-0.1781571
-0.179019
-0.09204462
-0.1998025
0.1452999
0.005864199
-0.06470681
-0.0002164789
0.1469276
0.02354823
0.2828245
0.1210879
-0.2175825
-0.1226722
-0.1353171
-0.01463648
-0.2262261
-0.01816973
0.1365858
0.2174194
-0.3217585
0.0512618
-0.1681371
0.05054207
0.08514026
-0.08163896
0.3589845
0.0446997
0.2819817
0.1065006
0.2247842
0.09493138
0.2663592
-0.1440864
-0.04293359
-0.1725366
-0.05349238
-0.07948063
-0.1511586
-0.1665921
-0.04067142
-0.2660532
0.2022427
0.01371821
0.1020616
-0.03605542
-0.09929448
0.3314892
-0.05197551
0.2020018
-0.03681977
0.4892344
-0.07531026
-0.02369922
0.4268417
0.04014938
0.02389619
-0.05311663
-0.09878089
0.2178141
-0.1411608
-0.501089
-0.3313319
-0.3200271
-0.1284483
-0.2447502
0.1312725
-0.343754
-0.135948
-0.1073295
-0.2334684
-0.13686
0.05550144
-0.01714387
0.317662
-0.1744804
-0.05360053
-0.04840389
0.3866515
0.1483604
-0.1534524
0.151531
-0.06228948
-0.1144384
-0.05331924
0.07878702
-0.04255078
0.1584761
-0.09631837
0.0973996
0.1306352
0.1242596
-0.0975624
0.2304162
0.1341573
-0.01582301
0.03543015
0.08419853
0.08726499
-0.01819681
-0.2757722
-0.3395352
-0.09368935
-0.3210923
0.1071104
0.1404069
-0.2214981
-0.04938054
-0.2448913
-0.3601493
-0.2590188
-0.1947736
-0.3076616
-0.3147025
-0.4461451
-0.3442217
-0.08612019
-0.3895232
-0.3914125
-0.1926757
-0.2257634
0.007858151
-0.2928568
-0.2680385
0.1198935
0.1785442
-0.2868465
0.5009663
0.3189153
-0.3680439
0.1583952
-0.2296256
-0.2479027
0.09841769
0.07206968
0.2894171
-0.2827448
0.1131928
-0.3274671
0.0695681
-0.03946246
0.1110052
0.2202399
-0.1129337
-0.0222951
-0.01201883
-0.07930009
-0.03160701
-0.062393
0.0413184
0.4715091
-0.0950127
0.06284827
-0.09539416
0.2835642
-0.03539524
-0.0998752
-0.0003195948
0.1118698
-0.06208004
0.0571659
0.04479178
-0.09975013
0.05564297
0.2197972
0.195347
0.02212879
0.1464155
-0.01523079
-0.05341431
-0.1365694
-0.1450342
-0.1854058
-0.1493684
-0.3702365
-0.248586
-0.1495767
-0.2408948
-0.1007459
-0.2136603
-0.2133457
-0.2261828
-0.05499419
-0.1057935
-0.1610542
-0.1075251
-0.1245862
-0.3068193
-0.5237275
-0.3841397
-0.3142979
-0.1254225
-0.3221264
-0.2279812
-0.2804135
-0.2538919
-0.1497233
-0.2488605
0.2002669
0.6253652
-0.3352794
0.1108758
-0.4071647
0.07757717
0.03428427
-0.02773808
-0.086075
-0.1988327
-0.1859789
-0.3324854
-0.07738169
-0.02718807
0.1439615
0.08055313
0.05722391
-0.1333414
-0.2266835
0.04195537
0.2819109
-0.232116
-0.07333344
0.2836214
0.3273007
0.2055768
0.1886655
-0.299343
-0.344367
0.01562905
0.1517262
-0.3001386
-0.01565252
0.256088
-0.02754787
-0.1931933
0.07258909
0.2238379
0.07247664
0.1853414
0.06447646
0.152445
-0.1276257
0.2475973
0.1214256
0.119767
0.04811561
-0.1379251
-0.210338
-0.4023413
-0.1312391
-0.2660929
-0.3147448
-0.2630923
-0.3950669
-0.2308545
-0.2586262
0.07111524
-0.09880779
0.1065846
-0.2366498
-0.3054308
0.07090123
-0.2760191
-0.4829925
-0.3785086
-0.2881392
-0.177323
-0.2774419
0.1760396
0.02960408
0.3270734
0.09618875
-0.1110522
-0.1599793
0.04692153
-0.06274985
0.05710895
-0.3139639
-0.1932732
-0.4140722
-0.1019662
-0.0916561
-0.235884
0.02040687
-0.07944996
0.02471043
-0.1840833
-0.03017338
0.2208668
0.065507
-0.2980935
-0.1934877
0.4630235
0.4437058
0.04156816
0.1513869
-0.07501097
0.2466078
0.1074902
-0.00709277
-0.1627972
0.03210365
0.09624117
0.01642768
-0.2332443
0.1597752
-0.2670048
0.1319898
0.156193
0.1278557
0.1067293
0.3140332
0.3169883
0.3073156
0.2363659
0.01694743
-0.2671595
-0.05458724
-0.1341011
-0.1298423
-0.07167369
0.1504829
-0.1006798
0.06005657
-0.06374778
0.3405903
0.2299071
0.4601151
0.1966289
0.1298315
0.3479304
-0.07827585
-0.08671697
0.005873511
0.01080602
-0.0438809
-0.2158843
0.2447685
-0.2864765
-0.02353321
0.4614827
0.03013538
0.3424666
0.09564629
-0.07825652
0.1204051
-0.1557589
0.2521035
0.08239172
0.1840411
0.03033617
-0.06220228
-0.2021848
-0.3162877
-0.2424607
-0.06255185
0.2077182
0.2428093
0.02184755
-0.06343499
-0.2373331
0.3992367
0.117854
0.1005965
-0.1383206
0.2737682
0.4241428
0.07465372
0.0797114
0.2127448
0.2971388
0.03558096
0.245341
0.5060531
-0.07814875
0.3753416
0.08829774
0.02021259
0.1682125
0.0957134
0.02987013
0.1103633
0.01820776
0.02451765
-0.1126483
-0.08435621
-0.1493696
-0.4020793
-0.1469145
0.03762429
-0.1205809
-0.2087346
-0.09874322
-0.119611
-0.06636205
0.1503363
-0.08936306
-0.278666
0.1190013
-0.2739936
-0.2481698
-0.1518025
-0.2171702
-0.07315697
-0.2120545
0.1249327
-0.06324329
0.2323631
0.1847651
0.1862691
0.1077797
-0.0618083
0.08326042
0.3161435
-0.0888697
0.1766594
0.03296722
-0.07644538
0.2317658
0.09515759
0.2217985
0.05733677
-0.1678675
-0.0659806
0.1418013
-0.04476939
0.05880796
-0.03120137
-0.1105148
-0.08550227
-0.2649849
-0.2003727
-0.1687923
0.08404778
-0.1639705
-0.1799587
0.1459291
0.1441723
-0.1767605
0.01979147
0.06901133
-0.07522655
0.3296787
0.1034813
0.4189609
0.09408973
0.6176242
0.3758109
0.6269981
-0.02334921
-0.1594403
-0.1649938
-0.1301901
-0.2608045
-0.3018391
-0.2907684
-0.1936759
-0.3949823
-0.2965581
-0.4348022
0.3986368
0.2535105
0.5547264
0.1744233
-0.1378916
0.6053353
-0.3187338
-0.1742495
-0.1213548
0.1698411
-0.0426099
-0.1928624
0.3141778
-0.1584492
-0.03997204
0.3828501
0.2250876
0.4629703
-0.1822416
-0.3394448
0.01971083
-0.475945
0.07066477
-0.08971066
0.1962727
-0.1197643
0.1126717
-0.1163746
-0.2374251
-0.205592
0.08610549
0.05327376
0.5025497
0.0312542
-0.176595
-0.1025645
0.02901516
0.01434036
0.1316046
0.2600509
0.08865732
0.2589667
0.1018716
-0.05768436
0.118318
0.3197935
0.1984334
0.3140109
0.2327132
0.2102066
-0.04361119
0.01736903
-0.1601099
-0.1474154
-0.2554506
-0.1084728
-0.0353666
-0.1086056
0.003589444
-0.01988301
-0.1120789
0.02006592
0.2015773
0.04208018
0.06698272
0.1308949
-0.1864278
-0.1031005
-0.3164687
-0.2955416
-0.1175835
-0.1726072
0.188716
-0.01892184
0.1918719
-0.1008849
-0.2313106
-0.03003607
0.01520133
-0.1281809
0.1626664
-0.1231402
-0.01215137
-0.2312612
-0.05621972
-0.08807486
-0.1157344
-0.05086702
0.17115
0.02307919
-0.1045605
-0.1055479
-0.027694
0.3843915
0.05399895
0.03859409
-0.02150492
-0.0839827
-0.0870718
0.1281301
-0.09671717
-0.1961436
0.6186253
0.5997547
0.1555276
0.585555
0.002653545
0.02833396
0.1161163
0.4606254
-0.0984518
0.04646981
-0.07074071
-0.1870236
0.2675859
-0.3636072
0.2946142
-0.4696349
-0.3751438
-0.3228243
-0.1278605
-0.08283278
0.1871017
0.1006079
-0.02552917
0.06968021
0.08529765
0.2825434
0.2133296
0.08699089
0.2393345
-0.09652606
0.2932025
-0.1205751
0.04676831
0.2311882
-0.404581
0.206437
0.2258105
0.4378603
-0.1585397
0.2694771
0.2069579
-0.1863361
0.1045397
0.07494669
-0.0081171
0.2041561
0.01674159
0.1378033
0.4763647
0.1830512
0.5055763
0.5267541
0.6904289
0.1637176
0.3864602
0.4490713
0.120843
0.2028815
0.1458482
-0.0407414
0.3878536
-0.3441378
0.174357
0.2090423
0.07300262
0.4026484
0.1828412
0.4558948
0.007935361
-0.09652922
-0.02001071
0.27447
-0.04951747
0.06921586
-0.09484397
-0.2378909
0.2063009
-0.1990899
0.2795061
-0.4041512
-0.2759182
-0.205601
-0.1387988
-0.01892162
0.2042665
-0.01205683
-0.0153946
0.1059414
-0.02221559
0.04307148
-0.07110604
-0.147346
-0.01800409
-0.1120998
0.2481119
-0.02055753
0.08155583
0.4024525
-0.3288153
0.2085906
0.193959
0.5322797
-0.1303793
0.3678755
0.4627722
-0.2142383
0.180515
0.0609858
-0.01175184
0.1249832
0.1690364
-0.1132812
0.306994
0.03690213
0.4140108
0.3981951
0.690208
0.1473043
0.2191143
0.3609691
0.04802654
0.2298105
0.1859722
0.1070411
0.3380773
-0.1653609
0.01993206
0.17076
0.03830908
0.3647788
0.6114228
0.2502807
-0.02903488
0.1031915
0.4962857
0.1316189
0.2447498
0.04479869
-0.0657117
0.4315697
-0.3299025
0.1011015
-0.3729919
-0.2187804
-0.3255933
0.1495783
-0.02711837
-0.08637144
0.00433517
-0.09378624
-0.07066025
0.01925834
0.1198792
0.1203072
0.1158056
0.1040037
-0.2069779
0.05899196
-0.247911
-0.1451926
0.0848426
-0.3663268
0.09311634
-0.1149858
0.4024628
-0.3703888
0.05070044
-0.08093768
-0.1122158
0.08024985
0.1919203
0.06266822
0.02177004
0.06444976
0.1447005
0.4835976
0.2846644
0.2160593
0.6237446
0.3387329
0.1001485
0.149779
0.4466276
0.2728244
0.3433804
0.1397086
0.00450131
0.4446496
-0.3252385
0.08030898
0.111474
-0.1127584
0.3715776
0.3218341
0.2767478
0.1319658
0.3963111
0.5879215
0.5808671
-0.06371457
0.3188105
0.2748014
0.03734675
0.2649177
-0.2095632
-0.2013427
-0.1728582
-0.3248819
-0.1581469
-0.3171454
-0.1645095
-0.2662132
-0.4883206
-0.02337598
0.09207715
-0.1097738
-0.08351028
-0.137219
-0.3133767
-0.08905575
-0.2527517
-0.2018809
-0.1281096
-0.1576454
-0.2373508
-0.3649893
0.04761082
-0.1101407
-0.08902994
-0.2122639
-0.1961219
0.0225519
0.118285
-0.1225098
-0.2226535
-0.1944231
0.01132392
0.01349749
0.1107272
-0.1175986
0.3045346
0.05040031
-0.08242874
0.2658422
0.2554502
0.422744
0.2104022
-0.07536406
0.008759727
0.2676387
-0.1838923
0.2261696
-0.02103554
0.02888277
0.322711
-0.01139961
0.09748211
0.7493832
0.2215134
0.3247078
-0.06189077
-0.0439847
0.4358185
-0.3779542
0.3283153
-0.4420919
-0.3048794
-0.3193128
-0.1686772
-0.1169428
-0.05954261
0.04415065
-0.09836545
-0.07908866
0.08689301
0.173771
0.2207347
0.1254985
0.1592368
-0.1579291
0.2878701
-0.3252968
-0.08680648
0.1144037
-0.3739141
0.1088192
-0.04759363
0.4769359
-0.2162138
0.06097608
-0.09908646
-0.2558796
-0.09976491
0.07224453
-0.05378881
-0.06360793
-0.002914465
0.1342487
0.5023931
0.1619799
0.2486276
0.6142876
0.4896953
0.157192
0.2198623
0.7371099
0.3871762
0.3435023
0.1986631
0.08403574
0.4525342
-0.385393
0.2703485
0.2645913
0.1259304
0.1108018
0.07292703
0.340013
0.493347
0.3018605
0.3059285
0.4147857
0.1922525
-0.2545285
-0.07203042
-0.2362715
-0.109174
-0.3110492
-0.03088667
0.08712006
-0.00495009
-0.1599386
-0.2134474
-0.281232
-0.05749416
-0.05176834
0.05969357
-0.1027062
-0.08340538
-0.355054
-0.2089968
-0.4024444
-0.2590964
-0.3084388
-0.1924666
-0.2630582
-0.06855608
-0.07558627
-0.2403079
-0.1398909
-0.123101
-0.08583324
0.1416482
-0.114363
-0.2163207
-0.1612796
-0.1178432
0.06262116
0.1856038
0.08828928
0.1174937
0.164436
-0.09317598
-0.07627299
0.06630866
0.2803126
0.7291811
0.4180619
0.2420772
0.09472385
0.1179101
-0.3222922
0.04122309
0.1638565
0.03968628
0.4212108
0.1297403
0.2025168
0.1184278
0.1139183
0.3910924
0.06433782
0.3110578
0.2852008
0.07481921
-0.08748332
-0.05199519
-0.09434343
0.0576923
-0.07573682
-0.06537997
-0.1162679
-0.2855707
-0.0169203
0.05195572
-0.04608946
-0.1632444
-0.04442953
-0.01950106
0.09345508
0.06518659
0.1302752
-0.2251951
0.1305986
-0.2225745
0.1004351
-0.05213176
0.1134482
0.03418735
-0.1559455
0.1964449
0.1504838
0.005325281
0.07147024
-0.1431351
0.01271302
0.0894377
0.01879795
0.0864772
-0.04724555
-0.04218867
-0.09072131
0.2780512
0.2029973
0.05205722
0.2249262
0.04523847
0.2237603
0.1059131
0.3352302
0.2181347
0.3916907
0.2774488
0.3012206
0.2099981
0.2178045
0.1276678
0.07757766
0.2075403
-0.03076922
-0.0005424803
0.3901709
-0.005413687
-0.05187168
-0.004309597
0.03595796
0.1746893
-0.04445197
-0.07047119
-0.2585653
-0.1653214
-0.1438919
0.07720738
-0.04808535
-0.06934225
-0.1042953
0.1619999
0.260271
0.1077904
0.03296969
-0.09142404
0.1317102
-0.1476467
0.07247692
-0.02642242
-0.05170213
-0.1091629
-0.198647
0.2428998
0.05825938
0.188582
0.1001502
0.06726632
0.1742461
0.202258
0.05168166
0.2734818
0.0182022
-0.009369155
0.03776024
0.2359644
0.1117117
0.1718215
0.1925346
0.02925354
0.1631656
0.2495756
0.1623383
0.08618925
0.2311021
0.502161
0.1032488
0.429015
0.4897264
-0.07665564
0.1968909
0.3644755
-0.3549956
0.2194026
-0.3630442
-0.2088494
-0.354469
-0.2023915
-0.1991128
-0.1428639
-0.01667302
-0.1878703
-0.146729
0.1395259
0.1520612
0.180291
0.120775
0.1558129
-0.110202
0.2878212
-0.3033143
-0.1134121
0.09599185
-0.3437468
-0.05641237
-0.1257732
0.3503444
-0.3192595
-0.1089018
-0.2357672
-0.2873211
-0.07151657
0.007659949
-0.0453182
-0.1681702
-0.1123937
0.288901
0.4812002
0.2600855
0.1371107
0.3307846
0.2647081
0.1734271
0.2694436
0.5502949
0.3821781
0.3904238
0.3724359
0.1486214
0.312856
-0.2866325
0.2923577
0.2820275
0.08281238
0.5095934
0.2290309
0.4373519
0.09033033
-0.1500434
0.1279742
-0.2649552
-0.3056787
-0.3423112
-0.3501864
-0.06848334
-0.1374909
-0.0853785
-0.1198723
-0.2299828
0.1168825
-0.01434222
-0.03894589
-0.0811756
-0.05980316
-0.4243081
-0.3200824
-0.4150336
-0.2674912
-0.3171352
-0.1544167
-0.2629156
-0.3011877
-0.0807015
-0.1048692
-0.2214698
-0.1138549
-0.188195
0.1990779
0.1765278
-0.3300434
-0.08417018
-0.3315024
-0.07399277
0.09492914
0.1429119
-0.09967591
-0.009641434
-0.1475273
-0.2182457
0.1957783
0.1507741
0.5211541
0.5042418
0.1152092
-0.04850923
-0.04972618
-0.2481083
0.03625878
0.02894045
0.1476959
-0.2186377
0.3965997
0.0708788
-0.06479646
-0.02496824
-0.0873244
-0.0009368314
-0.0485384
-0.1703877
-0.002836881
-0.05104936
-0.2043678
-0.3257342
-0.4762541
-0.1311206
-0.1368687
-0.1586889
-0.2560146
-0.1201416
-0.1935251
-0.02322214
-0.06336048
-0.2110419
-0.2159915
-0.04479517
-0.3966828
-0.4379914
-0.04816568
-0.3837366
-0.2751519
-0.1702654
-0.07956962
-0.1104132
0.125621
-0.08608386
-0.1381551
-0.1523104
0.05878026
0.2305615
0.361018
-0.03114398
0.09259891
0.1410595
-0.07753435
0.3297362
0.2307482
0.4126461
0.3558644
-0.01407588
0.05337493
0.08491717
-0.0944366
0.1209679
0.05619652
-0.06822147
0.1672127
0.1953634
-0.1947726
-0.1476325
-0.03470361
-0.1876539
-0.1745236
0.1379256
0.2703056
0.220145
-0.008911307
0.1528854
0.1502327
-0.0554987
0.08866278
0.1169227
0.03158603
0.05149078
-0.1881338
-0.1073685
-0.1713449
0.009970281
-0.1027699
-0.03483612
0.1600242
0.2118563
-0.08214956
-0.02745311
0.06067393
-0.2067813
0.1185179
0.3422801
0.09935374
0.05635312
0.1987719
-0.003324718
-0.03236928
0.233234
0.2126277
0.07340598
0.1284075
-0.07261542
0.1314545
-0.06858423
0.06763612
0.4013123
0.3180948
0.3486203
0.1087553
0.06768399
-0.09801419
-0.01920175
0.00132468
-0.01272215
0.1326356
0.2206892
-0.06661752
0.2844194
0.2243422
0.1381733
0.0373867
0.1058789
0.02230851
-0.06770562
-0.2927347
-0.4743307
-0.1153578
-0.03723164
-0.1691192
-0.2089965
-0.2637335
-0.009924628
-0.07987151
0.04688766
-0.2016746
-0.3710179
0.1632934
-0.4132429
-0.2189642
-0.2488675
0.004684154
-0.2811947
-0.3288554
0.04756045
-0.001875525
-0.1242881
-0.05926284
-0.07090791
-0.01751554
0.009993575
-0.09071834
0.1230213
-0.3259341
-0.02210818
-0.2061273
-0.0401482
-0.005188304
0.05658812
0.429511
0.05171097
0.130753
0.151828
0.110837
0.1747628
0.08098529
0.1289604
-0.000987147
0.1450011
0.09994695
-0.0724621
-0.1333218
-0.006847816
-0.02182775
0.0884768
0.0009420179
-0.008198608
-0.08838018
-0.2273914
-0.3124876
0.1501886
-0.006224581
-0.07205912
-0.07714522
-0.1237697
0.2045694
-0.02677138
-0.2482097
-0.0783981
-0.07869545
-0.04259247
0.006526495
0.07213099
-0.2361759
0.0465227
-0.2475996
-0.01420398
0.04749477
-0.03419657
0.1335203
0.06163936
0.01826147
-0.04957142
0.2793169
0.07050607
0.02495216
0.3580128
0.2059298
0.1214868
0.09428918
0.5167969
0.3302543
0.05262306
0.305171
0.06459271
0.6130656
0.04586686
-0.004141451
-0.0680835
-0.05428183
-0.1033298
0.5943576
0.4140781
0.6126373
0.06585496
0.1463046
-0.001086499
-0.08040583
-0.2527782
-0.3091265
-0.3457264
-0.1138919
-0.3784091
-0.208503
-0.4081186
0.3101437
0.04134926
0.4326336
0.03563843
-0.2291104
0.5446468
-0.3099349
-0.09916438
-0.1619555
0.349513
-0.09695438
-0.07739405
0.2302157
-0.1672234
-0.1364113
0.06908238
-0.1471217
0.1554278
-0.2080416
-0.5892484
-0.371517
-0.4728354
-0.2373762
-0.1896069
0.08521285
-0.2174912
-0.1787754
-0.1774305
-0.4607687
-0.1607322
0.0194645
0.191568
0.598655
-0.08358121
-0.142771
-0.004572624
-0.2231158
-0.3210618
-0.1698569
-0.2922721
-0.02368778
-0.1878204
0.04909764
-0.01131391
0.02599603
0.1726024
0.332047
0.09033929
-0.0805263
0.05582471
0.07929753
0.3558892
-0.001111436
0.1449031
0.2161124
-0.0739584
0.1655569
0.09101065
0.3118916
0.1574089
0.2511474
0.008310368
-0.03764268
-0.09286818
0.06725804
0.1167134
0.1174864
0.08468895
0.06866993
0.04945207
-0.01747555
0.05645233
0.157178
0.1882772
0.286555
0.1953118
0.2892173
-0.0331582
-0.04222596
-0.01325706
0.03292593
0.2541802
-0.04590161
0.2042583
0.2274721
0.2835705
0.8066068
0.8382142
0.3332043
0.02472858
-0.06479949
-0.1764181
-0.3540172
-0.2508612
-0.3457313
-0.2697391
-0.3655426
-0.1832148
-0.4355208
0.6104813
0.2419278
0.7283991
0.156397
-0.1553018
0.7302357
-0.3685425
-0.2004485
-0.2369105
0.2498009
-0.2139488
-0.2786189
0.4475861
-0.3391111
-0.1673097
0.4230077
-0.05116544
0.4882361
0.03887531
-0.4575115
-0.05833589
-0.6411728
-0.1283053
-0.302169
0.2951034
-0.3799526
-0.1736032
-0.2477953
-0.4119704
-0.0467005
0.2106266
-0.007192078
0.6709758
-0.1311212
-0.1004125
-0.2695341
0.6425619
0.4137758
-0.06590962
-0.1006711
-0.1298984
-0.3889852
-0.236253
-0.2251399
-0.1374009
-0.2745409
-0.02415261
-0.2807838
0.6431524
0.1816942
0.5936047
0.105083
-0.1002953
0.5358802
-0.2735009
-0.2747678
-0.1055319
0.03036374
-0.2841419
-0.2130825
0.3079227
-0.4881913
-0.1510456
0.4190835
-0.2203768
0.4795284
0.2256094
-0.3783498
-0.001827916
-0.5708293
-0.0992014
-0.3015636
0.2378288
-0.4030984
-0.2288557
-0.1779266
-0.3858872
0.03533031
0.3050151
-0.02336045
0.4755499
-0.1067626
-0.005566377
-0.3722603
0.2421847
0.1019195
0.1188469
-0.1263253
-0.2940047
-0.2290813
-0.4761814
-0.3481756
-0.4015363
-0.2984684
-0.4578475
0.5517957
0.3231378
0.7509438
0.179926
-0.1028723
0.687953
-0.2936903
-0.1553294
-0.159367
0.2112315
-0.04280637
-0.08937412
0.3650154
-0.3038806
-0.133606
0.3667132
0.1153787
0.5186844
-0.1071635
-0.3925333
-0.06174328
-0.4239757
-0.02322123
-0.007016223
0.2382152
-0.3247033
-0.04379151
-0.2673591
-0.3642007
-0.2224167
0.2426845
0.05591655
0.6147703
-0.1973788
-0.0624338
-0.2530685
0.3370477
0.2942813
0.2117752
0.1061443
0.2404418
0.05700432
-0.003140309
0.06694255
0.1940541
0.06170252
0.2113943
-0.02751089
0.2939523
0.1357111
0.2314471
0.2290752
0.2044323
0.04521815
0.04981164
0.1031952
-0.02473934
-0.1114795
0.2695305
-0.1675231
-0.2336099
0.2994023
-0.1859207
0.3355983
-0.04967025
-0.05313023
0.03639159
-0.135818
0.03089499
-0.1212504
0.2023815
-0.2912759
-0.1870471
-0.1166789
-0.07303465
0.02718454
0.07550317
0.03654933
0.07149092
-0.3785182
0.1357185
-0.3113427
0.3929081
0.1859012
0.1843096
0.1060551
-0.07791268
0.06848864
0.1177059
-0.09324446
0.09660765
-0.09843876
-0.06706887
0.07700552
0.1409361
-0.007321386
0.2416433
0.1134641
0.3760835
-0.1461225
0.1661572
0.1015305
0.02018045
0.2862634
0.2447532
-0.04844142
0.01590005
0.007135006
0.1661283
-0.04838792
0.06567093
0.0964587
0.1320788
-0.08528156
0.09648828
0.155155
0.06489979
-0.04987888
0.05912557
0.1069344
0.0580597
0.1442682
0.242815
0.1807654
-0.1992744
0.3074273
0.2052538
0.07428514
0.1284541
0.1747636
-0.103565
-0.1552935
-0.04154335
-0.2599299
-0.001998009
-0.1536595
-0.1757046
0.1113226
0.09259385
0.02141872
-0.08014962
0.1048846
0.1701743
-0.02550227
-0.03931248
0.1866456
0.405038
-0.1091178
0.1970091
-0.2059406
-0.2016748
0.226724
-0.02243978
-0.3436046
0.1857675
-0.02080796
0.3647544
-0.04803235
0.4313991
-0.04920068
0.1003614
-0.02531593
0.02644565
0.2657761
-0.1218233
-0.1043022
-0.008883443
-0.1499671
-0.3965507
0.1154071
0.0321656
0.4465525
0.3868972
0.4976515
0.4706184
0.4344666
0.4480863
0.5718982
-0.09725799
-0.06927136
-0.04771574
0.240004
0.2094843
0.07537742
0.4345483
0.3613863
0.2796285
0.3175823
0.2410015
0.07016842
0.07651486
0.00515239
-0.1246077
0.1112449
0.1694402
0.06552875
0.08180086
0.1561616
0.1148677
0.08604488
0.09411912
0.04857564
-0.007385662
0.2166301
-0.05522775
-0.1019023
0.1148255
-0.005525626
0.02951206
-0.1148434
-0.1133219
-0.03496507
0.270418
0.2166911
0.6823364
0.494729
0.2842937
0.4310067
0.4391775
0.6182467
-0.2393045
-0.2076185
-0.2660613
0.3677655
0.3521763
-0.1923336
0.4716395
0.3800001
0.06291712
0.1912178
0.3329021
0.2751692
0.004678411
0.2187325
0.02352008
0.01772448
0.1726688
-0.1612125
-0.1833091
0.2561537
-0.005610208
0.3419082
-0.04721779
0.0240241
-0.1682946
0.1360824
-0.1920344
-0.1469757
0.1687902
-0.1008107
-0.1976786
-0.1102538
-0.1513344
-0.1414464
-0.07612518
0.2480092
0.5412546
0.3025232
0.4507447
0.5261668
0.5151984
0.0169069
-0.09147115
-0.1289151
0.3832263
0.5241878
-0.06388641
0.5706086
0.3528492
0.2342227
0.2442964
0.1460158
0.2222498
-0.07860937
0.131894
-0.006012067
0.01246789
0.06293585
-0.1011454
-0.09634172
0.1006529
-0.1206722
0.2757024
-0.04210335
0.05507628
-0.06663377
-0.05840242
-0.2153495
-0.3506125
-0.003617602
-0.04584755
-0.2059972
-0.2146969
-0.1624892
-0.1919095
-0.02709734
-0.008270062
0.5333459
0.4941472
0.5701282
0.6546276
-0.2101419
-0.3021605
-0.2841865
0.334253
0.5172509
-0.1385172
0.4353743
0.19727
0.3129634
0.3437341
0.09309794
0.07346708
-0.2459011
-0.04731072
-0.2049426
-0.05450678
-0.1965887
-0.218304
-0.03098252
0.05678367
-0.1260951
0.08791996
0.01655632
-0.1711651
-0.111081
0.1610165
-0.2019798
-0.1925069
0.101384
-0.03444026
-0.2979924
-0.299961
-0.3699049
-0.01239109
0.02220614
0.2393995
0.5341753
0.5803913
0.5906992
-0.0564301
-0.009929737
-0.1976445
0.1844671
0.2668471
-0.03943533
0.5058469
0.2983613
0.2796496
0.1754106
-0.001054657
-0.163307
-0.06432721
-0.1273782
-0.03300571
0.02891119
-0.08742704
-0.1470618
0.07295656
0.03692752
-0.03551154
0.0918855
0.1469077
-0.02625731
0.05627169
0.1799665
-0.05827674
-0.03493015
-0.1540704
0.06421493
-0.1104139
0.06644759
-0.3021057
0.2385597
0.1842643
0.2300018
0.6242285
0.6385825
-0.1965502
-0.06555247
-0.3820224
0.1142298
0.1822538
-0.2613759
0.5132353
0.3571977
0.0967186
0.04978634
-0.1279129
-0.1231156
-0.1209342
0.00997134
0.01823962
-0.1308834
-0.002082273
-0.1619848
0.1370676
0.2396585
0.09423567
0.3422404
0.06041482
-0.02000808
-0.1079704
0.08912554
0.05684362
0.01130351
0.04161504
0.05963043
-0.1069725
0.007173701
-0.3445206
0.2618115
0.1133253
0.1780333
0.6199604
-0.03592579
-0.1173899
-0.2643384
0.1519558
0.3639177
-0.1799451
0.5470972
0.2365957
0.2117108
0.2221173
-0.1529426
-0.1578261
-0.07481643
-0.1272996
-0.006999619
-0.02360876
-0.2247621
-0.1434945
0.1284397
0.004604106
-0.08353494
0.01978342
0.064563
-0.1961911
-0.1116253
-0.1569857
-0.1894428
-0.1639257
-0.1254697
-0.01519994
-0.07754204
-0.1343232
-0.3181284
0.1338636
-0.03268082
-0.09483092
-0.2094659
-0.1144675
-0.3227519
0.360295
0.3413884
-0.2225955
0.6052191
0.3403724
0.2099267
0.04110302
0.1199009
0.1550433
0.01373374
0.03722166
-0.00253803
0.09990811
-0.004567747
-0.1377541
0.2118898
0.3812191
0.1909557
0.3503104
0.04202141
0.05838815
-0.002118371
0.2981382
-0.13596
-0.05212026
0.1554018
0.08023389
-0.05998315
-0.05718784
-0.3466562
0.08657841
0.1806164
0.2377119
0.6219796
0.5298665
0.2499172
0.0894201
0.5068454
-0.1130378
-0.1377404
0.06198631
0.167438
-0.1627534
-0.184224
0.4213034
-0.4473265
0.06478533
0.4617531
0.008454562
0.4879196
0.3900447
-0.2751027
-0.01535331
-0.3970751
-0.07115217
-0.1060884
0.3969857
-0.2511499
-0.006076498
-0.2952902
-0.4522159
0.08885693
0.2624877
0.08455423
0.6388034
0.07781481
0.08104055
-0.1645855
0.3422093
0.1757716
0.203961
0.2028846
-0.004556945
0.1365927
0.2614255
0.05894846
0.1431863
-0.1715312
0.3849287
-0.3182529
0.03892693
0.5132371
0.1184105
0.4853394
0.3471968
0.1299808
0.1666426
-0.05786092
0.2722288
0.2810679
0.6594526
0.008300281
0.4452396
-0.03446717
-0.1769798
0.2879946
0.4291518
0.4052543
0.3751512
0.2499157
0.2220678
-0.02298591
0.3520076
0.1215312
0.6602649
-0.2179227
0.01000154
-0.04663518
0.1379932
0.1654748
-0.01181447
0.3657584
-0.2620044
-0.204942
0.632265
0.1896921
0.6275377
0.01026769
-0.1514778
0.1947446
-0.2436606
-0.0168387
0.1236605
0.3939832
-0.06701175
-0.04489915
-0.3237997
-0.283565
-0.05481133
0.2496028
0.102561
0.561446
-0.1714053
0.01924927
-0.2557562
0.482179
0.3155864
0.234963
0.2784787
0.1916808
0.3275523
0.4023214
0.1925072
0.2661025
-0.07541554
-0.2684738
0.5089422
0.07031936
0.369831
0.05814667
0.1031644
0.1509528
0.07760006
0.1168123
0.1721996
0.3728275
0.2559127
-0.1095076
-0.27894
-0.02173289
-0.08811216
0.01916522
0.1180776
0.1428965
-0.03573262
0.230443
0.3313502
-0.08082142
0.5154955
0.2609348
0.4798669
0.2672212
0.3404252
0.2148369
-0.1040008
-0.144895
-0.2846274
0.2925529
-0.1111113
0.1337552
-0.1167482
0.05340603
-0.1311064
0.1586089
0.2167606
0.1896426
0.2001359
0.03010524
-0.04276196
-0.3901551
-0.04785651
-0.01023694
-0.1321752
0.01165736
-0.09749653
-0.1838373
-0.0345624
-0.0627047
-0.3329806
0.01808374
-0.2179747
0.3809795
-0.1144476
-0.1891539
0.5032016
-0.1671794
-0.1238838
0.4582261
-0.003503785
0.5137711
0.03784763
-0.3999416
0.0524156
-0.4416748
-0.1029796
-0.2077579
0.3058053
-0.07980267
-0.1114396
-0.2429621
-0.2863557
-0.05208101
0.1376033
-0.004043072
0.646668
-0.08633399
0.02733246
-0.01087644
0.3632561
0.4107748
0.1359617
0.2453826
0.1807001
-0.07557037
-0.03410736
0.06413207
0.01926594
0.03613201
-0.04126878
-0.1412743
0.08977536
-0.1319545
0.2683568
0.1042037
0.1408929
0.04803102
-0.1291642
-0.1293644
-0.2140847
-0.06196655
-0.06520728
-0.0613771
-0.06619203
-0.3402152
-0.01948823
0.02847371
0.001626993
0.1689181
0.308748
0.3916653
0.3081365
0.2521867
0.258832
-0.2007293
0.1286476
0.1883646
0.180513
-0.02048873
0.1340744
-0.04329953
0.4531077
0.03437119
0.255324
0.3228466
0.07693416
-0.03568072
-0.05697761
0.01785888
0.1492687
0.2337888
0.05296699
-0.01991631
0.01448499
0.2480509
0.193783
0.1679089
0.2662746
0.276706
-0.09754391
-0.3033423
-0.04649552
0.1488121
-0.01493275
0.1706067
-0.03650187
0.1697013
-0.1103789
0.1246643
0.4903641
0.4052078
0.3195443
-0.08328451
0.2605315
-0.03245847
0.1989099
-0.0108827
0.1537239
0.1828163
-0.1810439
0.04306094
0.2652349
-0.1000448
0.1427601
0.1175706
0.2150144
-0.1869139
-0.303745
0.06667208
-0.141176
0.1015723
-0.2490925
-0.461096
-0.4462639
-0.282977
0.005647643
-0.1643394
0.1719184
-0.144579
-0.1817284
-0.3103059
-0.20787
-0.2667547
-0.1037036
-0.04691969
0.1789861
-0.1782198
0.04092239
0.2063516
0.392055
0.1229311
0.1880006
-0.1600075
0.3312382
0.3084287
0.2472177
-0.06903919
0.3202526
0.1244158
0.3378124
0.188735
0.3620437
0.3803712
0.2966378
0.1285416
-0.07972227
0.2522165
-0.04097526
0.1309263
0.1812423
-0.09799694
-0.2256875
0.1112946
0.2725665
-0.0105895
0.1070462
-0.09242176
-0.1149137
0.2336166
0.03121046
-0.2534143
0.08839044
-0.1507115
0.5021911
-0.03216194
0.4514661
-0.1114632
0.1501115
-0.1987913
-0.1654194
0.2311228
-0.2331763
-0.0345025
-0.07280462
-0.09457429
-0.3305503
0.06536966
0.08112007
-0.1376525
0.04068945
0.5117809
0.04943484
0.4978469
0.2122298
-0.02759222
0.2598014
-0.1780559
-0.01584689
-0.1386884
0.4833087
-0.06375824
-0.07234449
-0.01299145
-0.08327735
0.08760375
0.4059637
0.2010433
0.4895024
-0.02810033
0.2510237
0.02311146
0.2029249
-0.3378185
0.2051443
-0.09657147
-0.1263884
0.2959227
0.1977675
0.3814288
-0.1242006
0.09413121
-0.2140121
0.2370309
-0.02551899
0.09472393
0.3474096
0.2127199
-0.09433827
-0.01357825
-0.04495325
-0.04759566
0.02595553
0.2915473
-0.07001709
0.1443815
-0.104065
0.2064756
0.1460858
0.2206853
-0.01803437
-0.01196859
-0.02830146
-0.1292135
-0.03296663
0.06175369
0.05266312
0.06994738
0.1351817
0.05075747
0.004480458
0.09604558
0.3889246
0.007547775
-0.01178952
0.1304067
0.6140871
0.3628434
0.1762747
0.4037539
-0.1809703
0.2588731
0.06283376
0.6431083
0.07384685
0.1208579
-0.05686685
-0.09231081
0.1618374
0.4266117
0.2839095
0.4017683
-0.03986308
0.1329912
-0.1828183
0.2550326
-0.0220878
0.3378585
0.3606968
0.3639088
0.09439398
0.4193841
-0.0689117
0.3117408
0.2398468
0.1125524
0.195824
-0.03563348
0.1096488
-0.009592201
0.06740055
-0.08120542
-0.09663603
0.01635947
0.1525451
0.02285867
0.3214864
-0.1202186
0.1674404
0.1854978
0.5252829
-0.1330044
0.1782593
-0.1478493
-0.01571941
0.1298657
0.4676343
0.2813945
0.4299453
-0.05524167
0.188646
-0.05583798
0.2846816
0.4602174
-0.05519187
0.01694444
-0.08114575
0.3320499
0.1972659
0.1158608
0.1072518
0.0001615905
0.3681218
0.475712
0.0907828
0.1784131
0.395143
0.3201518
0.03324965
0.6986354
0.5891237
0.3312847
0.4617971
0.1384999
0.5314051
0.4463772
0.3690246
0.649264
0.3876143
0.2039094
0.3254595
-0.2693487
0.07782161
0.3294887
0.1540906
0.2573921
0.1584024
0.2367514
0.1951369
0.4401399
0.2958112
0.2955274
0.4690319
0.318615
0.4400731
0.2143076
0.02917418
0.1826176
0.3176871
0.02562695
0.1468741
0.592062
-0.1321826
0.4496471
0.184044
0.1638816
0.3781804
0.05552257
-0.03802107
0.1139175
-0.4009125
-0.03218781
0.1892604
0.1732119
0.5072192
0.218063
0.1584451
0.5194463
0.270142
0.1952823
0.008869235
0.06906957
0.4107417
-0.193808
0.09265611
0.1519411
-0.07472606
0.1456334
0.3651261
0.433036
0.142201
0.2476834
-0.07386351
0.1507519
0.3555423
-0.1486514
-0.02535601
0.232292
0.00459623
-0.007016184
0.2665946
0.01180695
0.0387753
0.235901
0.5268914
0.3572562
0.2762483
0.08883623
0.3599503
0.05293636
0.2861488
0.2615527
0.3882579
0.1438753
-0.1307794
0.1672174
-0.1610679
0.1003025
0.195684
0.4800568
0.472639
0.3164097
0.3226109
0.2000107
0.5140119
-0.05060213
0.2608313
0.1987841
0.1387717
0.4576059
0.3177693
0.2616368
0.264153
-0.1850254
0.0897342
0.1868421
-0.01777384
0.1617626
0.09737607
0.05207007
-0.3275186
-0.1273844
0.2115592
0.154601
0.3020838
0.3081149
0.1286195
0.2626968
0.1913767
0.1162541
0.2039757
0.2739493
0.1380927
0.4559839
-0.1607384
0.1704939
0.1242099
0.2228482
0.1169833
0.020789
0.02270005
-0.0787092
0.2249653
0.2453547
0.3551182
