0.709349
0.6362001
0.5789135
0.287657
0.2377924
-0.2700267
0.05046886
-0.2293085
-0.2216817
-0.05276713
-0.06438546
-0.0183764
0.5204517
0.01463665
-0.04333066
-0.1380866
-0.0790853
-0.04579447
-0.1048039
-0.3335983
-0.06822091
-0.1867513
-0.405331
-0.1897574
-0.141211
-0.253114
0.2451612
-0.02582484
-0.007920764
-0.2958775
0.1220257
-0.09382071
-0.2006602
-0.1491075
-0.3804527
-0.1751115
0.02884188
-0.120402
-0.05870591
0.2543217
0.2161827
-0.1717937
-0.1087081
0.0687442
-0.2772601
-0.247153
-0.0948963
0.4735931
-0.1358948
0.7316272
0.7405018
0.7316502
0.2959585
0.1211791
-0.102295
-0.03855912
0.07578728
-0.1873891
-0.2337658
-0.0443814
-0.2095958
-0.08273777
-0.07572294
0.4049557
0.2243335
-0.02205057
-0.2113345
-0.1334808
0.04849979
-0.2524579
-0.3044612
-0.3231546
-0.3048982
-0.3290829
-0.3263008
-0.2978273
0.2609287
0.08782158
-0.09933999
-0.0911136
-0.1307122
-0.05535961
-0.09546511
-0.034166
-0.2817082
-0.05332594
-0.142477
-0.2012438
-0.08880089
0.003351814
0.05431386
-0.1803525
-0.217083
-0.2645961
0.2196815
0.3638182
0.0858999
-0.05523786
-0.1117406
0.4639385
0.5255864
0.2939183
0.2568666
-0.2255574
-0.09094315
-0.2300264
-0.3199937
-0.1213408
-0.1350397
-0.1576065
0.5845616
-0.1736482
-0.1335639
-0.2436623
-0.3066501
0.01229645
-0.1465029
-0.3409744
-0.1806098
-0.2895944
-0.4374519
-0.2313872
-0.2505437
-0.4084199
0.006751161
0.1274739
-0.2281231
-0.2975994
0.1830529
-0.2178478
-0.1563736
-0.006034952
-0.2786392
-0.06927067
-0.1158193
0.04617856
-0.0122523
0.1232059
-0.03740262
-0.2544978
-0.208692
0.001483705
-0.2635428
-0.3232046
0.01055783
0.4095748
-0.3139679
0.7891401
0.7850575
0.6741192
0.3801761
0.1301081
-0.1707858
-0.2053937
-0.0217797
-0.07261332
-0.1693084
-0.1181562
-0.2053971
-0.06994085
-0.2113387
0.429861
0.1647005
-0.02206412
-0.1456009
-0.1293548
0.03317019
-0.2005001
-0.3431814
-0.3392558
-0.3139841
-0.31031
-0.3209045
-0.2935504
0.2547755
-0.1393109
-0.148696
-0.1043022
-0.1661728
-0.08651134
-0.06168127
-0.07998978
-0.2314111
-0.04591743
-0.007745001
-0.2236611
-0.2479728
0.1223211
0.05107847
-0.2335085
-0.3304151
-0.228865
0.2999194
0.3920567
0.2073789
-0.13719
-0.1803386
0.3457693
0.5690646
0.6925263
-0.07812731
0.01907306
-0.04475769
-0.06403126
0.04484947
-0.04585948
-0.0467251
0.1164731
-0.2870752
-0.1734843
-0.1902618
-0.1747191
-0.1479942
0.04501409
-0.09266088
-0.03574714
-0.1449847
-0.09293046
-0.106253
-0.02397689
-0.04886338
0.02645531
-0.1977185
-0.1243664
-0.3799245
-0.02604188
-0.136832
-0.3752827
-0.08932893
-0.2403464
-0.07120883
0.007348774
-0.07543217
-0.2157842
0.2512383
-0.02449698
-0.2054217
-0.0468118
-0.2579358
-0.2753463
-0.3235506
-0.03812695
0.2985741
-0.1949134
0.5683954
0.6392096
0.3962282
0.6969588
0.4470223
0.1315273
-0.0006496688
-0.0060273
-0.2198817
-0.03558747
-0.09531474
-0.1324122
-0.101876
-0.08569227
0.06446935
0.04394784
-0.1223116
-0.3611617
-0.1030897
-0.01972571
-0.1955334
-0.1811357
-0.2937731
-0.1855216
-0.1937547
-0.194704
-0.2118911
-0.01881025
-0.09785185
-0.2187915
-0.158223
-0.24597
-0.1055971
-0.2123666
-0.1751978
-0.3582773
-0.0681587
-0.01888067
-0.05865548
0.03790973
-0.006431762
-0.2442437
-0.1068467
-0.2285127
-0.2640323
0.1219457
0.1392216
-0.01834008
-0.1756719
-0.1669823
0.2523191
0.207587
0.1151719
0.3165337
-0.1728696
0.1668848
0.2653789
0.3273029
0.01900782
0.2809238
0.2439961
-0.04914002
0.2892009
0.1503173
0.1660278
0.09846761
0.07567564
0.2533434
0.1507089
-0.2786512
0.09618897
-0.00765045
0.01005275
-0.04321018
-0.163396
-0.4380565
-0.2620846
-0.01546665
0.3004729
-0.2945859
-0.3345804
-0.3460786
-0.3434833
-0.0339446
-0.4062324
-0.2739536
-0.02881667
-0.1327063
-0.4341577
-0.4847946
-0.288188
-0.03690458
-0.2363643
-0.2351889
0.03516241
-0.04579525
0.6401397
0.4945441
0.6606709
0.2468337
0.1613015
0.2681561
0.05803475
0.2288451
0.1115535
-0.03508058
0.1184936
0.02953844
0.164917
-0.1285284
0.1315789
0.2807578
0.2391731
0.164535
0.208195
0.4529985
0.09240062
-0.002988519
0.01939353
0.2511506
0.03108177
-0.1743387
0.09809434
0.05598661
-0.2863138
0.2754203
0.1385447
0.3409446
-0.2586118
-0.1200385
-0.0394188
-0.1184365
-0.1619688
-0.2837031
0.1212454
0.03463494
-0.2849199
-0.08147286
-0.2698448
-0.2839761
-0.09361127
-0.03410177
0.0602521
0.1605592
-0.1330815
0.1590116
0.6714641
0.2454537
-0.05273223
0.01034065
0.108169
0.1363742
0.01130777
0.06607006
0.1557866
-0.3320264
-0.2494556
-0.3160573
-0.08908542
-0.1957685
-0.1634492
-0.1698926
-0.004083604
-0.1534432
-0.1014954
-0.218972
0.01621255
0.04541063
-0.344746
-0.07394571
-0.3098897
-0.3137165
-0.01903044
-0.2242998
-0.1514319
0.03406475
-0.204321
0.1060716
-0.1737951
-0.0912292
-0.2225009
0.06072192
-0.112993
-0.2048209
-0.007166662
-0.2102972
-0.1780796
-0.1345764
-0.03514534
0.09775267
-0.3112837
0.4691524
0.4120632
0.1137318
0.7145023
0.7299668
0.2519436
-0.04466968
-0.02857542
-0.04759562
-0.1097092
0.09401621
0.01722572
0.05291536
0.03703341
0.07696104
-0.001168367
-0.1722166
-0.3106964
-0.1533781
-0.1206469
-0.2251699
-0.06226352
-0.2630825
-0.2037742
-0.1606047
-0.1723284
-0.004679875
-0.1014784
-0.3327642
-0.1366468
-0.2337061
-0.2854829
0.003136573
-0.03592403
-0.06588267
-0.1195646
0.04061616
0.08363666
0.03344447
-0.1053189
0.01692335
-0.2004622
-0.05149492
-0.2462117
-0.2607394
0.01458812
0.1253759
0.136864
-0.005344089
0.008127349
0.2534165
-0.1513835
-0.0485628
0.08409778
0.1339171
0.05156585
-0.07746581
-0.02184268
-0.434614
-0.2070613
-0.1963612
-0.06052981
-0.2028604
-0.1026909
-0.03044162
0.03523966
0.01210846
-0.1025682
-0.1918244
0.03398037
0.1090131
-0.1833109
-0.1349093
-0.244411
-0.1733615
0.03886902
-0.220147
-0.1946401
0.03224683
-0.1415315
-0.003728411
-0.1628768
-0.1573995
-0.294396
0.1163328
-0.1132568
-0.1242663
-0.1065542
-0.3518039
-0.04728583
-0.2509034
0.04251851
0.1677604
-0.1994658
0.3872759
0.3695411
0.1098923
0.7874022
0.6913598
0.314053
-0.1749365
-0.1285334
-0.07309572
-0.08621162
0.02557838
0.01541309
-0.02187785
-0.108165
-0.07144608
0.06071541
-0.05996845
-0.2345674
-0.0495353
-0.1338678
-0.117709
-0.02181763
-0.08556757
-0.1574078
0.0009787557
-0.02714519
-0.01964541
-0.2290571
-0.263494
-0.1597546
-0.04348624
-0.3377385
-0.09520359
-0.04169834
-0.09737999
-0.1030636
0.03796163
0.1613654
0.04129263
-0.05903276
-0.09555006
-0.2719644
-0.06218376
-0.06159317
0.01072728
0.1591523
0.07974761
0.2732787
-0.04793262
-0.04689378
0.1106613
0.1342255
0.3621328
0.344863
0.2002388
0.07235214
-0.4339535
-0.03961603
0.09518046
0.2547395
0.1981304
0.03856025
0.1820463
0.3669963
0.03625486
0.2666978
0.1863659
0.2428666
0.07202212
0.09553737
-0.08887747
0.08499541
-0.07017449
0.1580381
-0.08373239
-0.01705017
0.1148769
0.3279026
0.1404828
0.1852414
-0.2439884
0.04649551
-0.1062411
0.1294041
-0.01558448
0.05605174
-0.2188115
-0.2225812
0.2316737
-0.06979853
0.1997467
-0.1785544
0.1347879
-0.1865282
-0.2732621
-0.1920123
0.1989079
0.4387748
0.7506867
0.1275474
0.1089389
0.2462095
0.1012169
0.2150027
0.2281221
0.1816561
-0.07955599
-0.2821527
-0.0647298
0.09639786
0.2817731
0.06171274
0.03918427
0.2911961
0.1046828
0.251562
0.2770647
0.2319307
-0.03198649
0.25248
-0.06914377
-0.006559731
0.08354256
-0.06039444
-0.01115667
0.1108344
-0.007785104
-0.1385102
0.1879047
0.06025727
0.3604265
0.05281981
-0.1105316
-0.1105069
-0.1799529
-0.09969449
0.1335751
0.07515066
0.1366463
-0.1783939
0.1691024
-0.02221915
0.2389109
0.6019016
0.500475
0.6207973
0.53957
0.6313597
-0.3166555
0.3727714
-0.2959268
0.5090047
0.5543487
-0.004090409
0.4302323
0.4073253
0.3161095
0.2538004
0.09650792
0.4778205
0.04995585
0.1754995
0.02349458
-0.01077335
0.02137098
-0.299217
-0.3185717
0.3654618
-0.2148263
-0.3945883
-0.2991362
-0.322711
-0.1473337
-0.3192825
-0.1671645
0.009676748
-0.06242642
-0.3159252
-0.2124327
-0.2974614
-0.04670533
0.03275342
-0.3891759
-0.1677312
-0.006079005
-0.1046805
-0.07033561
-0.02579066
-0.08557121
0.08426487
0.3290069
0.7236661
0.8473163
0.560312
0.6800572
0.3902615
0.4722017
0.501339
0.5029596
-0.2050944
-0.1411459
-0.09581417
0.4412878
0.04607044
0.4663901
0.4202806
0.1586867
0.101451
0.4325481
0.2348068
-0.05606167
0.2675768
-0.1372448
-0.0690738
0.2864045
-0.09674971
0.3487177
-0.1109725
-0.1336787
-0.06177844
-0.04474451
-0.084981
-0.2584866
-0.01319064
0.0645692
-0.2593007
-0.1120643
-0.04308324
-0.01372565
0.01070484
-0.4299941
-0.2839647
-0.2958695
-0.02984789
0.121422
0.3028412
0.3986497
0.2154659
0.5010777
-0.4753036
-0.07628131
-0.1697468
0.1249112
0.4170251
0.0188137
0.2829376
0.3255575
0.01760665
0.1235232
0.219336
0.2621562
0.122577
0.09497337
-0.07791776
0.1047977
0.1952594
-0.05869843
-0.2475329
-0.003228534
-0.01220837
0.02478988
0.1069546
0.03749771
-0.06112086
0.0071071
-0.09245893
0.03214368
-0.08901055
0.01179215
0.05396888
-0.2057789
-0.1072191
-0.05456391
-0.2100767
-0.03083842
-0.1031177
-0.3171603
-0.2235325
-0.3349138
0.009963241
0.1161515
0.2505295
0.4873812
0.6675932
0.533115
0.7351807
0.3531964
0.4727931
0.3746824
0.5467506
-0.3633522
-0.3859317
-0.1893346
0.323509
-0.006522844
0.09142598
0.2614235
0.01082971
-0.01246156
0.1923041
0.1563078
-0.05339239
0.1159511
-0.2340673
-0.005558568
0.06645149
-0.3346179
-0.05378089
0.02822753
-0.03136871
-0.2252077
-0.04460857
0.02693527
0.1496363
-0.1542448
-0.02903916
-0.009208553
-0.2844396
-0.008702391
-0.1028941
-0.05787487
-0.3590584
-0.3370064
-0.343566
-0.04350033
-0.09690204
0.7844871
0.6934103
0.4913
-0.3810887
0.274068
-0.3316914
0.3709227
0.3419896
-0.1668751
0.1526933
0.5374318
0.4939132
0.3870238
0.0004033622
0.2581697
0.1660476
0.208781
-0.2365287
-0.08890716
-0.1851892
-0.1419147
-0.07416328
0.3143914
-0.1733823
-0.2169498
-0.2377249
-0.2399885
-0.4046545
-0.4261942
-0.2546059
-0.04931438
0.007141957
-0.1850098
-0.2558865
-0.3756326
0.3470946
0.07913929
-0.2852579
-0.2767973
0.1470315
-0.1928877
-0.2139508
-0.1852338
0.08008375
0.2766364
0.4860038
0.4487601
0.4780783
0.3071215
0.3276431
0.7368279
0.7555168
0.6233123
0.3722752
-0.3983393
-0.05940282
-0.1727863
0.3538564
-0.06659676
0.1522115
0.5305347
0.4974413
0.1612096
0.4219415
0.1960141
-0.1645119
0.3195396
-0.2647511
-0.164816
0.1391165
-0.05436542
0.2874834
-0.01908765
-0.2455631
-0.2189805
0.1096973
-0.1936922
-0.2086045
0.1586046
-0.2129997
-0.3969213
-0.257924
-0.1191945
0.1529763
0.2222158
-0.4323959
-0.3375924
0.1585601
0.2683498
0.3475111
0.6548635
0.5668503
-0.3247542
0.2351523
-0.3722512
0.4456249
0.4464915
-0.1628726
0.1947501
0.4420628
0.4218806
0.3929162
-0.02848099
0.3160952
0.06764149
0.2385793
-0.3144903
0.06960529
-0.1246042
-0.1824424
-0.05352839
0.290877
-0.0428748
-0.2936964
-0.3538097
-0.2713797
-0.407062
-0.2941757
-0.1079337
0.1041945
0.09765443
-0.1689452
-0.1971875
-0.3295632
0.3387533
-0.07506655
-0.2934646
-0.2119241
-0.02207483
-0.09001737
-0.1080293
-0.1602283
0.1157882
0.347249
0.4652215
0.5763406
0.6366252
0.44932
0.3998373
0.637854
0.7047542
0.6401695
0.3828701
-0.2607094
-0.0904272
-0.2346548
0.3090302
-0.132633
0.2279151
0.5504093
0.2984101
0.05355975
0.3459434
0.2113375
-0.2065396
0.2418415
-0.09720963
-0.2107221
0.04368878
-0.1177013
0.2044405
0.1031955
-0.0903278
-0.1543754
0.05993993
-0.129745
-0.1923594
0.2105822
-0.2231358
-0.2797911
-0.07009628
-0.02931812
0.1919256
0.1052547
-0.4013524
-0.2816446
0.15462
0.264134
0.3248715
0.5382045
-0.2313037
0.2629371
-0.2423894
0.545254
0.4767224
-0.05088504
0.2520267
0.4857161
0.4919807
0.3614742
-0.03928074
0.2877651
0.1231874
0.1605127
-0.2748285
-0.1874499
-0.2689418
-0.07248231
0.05246342
0.4941181
-0.1766307
-0.3135402
-0.2489284
-0.3380799
-0.2420626
-0.3950073
-0.1418036
-0.08716972
0.06212668
-0.09070681
-0.2993873
-0.3112288
0.1219069
0.01973949
-0.2355606
-0.2266114
0.1320649
-0.02099508
0.001673282
-0.01634326
-0.03189853
0.1853358
0.3676701
0.3511728
0.5150256
0.4194697
0.3081981
0.6241396
0.6818891
0.685561
0.436291
-0.1786131
0.16254
-0.06523633
0.5151431
-0.02979136
0.2958696
0.6219885
0.2894363
0.1974648
0.3711951
0.1511254
-0.2816351
0.2701008
-0.2629274
-0.2421001
0.2821135
0.02203255
0.354558
-0.1820187
-0.2498443
-0.1840766
-0.04939823
-0.173444
-0.3379097
0.2099852
-0.2356152
-0.4112924
-0.1304963
-0.2374011
0.06447236
0.2045986
-0.309097
-0.2891917
0.2207335
0.2737404
0.2953951
-0.220554
0.2159273
-0.3031337
0.3688719
0.4705445
-0.1965318
0.2086206
0.2302103
0.08492151
0.1154845
-0.03822854
0.2547966
0.1281528
0.09387773
-0.08230844
0.08140829
0.1713834
-0.2106377
-0.03531471
0.2828141
-0.06413814
-0.2603633
-0.2114954
-0.2111293
-0.2078162
-0.2920143
-0.07558102
0.02685573
0.1343477
0.03389829
-0.04639389
-0.1434562
0.05896739
-0.01012431
-0.2460669
-0.1089839
0.02334693
-0.1666052
-0.0908685
-0.1425264
0.005935321
0.2025701
0.1906977
0.6291297
0.7114173
0.3969664
0.5375784
0.5023789
0.5308836
0.5464442
0.771306
-0.09931027
0.03874539
-0.1988467
0.4202276
-0.2023125
0.2197016
0.3290896
0.07883553
0.04273047
0.257538
0.1391327
-0.2258258
0.244097
-0.06867451
0.04120575
0.1445189
-0.1603451
0.179671
0.05482327
-0.05895321
-0.03950251
0.03092162
0.02433806
-0.1216273
0.1914699
-0.1453066
-0.2128496
-0.09387659
0.1073663
0.1380396
0.07999033
-0.3427349
-0.1371076
-0.1478564
0.3830914
0.2622861
0.03446535
-0.01702907
-0.3123847
-0.3056594
-0.0673008
-0.3907269
-0.5900552
-0.1089232
-0.3262884
-0.4550272
-0.4091282
-0.3134041
-0.2590424
0.01095255
0.09647295
-0.1385796
-0.2759812
0.143595
-0.2601618
-0.09602006
-0.09483773
-0.2512328
0.01381261
-0.0234657
-0.03357752
0.05275065
-0.0365699
-0.01249747
-0.2306814
-0.05466369
0.1471679
-0.2605508
-0.05901567
0.02466733
0.463197
-0.2101924
0.6029219
0.5118613
0.4690065
0.02175726
-0.05965501
-0.575106
-0.3790515
-0.2905732
-0.3232758
-0.5226348
-0.1965707
-0.3594783
-0.2215382
-0.2735449
0.7029589
0.2906052
0.03399119
-0.418814
-0.1368513
-0.09638658
-0.4754876
-0.1621342
-0.3590181
-0.3762926
-0.4210815
-0.07870613
-0.2782313
0.2101218
-0.05393127
-0.1596622
0.05555989
-0.1849262
0.02614621
-0.04729918
0.2316699
-0.1576701
0.09150592
-0.1380672
-0.1285254
-0.1175152
0.1586016
0.2280269
0.02523734
-0.2683018
-0.2620973
0.2319057
0.6782
0.3247767
-0.01249695
-0.2538415
-0.1823258
0.3095399
0.1556911
-0.1381673
0.03838527
0.07623135
0.3681155
0.2431042
-0.1955228
0.1768004
-0.1361777
0.02350346
0.3089507
0.03985843
0.117402
-0.1979171
-0.1373947
0.2971257
-0.1787119
-0.4411168
-0.3517949
-0.4392991
-0.1637109
-0.2715836
0.03112838
0.0922525
0.08701456
-0.2718069
-0.3272844
-0.01716065
0.2697058
0.1890043
-0.1846158
-0.298661
0.3244797
-0.1726642
-0.2469775
0.1312128
-0.5045571
-0.3079568
-0.04382167
0.3670337
0.2814677
-0.05729209
-0.005963882
0.2797615
0.06092914
0.07406491
0.05617439
0.2259987
0.1823235
-0.09080228
0.1527834
-0.006763639
0.3735637
0.1278132
0.2432968
-0.01141087
0.2846425
0.09166683
0.0619236
0.1825414
0.1993046
0.1630564
0.1199136
0.2129723
0.5181435
0.05913487
-0.1273314
0.1967153
0.06605213
-0.2426923
-0.4250597
0.1496263
0.05540858
-0.1260952
0.155938
-0.04421748
0.1804457
0.1247959
-0.1916841
0.04458881
-0.00927193
0.1560657
0.3160177
0.1738433
0.06652329
0.7296062
0.2204449
-0.07963739
-0.1523531
-0.001910885
0.3551069
-0.07571172
0.1293143
0.05368261
0.1237426
-0.04717588
0.1260289
0.7171336
-0.04261026
0.1691528
0.3794324
0.4076966
0.7039838
0.2754333
0.6110646
0.3462926
0.1890151
0.02424497
0.1388116
0.4761111
0.2782296
0.280708
-0.06432166
0.1923759
0.3989326
0.04427541
0.2123774
-0.1385137
-0.144132
0.04530731
-0.1285689
-0.2955727
-0.03471559
-0.2996848
-0.4270913
-0.05554012
-0.2362449
-0.3017339
-0.3571599
-0.3939239
-0.2629469
-0.1895892
0.1559802
0.5541598
0.0658455
0.5021396
-0.1176753
-0.08845341
-0.29621
0.1904451
-0.1552672
-0.08132189
0.01634149
-0.1895238
0.06410995
0.1723143
0.1876655
0.03976233
-0.1767832
-0.09634108
0.168447
-0.1176596
0.0317389
0.1204966
0.3096207
-0.06221671
0.2596535
0.1431767
0.1032458
-0.04253076
-0.09401809
-0.1513913
0.3051566
-0.06336866
-0.2051366
-0.2086306
-0.2345073
0.6178136
0.4219453
0.5390742
0.6369921
0.3367503
0.5447916
0.2923612
0.6393105
0.3807636
0.4352835
-0.09325987
-0.09700229
-0.004346397
0.1436047
0.08472454
0.7205243
-0.01645951
-0.2961448
0.08258065
-0.2521062
0.263343
-0.3241458
0.0224521
-0.1227403
-0.05499866
0.04370312
-0.1761129
-0.1172041
0.184322
0.01704725
-0.1567814
-0.3242851
0.3911597
-0.2231859
-0.2788984
-0.04127514
-0.1837562
-0.1396795
0.3349685
0.3682615
0.338619
0.3480363
0.2557572
0.2161887
0.3517318
0.305763
0.1845196
-0.3088798
0.237893
0.285489
0.5858276
0.4095131
0.5144341
0.5942013
0.2506339
0.488094
0.617387
0.4886126
0.03032783
0.3654702
-0.09599711
-0.08929367
0.4391765
0.182922
0.4736729
-0.2486167
0.01475407
-0.05886881
0.05519149
-0.1441504
-0.2044915
0.3931249
0.2644711
-0.4290886
0.08006799
-0.0598769
0.1751895
0.2278782
-0.3048175
-0.3941275
-0.2121122
-0.04827218
0.2858762
0.3055051
0.3091108
0.3850403
0.1777986
0.3968742
0.1633026
0.399083
0.4072232
0.4330484
-0.0141366
-0.1241354
0.115107
0.214688
0.05087511
0.4384723
0.08880595
-0.1341444
0.1105528
-0.1367757
0.1462281
-0.2749089
0.03287494
-0.1630826
0.003717994
0.09212866
-0.05059044
-0.01080528
-0.08591727
-0.07259347
-0.1879817
-0.08731541
0.242301
-0.2371154
-0.275607
-0.1011671
-0.1359543
0.01773112
0.2571504
0.3674401
0.4540885
0.4706448
0.2760387
0.2262249
0.3928591
0.3646298
0.4049781
-0.2150146
0.271785
0.1284842
0.5430802
0.2421743
0.2655167
0.4482468
0.1880862
0.3356727
0.318727
0.2945201
-0.02635837
0.3314792
-0.2923149
-0.06655868
0.4164373
-0.04026383
0.1667921
-0.05221885
0.1736487
-0.03984139
0.01125453
0.02139583
-0.007016187
0.1996281
0.1218616
-0.3349107
0.1362935
-0.04528158
0.008625519
0.1101227
-0.2961944
-0.189941
-0.1572184
0.040772
0.1503964
0.4511395
0.1978669
-0.04323057
0.2121883
0.357425
0.2043059
0.2530807
0.2480818
6.61691e-05
-0.08703923
0.02957711
0.4881354
0.052878
0.3884341
0.1860091
0.1669446
0.6336174
0.06290932
0.6545309
0.1100031
0.1473173
-0.001892816
-0.04707701
0.2158755
0.05089248
0.0936899
-0.05462607
0.01535929
0.07784479
0.03454734
0.1869179
-0.07319651
-0.1345015
0.1244289
-0.1009952
-0.3604765
0.04028723
-0.1526584
-0.1896119
0.09558682
-0.05318308
-0.1455323
-0.1408307
-0.161917
-0.2374407
-0.2628188
0.2016143
0.5435345
0.29828
0.6760211
0.1928634
0.0775855
-0.09173417
0.2426444
0.1171665
0.11607
0.002128415
-0.002334085
-0.06528138
-0.02746692
0.3502719
0.01066396
0.04167393
-0.282477
0.1456949
-0.2423374
-0.01439875
-0.06621564
0.1310128
0.02119567
0.3475196
-0.1079039
0.09088221
-0.2329398
-0.1484741
-0.0699458
-0.0656827
-0.1743147
-0.2730675
-0.3204853
-0.1865415
0.5346655
0.08778349
0.2886394
0.4476832
0.5478286
0.1690735
0.3190788
0.03864139
0.006071547
0.1063776
0.0679605
-0.1530996
0.4119469
-0.1433153
-0.140792
0.298871
-0.1448037
0.3670227
-0.09944631
0.001186318
0.1117572
-0.04707599
0.05071901
-0.02033761
-0.1548282
0.01425011
-0.006380861
-0.106658
-0.03759063
0.3576563
-0.21035
-0.1674395
-0.0707168
-0.0227357
-0.07803011
0.3108745
0.3394946
0.2571814
0.3276113
0.459535
0.0647567
0.07865317
0.106233
0.1339214
-0.3628506
-0.004520564
0.2138896
0.3684767
0.4350123
0.4266517
0.4208741
0.1075205
0.352482
0.4440161
0.3575104
0.002590585
0.1290429
0.03409886
0.05744532
0.2998617
-0.05112473
0.241325
-0.151838
-0.1155615
-0.1658362
-0.1611859
-0.08888093
-0.09008275
0.1722537
0.3602374
-0.2213684
-0.1178154
-0.1101186
0.03583404
0.0330687
-0.1848546
-0.2453839
-0.3248221
-0.2122947
0.02277419
0.341355
0.5662147
0.3847712
0.6108973
0.2578381
0.3789696
-0.1065273
-0.1853455
0.01820802
0.00416588
-0.03884838
0.4262677
-0.2246586
-0.1923355
0.09040282
-0.179959
0.06557788
-0.3654779
-0.236811
-0.02225145
-0.1889482
-0.06200493
-0.2786105
-0.3559622
0.2865764
0.01468269
-0.291035
-0.1782915
0.3310174
-0.3337764
-0.3362456
-0.2013724
-0.08309485
0.09296851
0.6123935
0.3092768
0.3399813
0.4005044
0.4686373
0.3607834
0.5481197
0.4164238
0.184952
-0.5730939
-0.03002681
0.1436451
0.5402905
0.2586974
0.3312905
0.6569034
0.5181832
0.5472098
0.6472516
0.6093103
0.1119815
0.4497369
-0.2259554
-0.0524647
0.3301534
0.1559166
0.4038756
-0.2483514
-0.09634142
-0.2125021
0.06687114
-0.1117677
-0.09688477
0.2948808
0.1901513
-0.5040331
-0.2746875
-0.1798529
0.2195233
0.3676695
-0.4291573
-0.4952146
-0.1752772
-0.1449114
0.3167635
0.3706417
0.1289106
0.057157
-0.1047297
0.2442611
-0.2823961
-0.02083315
-0.3236549
-0.02088581
-0.2672389
0.2451662
-0.09245588
-0.405207
-0.2412558
-0.2853635
-0.07851378
-0.3266072
-0.1708858
-0.02000132
-0.0762395
-0.225415
-0.1658236
-0.341101
0.2717755
0.3252867
-0.3071586
-0.2862807
0.04109771
-0.007568508
-0.0571906
-0.0671507
-0.0231135
0.08794518
0.1637422
0.1101787
0.1920332
0.004363709
-0.009008826
0.3429638
0.3242039
0.2678905
-0.0277663
-0.2403165
-0.1564086
-0.1115063
0.001717064
0.03174735
0.1407547
0.2176307
0.342908
0.1257367
0.2303288
0.1823136
0.05969928
0.1663949
-0.07337401
-0.2801352
0.04871646
0.156954
0.2090738
-0.254979
-0.2050945
-0.0280737
0.07964824
-0.0732561
-0.385746
0.2063189
-0.02140729
-0.2201713
-0.0445094
0.007616108
0.06043606
0.1344826
-0.3882416
-0.3396031
0.218435
0.04782539
0.06650883
0.250736
0.4587673
0.01720585
0.618033
-0.09781145
-0.121981
-0.03593783
0.03038119
-0.1158132
0.3940497
-0.1425952
-0.2465457
0.08492223
-0.2463563
0.003937177
-0.4479098
-0.2217606
0.01254756
-0.1395762
-0.248989
-0.3802106
-0.372757
0.440498
-0.003864079
-0.3033561
-0.2211079
0.3184311
-0.2474506
-0.3721411
-0.1471304
-0.06104108
0.03049878
0.3696528
0.2302262
0.1046667
0.1575615
0.1393057
0.3000973
0.378423
0.3092647
-0.0988032
-0.2443706
0.1153068
0.3014926
0.3429567
0.3680778
0.4002733
0.4233305
0.6602263
0.5508331
0.6067847
0.5986831
0.3125604
0.6291631
-0.2160571
-0.2007234
0.4211128
0.3380337
0.4217313
-0.1959398
-0.05158988
0.01417335
0.2717752
-0.08132921
-0.02039661
0.4293125
0.229215
-0.4951155
0.002571496
-0.04888388
0.3845835
0.4822193
-0.4063987
-0.2823402
0.03479961
-0.1083623
0.2423179
0.2282373
0.2394245
0.5376342
-0.03311777
-0.1068515
0.04670262
0.3438726
-0.2611261
0.1443648
0.1702961
0.2308481
0.4780122
0.4229477
0.4525331
0.1975427
0.1193981
0.04403352
-0.1788444
0.2412947
0.3390325
-0.09018166
0.04878361
0.1883284
0.1289663
-0.1801905
0.1728579
-0.340564
-0.3326985
-0.3365484
-0.0004891127
-0.03650363
0.2110572
0.08753769
-0.03610687
0.1570408
0.2958965
-0.09713076
0.01742874
-0.09348623
-0.05196489
-0.4602105
-0.2330361
0.1810878
0.1500724
0.3511854
0.1207501
0.2590591
0.173423
0.4397617
0.2957478
0.2758058
0.2882126
0.3202435
0.04271352
-0.08911726
0.2065546
-0.04181176
0.007245627
-0.1775484
0.06618012
-0.1321095
0.02113173
0.238823
0.2177121
0.1282752
0.3716556
0.05420635
0.05078235
0.2399805
0.06173023
0.07342587
-0.1102434
-0.3801568
-0.3114575
-0.2597456
-0.08432645
0.2040511
0.3804203
-0.001648363
-0.1948267
0.0699523
-0.1156437
-0.0432324
0.5707344
-0.1599785
-0.3535126
-0.01613126
-0.3397924
0.1780128
-0.3542989
-0.2006947
-0.1182049
-0.2365899
-0.1563937
-0.2858896
-0.198069
0.06395628
-0.1061903
-0.2982287
-0.2200111
0.1891684
-0.2458956
-0.2710594
-0.1932259
-0.1188753
-0.1142207
0.3690446
0.417488
0.3849548
0.3353874
0.4150077
0.007886166
0.380538
0.3060329
0.1366133
-0.3116117
0.002197114
0.1826658
0.4614774
0.3451623
0.4678673
0.5468424
0.3483595
0.504605
0.7182804
0.5373788
0.2265165
0.3503609
-0.1414472
-0.02183466
0.3228695
0.1759949
0.4723166
-0.02501042
0.06241286
0.071872
0.1643928
-0.2495932
-0.1496104
0.3416434
0.4580963
-0.3996528
-0.04311813
0.003236934
0.1654138
0.2066317
-0.3811794
-0.3837487
-0.3832217
-0.2490749
0.2844889
0.3515132
-0.06636752
-0.2346435
0.07315175
0.3600017
0.4652177
0.3793939
0.1918634
0.1527097
0.2199681
0.1827865
0.3494797
0.01471554
0.2789329
-0.2008077
0.04040347
0.3996769
0.2954638
0.2819162
0.03307554
-0.1636017
0.1370772
-0.1708129
0.3521467
-0.1738003
-0.1730811
-0.05364881
0.05155004
-0.02566713
0.1114894
0.1208773
0.0990658
0.2149809
0.08707767
0.1031943
0.1675449
0.07168289
0.2471572
-0.3695284
0.1570764
0.01203472
0.3813951
0.1270491
0.08915869
0.3124766
0.009475672
0.2203815
0.2028167
0.119841
-0.1579327
0.2101824
-0.09431001
-0.009350684
0.1988206
-0.2165214
0.08024592
-0.1027716
0.2312409
-0.2239492
-0.09126202
-0.08494338
0.05297448
0.2454108
0.1047589
-0.03673466
0.08741083
-0.03550943
-0.0959551
0.007234331
0.02432718
-0.3484703
-0.1865386
0.1382184
0.3006189
-0.1829192
-0.1553837
-0.0620562
0.1293732
-0.04745822
0.3914971
-0.03495138
-0.1541662
0.1749489
0.04459834
0.3415989
-0.3145669
-0.008840787
-0.1636875
-0.254056
-0.1066516
0.02223275
-0.2208844
0.2698394
0.1398876
-0.1887244
-0.1499471
0.2471497
-0.2134637
-0.3585098
-0.2323869
0.0288315
0.07783115
0.1532877
0.137989
0.01253727
0.1906687
0.1331681
0.05592078
0.1250647
0.1034187
-0.001748191
-0.2470896
0.09040174
0.3101761
0.2029432
0.4107863
0.2998889
0.3148409
0.5512387
0.5591511
0.5620336
0.5356236
0.4632955
0.6546212
-0.1930697
-0.2289137
0.4208228
0.2404709
0.292299
-0.2365306
0.08541943
0.09824233
0.1221106
0.1573579
0.03437288
0.5392033
0.4953638
-0.2609417
0.1437181
0.2854044
0.2039192
0.264356
-0.317984
-0.2065212
-0.1153645
-0.1193
0.1771457
-0.0313198
0.5184766
0.04173094
-0.009596463
-0.08956354
-0.01308729
0.06017245
-0.1181185
0.01471616
0.08262125
0.05758023
-0.004327111
0.3549999
0.2103561
0.1016288
-0.00815339
0.2504766
-0.07078411
-0.01701167
0.05596516
0.3461198
0.3123554
-0.06976612
-0.03080023
0.2705907
-0.2634719
-0.2973474
-0.0536383
0.06622629
-0.0003542261
-0.2342258
-0.02486923
-0.1673396
-0.317637
-0.3507716
-0.02614202
0.09436764
0.03830027
0.04781658
-0.001815167
-0.09232564
-0.02260086
-0.1053096
-0.06974421
-0.02267327
-0.1438405
-0.05538329
0.05525737
-0.09450563
0.2567432
0.4916482
0.001461078
0.04293826
0.009322681
0.1569956
0.1867832
0.1248075
-0.01948769
0.03748954
0.03130457
-0.2043996
0.1115422
0.07899995
0.1115895
-0.03677016
0.1554121
0.07313335
0.2843711
0.2939162
-0.1742715
-0.01918796
0.0605317
0.3021184
-0.005778444
-0.01688008
-0.3512744
0.2148991
0.02810748
-0.02985032
0.1377657
-0.2516199
0.2621563
0.2623745
0.2472408
0.3008287
0.08156179
0.2165266
0.1909548
0.1617258
0.05917534
0.01097859
0.0113027
-0.02001294
-0.1680827
-0.1480482
-0.1383659
-0.1472287
-0.04096539
-0.1666937
0.1891375
0.05277971
0.09371171
0.05813025
0.09831687
-0.1540709
-0.1304744
0.08124242
0.14802
-0.2131773
-0.2467892
-0.06485071
-0.2145312
-0.09190137
-0.09055064
-0.1584909
-0.2623732
-0.176008
-0.05373147
-0.1353456
-0.2178945
0.3730711
0.3271696
-0.2433616
-0.2903126
-0.204791
0.2583156
0.07965263
0.09529791
-0.01470719
0.02986064
0.07898804
-0.2539691
-0.3012519
0.21845
0.1270878
0.1972962
0.1688227
-0.1369842
0.05626995
0.1759544
0.1371153
0.1355282
-0.1258887
0.1445501
0.1407047
-0.2107776
0.2612905
0.05161187
0.1132371
0.05988267
0.1129986
0.1629616
0.2119461
0.4217387
0.4813292
0.4173947
0.2839184
0.4432777
0.1445023
0.03642654
0.01909536
0.3204515
0.3357904
-0.5100159
-0.3863635
-0.194184
-0.4088291
-0.2498914
-0.05112817
0.260096
0.06934689
-0.004455257
0.1469874
-0.004678887
-0.1188484
-0.2792718
0.2139635
0.009178089
-0.1092465
-0.08189863
0.05472422
-0.1598661
-0.1084429
-0.1057365
-0.1111654
-0.04452763
-0.1451881
0.07797183
0.01090319
-0.05569424
0.2173569
0.7691302
-0.08981182
-0.151857
-0.1536719
0.3112655
0.3213645
0.1001443
0.09607361
0.03004644
0.1576611
-0.1913577
0.01357405
0.01288702
0.151275
0.1526504
0.4825165
0.1253973
0.0347581
0.09197206
-0.2311713
0.1162847
0.07813507
0.2018567
0.1104696
0.6735337
0.5367012
0.5813605
0.4297455
0.3733444
0.4432255
0.3739081
-0.007963585
0.3340529
0.700591
0.402992
0.4204447
0.1770982
0.2196822
0.4185568
-0.106035
0.2667725
-0.3402657
-0.3135685
-0.1424493
-0.2233757
-0.2187628
0.03114565
-0.2536745
-0.2994266
0.09975261
-0.1591947
-0.09645513
-0.1157889
-0.1847726
-0.08606856
-0.3216731
0.06649406
0.2644049
0.2404036
0.2325249
-0.2344458
0.1068316
-0.2141507
0.2664514
-0.1853822
-0.009935617
-0.05228841
-0.05753531
0.04616363
0.1396448
0.1682594
-0.02272824
-0.236935
-0.009065319
0.3581782
-0.1803147
0.1867021
0.2296004
0.3826579
-0.01213326
-0.04322859
0.178047
0.234957
0.006056422
0.09287388
0.06730479
0.3168175
-0.2356794
0.02611403
0.1290208
0.03694616
0.1283415
0.2174789
0.1151417
-0.0443794
0.07513665
0.04331655
0.06252932
0.3747948
-0.05880103
0.3620657
0.4581729
0.1823122
0.5849283
0.137478
-0.2493466
0.1115279
0.1287716
0.2531675
0.08502608
0.08292376
0.2056654
-0.09898737
-0.1077453
-0.1453262
-0.07818875
-0.1247558
-0.1060712
-0.3375994
0.07367205
0.07801212
-0.004866187
0.0361477
0.1496334
0.2758439
-0.09204635
0.2170452
-0.1907298
-0.1192589
0.1321033
-0.07358715
-0.004530181
-0.1403932
-0.04160709
-0.3142193
-0.0228779
0.1592483
0.2238971
-0.06103546
-0.003371703
0.04866282
0.1720618
0.2560765
-0.08259209
0.03298786
-0.1359351
-0.01010156
0.1404327
-0.2842813
-0.07337761
0.2546572
-0.1411168
0.1402606
0.1444433
0.1688695
0.0401201
0.2668003
0.4343317
0.3929687
-0.1511516
-0.3924069
-0.0005066411
-0.3839338
0.33034
-0.3284956
0.02706851
-0.2775722
-0.06418826
-0.007425892
-0.1247804
-0.05657042
0.09695535
0.06527037
-0.1373602
-0.4158946
0.3265987
-0.0701755
-0.1343074
0.06873224
-0.1218585
-0.235118
0.1580614
0.2765021
0.24646
0.1775995
0.1439848
0.1099066
0.3144835
0.3095543
0.1725583
-0.2697801
0.2356319
0.2069077
0.4439301
0.3487622
0.4971672
0.5302639
0.2380444
0.3525948
0.5367527
0.2845577
-0.04421541
0.2524153
-0.1808013
-0.2192936
0.3614811
0.1800499
0.5970052
-0.2773117
-0.05136946
-0.09139993
-0.0003062644
-0.3219087
-0.4434487
0.4683788
0.287601
-0.2886673
0.0957682
-0.1150207
0.0283773
0.1141949
-0.3231261
-0.4180044
-0.290625
-0.004540677
0.2887187
0.4033038
0.2868316
0.3800965
0.1759523
0.4583734
0.3686122
0.1659996
0.4041431
0.6117292
0.5119547
0.5094764
0.2021803
0.2579035
0.2490942
-0.08175948
0.02730654
-0.2688181
-0.2684887
-0.2856818
-0.2365809
-0.09985299
-0.001536781
-0.1766061
-0.1601138
0.08895395
-0.1751243
-0.08552891
-0.0793169
-0.1528802
-0.03429085
-0.146628
-0.1687092
0.02626698
-0.007112479
-0.02652904
-0.3556045
-0.02956723
-0.3237549
0.08006401
-0.2754392
-0.05785815
-0.01683528
-0.1234587
0.2470623
0.1550158
-0.04497023
-0.06816043
-0.3270945
0.2367783
0.5784047
0.06195749
0.4141584
0.2767413
0.3730056
-0.08326709
-0.1517637
0.2199571
0.3587149
0.1760086
0.2222854
0.0738243
0.1855885
-0.113601
0.1364178
0.3412996
0.08561035
0.5314157
0.7730048
0.04633636
0.6772327
0.3712326
0.1434354
0.1130312
0.480273
0.2668217
0.2070078
-0.1215352
-0.04389789
0.6021077
0.2238802
-0.00399563
-0.07695979
-0.03382679
-0.04932453
0.1081453
0.09068271
0.04697403
-0.3572934
-0.2941836
0.006390806
-0.1376169
-0.1168451
-0.2013755
-0.1671316
-0.14216
-0.06493657
-0.007494475
0.07404953
0.003023876
-0.08561916
-0.4867614
-0.1415391
-0.3237881
-0.03504177
-0.3712779
-0.3472809
-0.1867439
-0.1196032
-0.02915314
0.1194694
-0.1208208
-0.3379004
-0.4927126
0.07416115
0.04394951
-0.4001627
-0.1116329
0.4585509
0.756614
-0.3041012
-0.2837784
0.4042318
0.03077114
-0.1244196
-0.1813394
-0.2108236
0.5367387
0.1032323
0.07623014
0.01868277
-0.1918449
0.3160099
0.5783865
0.331004
0.1972488
-0.06082674
-0.08747186
0.4123959
0.2335228
0.07176776
-0.08903113
0.008858623
0.3745281
-0.001253806
0.1623015
-0.36222
-0.3221928
-0.2158507
-0.082593
-0.2094702
-0.02572628
-0.279306
-0.36001
0.07084598
-0.01417014
-0.2106384
-0.1948799
-0.284686
-0.143806
-0.2901681
0.1001869
0.4467268
0.182004
0.5548628
-0.1773737
-0.02920941
-0.1152258
0.2889701
-0.009946604
0.01722238
0.09170977
-0.0136925
-0.1140889
0.06418553
0.1881891
-0.05504241
-0.2152147
-0.09085117
0.07047284
-0.2708642
-0.01406949
0.1533475
0.481269
-0.05381092
0.245694
0.03288287
-0.02649562
-0.1284044
-0.1596721
-0.1035282
0.1274542
-0.1605101
-0.2097242
-0.2501741
-0.3202135
0.04641018
0.664585
0.4337672
0.1064867
0.1193754
0.4108345
0.5189748
0.2428396
-0.07866667
0.07692213
0.4394188
0.1542481
-0.04356424
-0.04416865
-0.07269188
-0.1604208
0.07464713
0.08722924
-0.08123738
-0.2442629
-0.2332557
-0.005584426
-0.08739753
-0.188183
-0.2454983
-0.2415869
-0.08246129
-0.01197852
-0.1701073
-0.04256935
-0.1495673
-0.2018559
-0.3081722
-0.185447
-0.2283362
0.00442963
-0.2538688
-0.255618
-0.05807427
-0.01444466
0.03938418
0.04145426
-0.1265536
-0.3665763
-0.468509
0.09841809
0.1508488
-0.2068751
-0.1257937
0.6230825
0.6232644
-0.1927176
-0.2040317
0.4796701
0.1747131
0.2340966
-0.08562683
-0.2041315
0.4011108
0.1574857
0.01717149
-0.00293513
-0.1542976
0.05491957
0.168451
-0.05718525
-0.1020661
0.3004764
0.266329
0.1525248
-0.1943839
0.07599107
0.1261901
0.03702421
0.2152583
-0.05326956
-0.0481643
0.08657127
-0.09737202
-0.3281777
-0.1344393
-0.2105754
-0.2477225
-0.07669773
-0.08961811
-0.3794466
-0.3235366
-0.3432065
-0.1639125
-0.1143285
0.1923089
0.4524505
0.04180498
0.6183751
0.07454156
-0.06282057
-0.1808019
0.2789423
0.09396155
0.1205436
0.1738146
-0.02905336
0.03034964
0.04502803
0.2449953
0.141854
-0.001201148
-0.1672639
0.2546027
0.01009167
-0.03465531
0.07437948
0.03137162
0.2065904
0.6320671
0.01816447
0.1640432
0.07782387
-0.178878
-0.09592682
0.02187118
-0.1593323
-0.3805629
-0.2720329
-0.18619
0.704339
0.2922324
0.3419376
0.5473888
0.5815663
0.4422454
-0.1850448
0.03398996
0.6328394
0.02017085
-0.1008908
-0.1186183
-0.0198146
-0.1287357
-0.1418199
-0.1414774
-0.2331292
-0.1786536
-0.2265329
-0.08146433
-0.1365668
-0.2474541
-0.3291079
-0.3177318
-0.0993267
0.05810384
-0.2294781
-0.280142
-0.2346029
-0.2732903
-0.3586005
-0.1763445
-0.5065098
-0.3585332
-0.4972861
-0.5249821
-0.3024849
-0.4541418
0.2260005
0.1476968
-0.4396165
-0.5079254
-0.4941812
0.2562948
0.09901961
-0.3270306
-0.3274494
0.2688037
0.4103921
-0.3499606
-0.347288
0.7803975
0.2838884
-0.02220869
-0.1431955
-0.4449547
0.5222578
0.04525232
-0.02091879
0.003848672
-0.325411
0.1526843
0.4464548
0.5306091
0.5799953
0.5736325
0.0004193521
0.09672049
0.5296105
-0.08280328
0.1860494
-0.1571776
-0.1308124
-0.06097772
-0.3370015
-0.2793559
-0.34687
-0.02440004
-0.06007875
-0.03256417
-0.2025573
-0.08065902
-0.1733818
-0.1447549
-0.005797278
0.194364
0.03988487
-0.3105815
-0.02645781
-0.2245592
-0.09269944
-0.008064329
-0.2707605
-0.2431606
-0.2627205
-0.3677689
-0.3266252
-0.2205533
0.3001574
0.1372879
-0.3072687
-0.4084487
-0.212488
0.2232077
0.1449102
-0.2345749
-0.3204431
0.1567022
0.1111231
-0.08338994
-0.3167182
0.5836427
0.6582935
0.05113645
0.02101029
-0.2469139
0.3627569
0.03886106
0.07151628
0.211973
-0.1101615
0.47977
0.1998208
0.1016893
0.04085359
0.1568861
-0.06981455
0.0964729
0.3114858
0.07116742
0.01748684
0.06286759
0.1052037
-0.002057262
0.07388939
0.1697299
0.1116106
0.05279022
-0.1458493
0.008632821
0.2129543
-0.0789294
-0.1697528
-0.07658313
-0.003627578
-0.08523988
-0.2581188
-0.160743
-0.2452909
-0.1831763
-0.09768967
-0.08939544
-0.2442498
-0.2432167
-0.2458936
-0.2052205
-0.1872553
0.3120858
0.2989819
-0.3382004
-0.2702415
-0.3281497
0.3351374
0.1031818
-0.2222582
-0.112139
0.04152529
0.148556
-0.1348816
-0.2136177
0.1550403
0.0287902
-0.1165506
0.2140903
-0.1071631
0.130915
0.09208246
0.1720232
0.1705275
0.005517262
0.5822938
0.4215581
0.5097834
0.2653916
0.08263999
0.1864325
0.1143063
0.1877329
-0.1491035
-0.03425394
0.03420441
-0.2783675
-0.1232859
-0.06385617
0.1435696
0.0701207
-0.04598532
-0.09831378
0.2269734
-0.02206317
-0.05079048
0.173532
0.1085498
0.005036731
-0.311076
0.01798051
-0.3431605
-0.138631
-0.06373974
-0.2767968
-0.2696747
-0.3933551
-0.3117981
-0.4667622
-0.3374964
0.3655125
0.4346105
-0.2032997
-0.2888234
-0.2656397
0.3661389
0.2053789
-0.1385229
-0.001117528
-0.01632086
-0.05079563
-0.2130423
-0.4264713
0.1160229
0.2941638
-0.03505103
0.3812774
-0.0604535
0.1769514
0.02431025
0.2347521
0.5495835
0.1777398
0.6243882
0.6169746
0.06865467
0.0936148
0.4076679
0.02981542
0.2142057
-0.3410544
-0.1968686
-0.2227292
-0.2023129
-0.1952825
-0.06229366
-0.101379
-0.1452192
0.006464317
-0.08770106
-0.04078167
-0.03608012
-0.1551793
0.1837529
-0.2296214
-0.03054169
-0.1040928
0.147636
-0.112621
-0.3490949
0.03603148
-0.3918892
-0.01224554
-0.3504488
-0.175764
-0.3237894
-0.2761214
0.1963378
0.3432534
-0.1537525
-0.3177877
-0.3230378
0.2158033
0.35848
-0.2756361
-0.05039489
0.138976
0.2609042
-0.05482299
-0.2120589
0.2692254
0.1927809
-0.002400693
0.1847624
-0.0476091
0.2555237
-0.2115079
0.03539822
0.3727983
0.0565673
0.5790983
-0.04445653
0.3085114
0.3138534
-0.01042405
0.006338806
-0.1984197
-0.1356567
-0.304422
-0.09702896
-0.1514236
-0.297982
-0.03936462
-0.1230377
-0.0442698
-0.08627097
-0.2209452
-0.2213261
-0.3396679
0.15252
-0.1165768
-0.3027658
-0.2505415
-0.2376455
-0.1853545
-0.2982947
-0.1723319
-0.3358007
-0.190819
-0.3788282
-0.282452
-0.1278859
-0.270663
0.2058424
0.1255009
-0.2821633
-0.351767
-0.4181461
0.1893751
0.3136578
0.007608589
-0.08658449
0.1821332
0.1037872
-0.1603488
-0.09223809
0.4504879
0.3369845
0.389148
0.06762963
-0.1974584
0.1925676
-0.03258131
-0.1329171
0.2036547
-0.2177912
-0.03022641
0.1106015
0.3248399
0.08404209
0.2449716
-0.1184883
-0.08482059
0.01983874
-0.3944973
-0.3975513
-0.3382955
-0.04866824
-0.2074499
-0.1408421
-0.3435573
-0.2017096
-0.2406523
-0.3094727
0.02486932
0.150982
0.004810921
-0.1694365
-0.001818539
-0.2302621
-0.2369698
-0.06597064
-0.3056342
-0.2025222
-0.3971401
-0.2355392
-0.2005555
-0.2402061
0.3493697
0.4073254
-0.1644384
-0.1326729
-0.1428241
0.3032095
0.400919
0.07482081
0.04455525
-0.05354833
0.01741956
-0.1316709
-0.2184505
0.3483924
0.4729339
0.1009167
0.1634689
-0.02926233
0.3525726
0.05962586
0.01954804
0.3054623
0.1429285
0.2963004
-0.1731945
-0.2813762
0.2513881
-0.3547577
-0.4612527
-0.1925149
-0.1300796
-0.006070242
0.2525923
0.1044311
0.01658304
0.04370686
0.008275111
0.3633466
0.2165687
0.1143142
-0.08965365
-0.215696
-0.1122606
0.06691368
0.1684985
0.02911182
0.1977469
0.1684854
0.3283988
0.2910353
0.302642
0.4559564
0.1814379
0.3556181
0.2126829
0.1695635
0.1264661
0.3007781
0.3165772
-0.01336784
0.1103721
0.1134652
0.4925837
-0.04997044
-0.01709848
0.2303033
-0.04708807
-0.2515193
0.06203934
0.1132218
0.705951
0.5963019
-0.2146301
-0.15611
0.1784185
0.3153789
0.4694454
-0.0690373
-0.2310123
-0.03337266
-0.295834
-0.3440825
-0.3733145
-0.2816677
-0.1672113
-0.01219231
-0.1315533
-0.07772167
0.05498653
-0.04995339
-0.02488263
-0.05820971
-0.03721228
0.008715385
-0.1177694
-0.2872628
0.1079629
-0.1231624
0.06174922
-0.09305732
-0.1267693
0.08000264
0.1003673
0.02459348
0.1343814
0.2689009
0.06524925
0.003844228
0.05713341
0.1135847
0.2319478
0.04890353
-0.2575377
0.03017623
0.1966531
0.2836039
0.2208455
-0.09190546
-0.08055475
0.08923295
0.02861698
0.07520853
0.2127133
0.297179
0.2968359
-0.1719969
-0.1101682
-0.1316244
0.1044081
-0.05039114
0.05853098
0.04770759
-0.01824007
0.05577237
0.01198505
0.01495237
0.02490722
-0.09233785
-0.260672
-0.3231403
-0.1765324
-0.2598563
-0.2344171
-0.2892492
-0.3116842
-0.1956376
0.07434408
0.08814121
-0.08688923
-0.08226226
-0.06689931
-0.3429739
-0.08367189
-0.341483
-0.1994385
-0.3562246
-0.5174959
-0.202972
-0.3146994
0.1539335
0.0150288
-0.3582844
-0.2973041
-0.4531302
0.2211649
-0.007385175
-0.2590383
-0.2514235
0.0668655
0.2826094
-0.1839589
-0.2506528
0.5484756
0.3207741
0.00483366
-0.1823754
-0.3407857
0.7982534
0.1239958
0.1469971
0.00236733
-0.2720057
-0.06045945
0.3298283
0.3590924
0.3534761
0.1021909
0.0855916
-0.167165
-0.2563101
-0.08277567
-0.1009557
-0.1149229
-0.1099338
-0.2305701
-0.201853
-0.05503956
0.2685846
0.07848193
0.08944445
-0.1281911
-0.1696023
-0.3379591
-0.223414
-0.1036537
-0.1495731
-0.3927973
-0.2799627
-0.07128371
-0.1829943
0.06902325
0.2757456
-0.1509901
-0.1354011
-0.4163421
0.06530013
0.008214217
-0.07638164
-0.2061389
0.2184613
0.2158325
-0.2783739
-0.0939821
-0.02172041
-0.03263957
-0.07999362
-0.1211864
-0.2048761
0.2951125
0.53437
0.1757774
-0.06427581
-0.266121
-0.30274
-0.3917156
0.09672001
-0.2575394
-0.1585354
0.1326613
0.153434
-0.043999
-0.04846861
-0.05100966
0.1716701
-0.02143725
-0.04812487
0.03116158
-0.1163451
0.3480003
0.1349765
0.2927671
0.1602693
0.2605902
0.3456886
0.2850111
0.320381
0.2480997
0.2777168
-0.004246271
0.3411479
0.1116485
0.3469251
0.2300651
0.1372183
0.3177111
0.04151517
-0.00653353
0.05985907
0.01490413
-0.0864923
-0.006155649
0.357897
0.1105493
-0.1292658
0.2017584
-0.03482929
0.2365145
0.2624879
0.07868299
-0.03039945
-0.04650699
0.1579538
0.3811144
0.9029833
0.7370479
0.5198633
0.2882904
-0.09544584
-0.3016463
-0.07657964
-0.1794839
-0.2938097
-0.1170163
-0.1617151
-0.01833018
-0.2317495
0.3718647
0.2345704
-0.02246787
-0.2865636
-0.07484927
0.03413905
-0.1934933
-0.2261793
-0.2927809
-0.2253272
-0.3555246
-0.2439102
-0.1857391
0.1116044
-0.3946912
-0.1030227
-0.006568147
-0.1493693
-0.1644933
-0.132275
-0.05064575
-0.2761178
-0.03194262
-0.1521123
-0.05443256
-0.1057429
0.08056917
-0.001177741
-0.1367845
-0.4661862
-0.3089064
0.2478612
0.3524645
0.2612845
-0.1236323
-0.1486267
0.6780545
0.4953462
0.267813
-0.1304841
-0.2132701
-0.02106544
-0.1289108
-0.1493322
-0.09483082
-0.1074887
0.000144368
-0.08919035
0.3170111
0.1638191
-0.1408646
-0.2696672
-0.1528613
-0.07722401
-0.2044921
-0.3614153
-0.4241862
-0.3468042
-0.4630775
-0.4139607
-0.3662649
0.1515782
-0.2925672
-0.1794609
-0.1561697
-0.2621694
-0.1271097
-0.1629394
-0.1583793
-0.3927543
-0.08929345
-0.1696459
-0.1842561
-0.1971973
0.1295378
-0.06737282
-0.1964284
-0.4840285
-0.3928048
0.2720923
0.2770113
0.2038783
-0.07524033
-0.2177615
0.1810286
0.04309102
-0.08834349
-0.1601509
-0.005617878
-0.1891083
-0.2412835
0.006176026
-0.2368205
-0.1030202
-0.1510014
0.3591912
0.4523427
0.1011901
0.02008374
0.04213092
0.1615381
-0.09450092
-0.1986176
-0.1716011
-0.1710947
-0.2805421
-0.3061585
-0.1207662
0.2272196
0.0372486
0.066016
0.09470431
0.08955418
-0.193573
-0.1556386
-0.1301697
-0.2672848
-0.1349224
-0.165358
-0.1244806
-0.1034837
-0.02745131
0.05136476
-0.335196
-0.3434422
-0.2243094
0.3199055
0.3308759
0.1175329
-0.1012619
0.03722363
0.6424189
0.261403
-0.1449406
-0.05813013
-0.07687562
-0.02159065
-0.03354128
0.01669706
0.06469984
-0.1008955
-0.1328814
0.04298531
-0.01229697
-0.2361619
0.02257644
-0.07010265
-0.132843
-0.128121
-0.1191682
-0.1190607
-0.0373926
-0.09822965
-0.04548207
-0.1587101
-0.3953259
-0.1062849
-0.1589993
-0.2977373
-0.1855959
-0.1513661
-0.1653056
-0.1146402
0.01143951
0.1843369
0.03898824
-0.0006058
-0.03498613
-0.3119053
-0.02095727
-0.2534666
-0.1369672
0.09256885
0.06151341
0.04468862
-0.1494119
-0.129222
0.4866574
0.03613193
0.1337049
0.1626538
0.1054459
0.2417345
0.198532
0.2378387
0.1678543
-0.05325573
0.00104054
-0.1886865
-0.1658859
-0.2187922
-0.1466378
0.02681001
0.05478829
-0.03199602
-0.07158191
0.007676874
-0.09483297
0.126614
-0.07241161
-0.2154489
-0.1240908
-0.1189122
-0.267873
0.04911115
-0.04999668
-0.04556736
-0.01643525
0.1737828
0.1855279
0.02724061
-0.2107897
-0.05282386
-0.2418215
-0.04947009
-0.0705237
-0.1086181
0.1085184
0.1078654
0.2079686
0.03691512
0.09641101
0.2338943
0.2900427
0.3771625
0.3465558
0.3165822
0.396125
0.3452448
0.07456841
-0.4505242
-0.107103
0.1146388
0.3492998
0.1366722
0.1423428
0.4229519
0.1594994
0.3221889
0.4085658
0.3872217
-0.04332359
0.3460682
-0.1606513
-0.04641619
0.2401108
0.06459909
0.1312102
-0.08201807
0.005626447
-0.1797455
0.2164957
-0.03439925
0.1158279
0.09944951
0.01152254
-0.336035
-0.3533475
-0.1570993
0.1830141
0.2372187
-0.1064113
-0.3892397
-0.003607661
-0.03899405
0.3191175
0.6773003
0.3974485
0.5687614
0.3655514
0.428449
0.369062
0.4966845
-0.1350101
-0.1806582
-0.234274
0.3718847
-0.1140209
0.4293496
0.3716122
0.2000092
0.002192826
0.3653448
0.207666
-0.1358785
0.2462051
0.07750879
0.1775999
0.05922107
-0.1904524
0.3503662
0.263416
-0.02467675
0.05789762
0.02594157
-0.2003602
-0.2027508
0.1407044
0.02356785
-0.1004273
-0.01288611
0.167564
0.1728072
0.0344529
-0.3438366
-0.2397204
-0.2457782
0.1743148
0.2810159
0.5677485
0.7043519
0.466746
0.5615806
0.5879279
0.6369438
-0.1660959
-0.2044298
-0.3035951
0.4895558
-0.1968785
0.3798426
0.3853583
0.06395738
-0.02509125
0.3441712
0.1067145
-0.2646184
0.2171637
-0.05469427
0.02297937
0.09755356
-0.2597912
0.242379
0.001364649
-0.1469574
-0.156169
-0.07809017
-0.07216448
-0.2062501
-0.07395987
-0.1697284
-0.1510803
-0.1052935
-0.05582893
-0.0002971492
-0.006052695
-0.3499103
-0.2576872
-0.1841181
0.139851
0.1901214
0.6915715
0.2848078
0.4144339
0.4674791
0.4799257
-0.2623108
-0.09870043
0.09848388
0.5726445
0.1961401
0.2982643
0.4612439
0.05312676
0.2879261
0.3530741
0.2580482
-0.1024706
0.2860882
-0.1327117
-0.05617598
0.4132679
-0.1482295
0.1263262
-0.1025488
0.09838081
-0.08120908
-0.006660531
0.08790808
0.06909383
-0.09641584
-0.02208058
-0.1661911
-0.1063638
-0.06092268
-0.02453228
0.09901022
-0.1954411
-0.265895
-0.1939513
-0.009375711
0.07729294
0.2901347
0.4171422
0.3880762
0.5937272
-0.3882919
-0.3078383
-0.08761934
0.4918875
0.05786769
0.3597392
0.376706
0.1101806
0.1658324
0.4275639
0.2832865
-0.03661423
0.2657311
-0.1362359
0.01944172
0.2768131
-0.2073429
0.1763669
-0.09316073
-0.1100181
-0.1568646
-0.0781905
0.009637289
-0.02412042
-0.04865703
0.06886865
-0.1705717
-0.306484
0.03392316
0.03388361
0.08213215
-0.3546822
-0.3912681
-0.4049244
-0.03610932
0.07008529
0.6984904
0.6025614
0.4027646
-0.2156097
0.04649575
-0.3294969
0.3723378
-0.1978588
0.1118983
0.4591913
0.3406999
-0.05226441
0.1731522
0.04046452
-0.3402766
0.1961896
-0.03410844
-0.01987436
0.06405587
-0.1563451
0.141437
0.0007602838
-0.3033545
-0.3155848
-0.02317826
-0.2243138
-0.1731791
0.0239391
-0.3950421
-0.2044842
-0.2424476
-0.3036468
0.1482957
0.1817624
-0.3104521
-0.2234895
0.2968137
0.3803929
0.3158803
0.7551406
0.4146475
-0.3658344
-0.1249448
-0.2803541
0.4692584
-0.1333555
0.1261038
0.6304118
0.3953116
0.1365462
0.3631681
0.203216
-0.2163852
0.2602868
-0.26585
-0.211497
0.05309176
-0.09874641
0.2283196
-0.02439199
-0.1512749
-0.274415
0.1282338
-0.2472777
-0.1734921
0.1276762
-0.2713552
-0.3093738
-0.1690027
-0.1847521
0.159607
0.2738066
-0.4697083
-0.4393694
0.1438825
0.2583324
0.3071297
0.4116545
-0.1911814
0.0236529
-0.2104016
0.4108113
-0.1221788
0.2601232
0.5310599
0.315205
0.08693068
0.3228391
0.1629146
-0.2452009
0.2942045
-0.1913481
-0.2975742
0.1717783
-0.08906923
0.2841635
-0.1381233
-0.2466804
-0.2278856
0.02771483
-0.116137
-0.1832488
0.1550194
-0.2500336
-0.1991402
-0.1397089
-0.1900987
0.04619742
0.2207423
-0.3980417
-0.3134646
0.1970907
0.2607821
0.2467769
-0.1790307
-0.06170863
-0.2691136
0.3756999
-0.2576512
0.09209963
0.3072125
0.009928525
-0.03272159
0.09126255
0.01033703
-0.3271573
0.07206561
-0.1052205
0.1584478
0.1081653
-0.3149034
0.1176502
0.05826617
0.0033963
-0.1018548
-0.2016276
0.01216751
-0.1203124
-0.01819481
-0.2378231
-0.07092902
-0.1460522
-0.02276968
0.03704128
-0.05504192
-0.2476354
-0.2050032
-0.2520569
0.2869678
0.1556367
0.3655605
-0.0283746
-0.2869577
-0.201866
-0.0003126854
-0.3540848
-0.2166153
-0.3429043
-0.2901373
-0.2717088
-0.03257774
-0.1262143
0.1936325
0.1111178
-0.04579428
0.1329672
-0.05168694
0.2596996
0.01586078
0.3672278
-0.06174513
0.1838941
-0.05569589
-0.06465904
-0.07353999
0.175361
0.3230871
0.1254417
-0.06676773
-0.1784627
0.2795009
0.6556511
0.23471
0.1271143
-0.05786725
0.3138812
0.1963031
0.303897
0.1418277
0.05019316
0.05343639
0.1168125
0.03004452
0.0092035
-0.07317899
0.1134949
-0.03301289
-0.03596244
0.3365751
0.2578822
0.1272922
-0.02046241
0.004400183
0.1085391
-0.1173602
-0.02274184
0.01367858
0.3153272
0.1321229
-0.2379145
0.1647173
-0.1470361
-0.1302868
0.02186478
0.175716
0.3577922
0.1346665
0.133882
0.1992488
0.2548647
0.7304116
0.2194153
-0.02042283
0.1202027
0.5665318
0.3134707
0.4642186
0.4756257
0.3195763
-0.1338429
-0.01313385
0.6745199
0.5831831
0.2853221
-0.302957
0.1684057
0.2677916
0.3343053
0.2495856
0.3316058
0.2289122
0.556204
-0.4159853
-0.0481258
0.05461293
0.04212509
0.2757043
0.005668968
0.04318494
-0.2333693
-0.3091336
0.0364834
0.2509316
0.3595779
0.633922
0.222477
0.4366762
0.4771928
0.3697479
-0.102436
0.4157069
-0.1435973
0.05701471
0.5243572
0.06142004
0.4022985
-0.1996179
-0.02905823
-0.2226166
0.1162833
-0.09134584
0.02732636
0.1368171
-0.01563683
-0.3917128
-0.09934323
-0.2294959
0.07598128
0.2908103
-0.1514897
-0.3741337
-0.1157883
0.1461549
0.3538082
0.362289
0.08280713
0.1299458
0.4625497
0.4050286
0.4251607
0.3914714
0.2124245
-0.08483993
-0.1788532
0.5998251
0.3988112
0.2420058
-0.3013077
0.1088242
0.1138454
0.1660045
-0.1192552
0.05732392
0.165998
0.6845018
-0.381612
-0.03666652
-0.04909318
-0.07270345
0.166647
-0.1756992
-0.1750832
-0.3072359
-0.3762817
-0.1149864
0.2755287
0.3022088
0.2627438
0.6641576
0.4519339
0.1022892
0.4297476
0.0653427
-0.1228739
0.4664297
0.2058006
0.6617937
-0.2646453
-0.169037
0.1875974
-0.004453101
-0.2181179
-0.2802752
0.3008643
0.3360118
-0.255911
0.06330042
0.0298283
0.1643372
0.287025
-0.3315024
-0.1697892
-0.2226157
-0.200588
0.2546391
0.4045739
0.4373295
0.4884145
0.3787656
-0.06061678
0.3533894
-0.06886496
-0.141381
0.2850535
0.04438038
0.4179761
-0.0109557
-0.04304711
-0.1849832
-0.001748667
-0.1950479
-0.1450535
0.3175827
-0.02259938
-0.2086593
0.004936785
-0.1747736
0.1417958
0.2436617
-0.1474962
-0.4462901
0.0255651
0.0804406
0.3811864
0.4314142
0.5801824
0.4812716
0.4296978
0.6330743
-0.1473436
-0.179866
0.2708758
0.3600782
0.4654915
-0.07175712
-0.1651285
0.1412738
0.2033365
-0.1019351
-0.1031497
0.4352772
0.1531061
-0.4112267
-0.005730048
0.03530224
0.3140534
0.4862614
-0.4282281
-0.1643067
0.1414055
-0.02978004
0.320618
0.5931994
0.6807144
0.5358492
0.5825286
-0.1677861
-0.03926731
0.5704518
0.5099994
0.4362325
-0.194235
0.2041109
0.1672771
0.4023552
0.2666468
0.2004229
0.4063243
0.4341071
-0.4840523
0.003348665
0.09563063
0.2723406
0.5125782
-0.1635932
-0.2532485
-0.1749359
-0.1912632
0.3505468
0.6589082
0.334819
0.6800549
-0.204291
-0.1311492
0.5089843
0.3471762
0.7039358
-0.2322904
-0.141744
0.1396092
0.1953393
-0.1150654
-0.1348879
0.4850576
0.4260087
-0.4504728
-0.1516092
0.1204376
0.1977895
0.4220416
-0.4516736
-0.3540919
-0.2332539
-0.1864852
0.3624983
0.598903
0.6322654
-0.1048415
-0.003144505
0.6030895
0.591486
0.5534309
-0.2152338
0.2189988
0.3720502
0.5053125
0.07135442
0.05850411
0.4874994
0.5127707
-0.5499524
-0.1193112
0.1950247
0.5065761
0.6761
-0.4628881
-0.3072113
-0.22931
-0.1242018
0.4613508
0.4264558
-0.07998406
-0.08342307
0.323403
0.6686977
0.2405483
-0.08058938
0.2239868
0.5568854
0.5252897
0.2265434
0.1719361
0.2720847
0.6323146
-0.238464
0.03838932
0.4349782
0.3088663
0.4320387
-0.165388
0.03084136
-0.1881293
-0.2927889
0.06166324
-0.2154101
-0.1193674
0.5859925
0.4217264
0.5191884
-0.2071844
0.01119312
0.2384108
0.3760702
0.1591213
0.137037
0.5003873
0.2785972
-0.4153296
0.01848512
0.2470847
0.3159781
0.5706324
-0.3090216
-0.1845509
-0.03378437
0.02459217
0.4767134
0.2507605
-0.1925898
-0.0492719
-0.01823309
0.3165217
0.2686696
0.1961066
0.05166299
-0.09203247
-0.04712304
-0.1092598
-0.09348769
0.262826
0.4311436
0.1228314
0.2098138
-0.06313605
0.2601155
0.1999932
0.1493027
0.2064487
0.1295323
-0.0994432
-0.05838602
0.001135857
0.2684502
0.09720061
0.1050756
0.08638784
0.001067635
0.1607837
-0.3071732
-0.06662888
0.01046921
-0.01248932
0.03450026
0.3815945
0.08530937
0.1566409
0.1712996
-0.1664729
0.1215601
0.1273832
0.4896775
0.4713753
-0.3363328
0.141585
0.228699
0.294973
0.1652833
0.05475837
0.2754201
0.4450375
-0.5636874
-0.07962839
-0.01449707
0.1135093
0.4226902
-0.2806043
-0.1986727
-0.2435484
-0.06619978
0.3440532
0.4710768
-0.2035283
0.1059183
0.5496621
0.6049186
0.06856111
-0.07855025
0.3775402
0.4631579
-0.4892698
0.01162832
0.1961128
0.3370782
0.5990014
-0.1430622
0.01818689
-0.0002032662
-0.04204794
0.3544376
-0.246369
-0.1240447
0.2400485
0.1897508
-0.2578549
-0.3386523
0.4427213
0.2814261
-0.4025939
-0.04769511
-0.07101846
0.2462842
0.4364416
-0.4240935
-0.2574104
-0.1966424
-0.04688071
0.5153283
0.4157524
0.2691509
0.1070702
-0.006243118
0.1343714
0.04105084
-0.1266205
0.28105
0.3089905
0.2560591
0.1309805
-0.1725112
0.2258216
0.2127907
0.2124139
0.3169797
0.1231348
0.398125
0.4323219
0.2078819
0.2073352
0.1230901
0.18869
0.0161991
0.4344737
0.2998043
0.2581314
0.1596501
0.07936028
-0.006526417
-0.02568054
0.1774436
0.2479192
0.5245976
0.05473865
-0.0635548
0.2761489
0.4344718
-0.1401073
0.2478471
0.6223083
0.3095256
0.3654432
-0.035072
0.3395805
-0.02358189
0.07660909
0.1827313
0.07172608
0.1690015
0.1695514
0.2269315
-0.3926092
0.07910357
0.3793511
0.5195066
0.6078479
-0.2075357
-0.1068901
0.06881387
0.2413335
0.4076789
0.5768762
0.05673691
0.003603975
0.1700721
0.1536434
0.2585988
-0.002718159
0.001421374
0.1772338
0.2288121
-0.04108973
0.01299148
0.007617392
-0.09107058
-0.04655635
0.1777421
0.03108112
0.07834513
0.0442662
0.05494831
0.3363662
0.1374427
-0.02076042
-0.08050514
-0.04760077
0.3759634
-0.1967985
0.1240528
0.2891646
0.1386192
0.275606
-0.2457157
-0.1644943
0.05850932
0.2101546
0.4911349
-0.260013
-0.06623846
0.3114742
0.01376472
0.1532392
-0.25126
-0.0722089
-0.466298
-0.3759853
-0.02206224
0.290663
0.1325361
-0.2735709
-0.4840596
0.5313206
0.1650914
0.03563961
-0.04208266
-0.3678952
0.2990692
0.2084653
0.01906326
0.2722068
0.1807069
0.1338483
0.1897221
0.09732038
0.2817671
0.159116
0.02128121
0.1446791
-0.03523111
0.16153
0.009107088
0.6780757
-0.1848421
-0.1007986
0.09753836
0.2874772
0.4308908
-0.2683727
-0.2008722
0.1078552
0.1915431
0.4723846
0.3873598
0.2304485
-0.01777874
-0.1736826
0.1931467
0.01718968
-0.2095553
0.4254658
0.06451336
0.4427921
