-0.2461541
0.6016158
-0.2113559
-0.04423691
-0.1185048
0.5685102
-0.3138462
0.3432628
0.1375916
0.5812756
-0.2930656
0.6544066
-0.33597
0.4300824
-0.05448802
-0.1572812
0.1294584
0.6512989
0.08626741
-0.2469317
-0.3781395
0.2043373
-0.04438503
-0.1685017
-0.377141
-0.09611452
-0.09368953
0.01300739
-0.3006966
-0.06072405
-0.07304655
0.08387858
-0.2692221
0.3504407
-0.2543967
0.1371634
-0.373088
0.06512919
-0.3837932
0.03924339
-0.3740408
-0.2752863
-0.4278988
-0.1942073
-0.2642626
-0.184298
-0.4343737
-0.2372425
-0.2852044
-0.1606493
-0.2965743
-0.1259954
-0.01137595
-0.06579857
-0.1271971
0.1195281
0.0774731
0.4435614
-0.1023913
0.1753726
-0.246662
0.2610878
-0.1089493
0.349745
-0.03031142
0.264005
-0.2478035
0.1801806
-0.1672162
0.06213541
0.03396841
0.03781501
-0.1866351
0.2015637
0.2475955
0.2230723
-0.02305815
0.06807236
0.3487979
-0.4135181
-0.1977756
-0.2052355
-0.1432352
0.5308285
-0.3824733
0.01876231
-0.09188256
-0.08030602
-0.05310528
-0.3427363
0.5389696
-0.1759108
0.5138147
0.219176
0.1327865
0.06926828
0.1323576
-0.1961837
-0.1561797
-0.2253656
0.4405878
-0.09661466
0.4504729
-0.3255171
0.007218412
0.001737852
0.2212635
-0.2661722
0.1382216
0.06073574
0.2317827
0.1182229
-0.1593819
0.0003142534
-0.1475821
-0.4283153
-0.1490107
-0.3077532
-0.1763277
-0.509377
-0.09088296
-0.3924858
-0.02375755
-0.3712861
0.38712
-0.3738346
0.1735887
-0.2720681
0.04157613
0.03080424
0.2248838
-0.1341388
0.2929535
0.1036931
-0.03782222
-0.0985606
-0.09464058
0.05862855
0.1087978
-0.02860302
0.08135082
0.1125567
0.1128579
0.06914732
0.1043079
0.01967695
0.2213381
-0.2172116
0.1770021
0.3178618
0.1655778
0.09752772
0.2789031
0.2959931
0.2335973
-0.1828187
-0.05589013
-0.1666179
-0.05580884
-0.02616366
0.09082347
-0.09293149
0.2295457
0.1011624
0.21802
0.1513893
-0.03475143
0.1220989
0.1714753
0.549474
0.6466344
-0.1827406
0.4416699
0.1895387
0.3614317
0.01605293
0.4939532
-0.3886816
-0.1503057
-0.2803292
-0.1694545
0.2192829
0.4914927
-0.1231694
-0.2046777
-0.2111885
0.109486
-0.1469382
-0.2076435
0.01331242
0.2458266
-0.09347706
-0.2176967
0.07686985
0.341782
0.1408212
0.1022659
-0.4145606
0.03866736
0.1680423
0.343587
0.05578913
0.06744357
0.1649156
-0.375111
-0.2338908
-0.5789384
0.2918519
0.0377408
0.1848642
0.3439647
0.2069333
0.180516
-0.05231606
-0.5193916
0.005375521
-0.09753394
0.04288702
-0.2206696
-0.0199317
0.1953473
-0.01264425
0.1362448
0.03762597
-0.3370692
0.04731176
0.3702856
0.01246119
0.05284872
0.04978538
0.06730661
0.05030805
0.8918643
-0.07941482
0.6501259
0.1130386
0.5824671
-0.3844168
0.7782244
-0.3132914
0.6427058
0.1157851
-0.1458098
0.03680439
0.7094716
0.3246442
-0.2031383
-0.2685617
0.5705569
0.1419337
-0.1540472
-0.45494
0.07115107
-0.1276936
0.002138865
-0.1274349
-0.006732973
-0.04293243
0.08529772
-0.2534437
0.3935729
-0.4706477
-0.0001987054
-0.1895715
-0.2041341
-0.3954723
-0.2010512
-0.2243857
-0.3163415
-0.4824149
-0.3521161
-0.4650352
-0.4048913
-0.5762768
-0.4092073
-0.4091475
-0.338229
-0.4418926
-0.3208851
-0.03545249
-0.3465491
-0.3625074
-0.3441551
-0.2325696
0.2095999
-0.4610901
-0.0829725
-0.2322032
0.03771207
-0.362755
0.5111346
-0.09534913
0.136483
-0.4452032
0.1955844
-0.3207425
0.1956326
0.0707818
0.1803533
-0.1830237
0.04187234
0.1790454
0.04715216
-0.2355094
-0.1415132
-0.04973465
-0.4014338
-0.4169844
-0.3188473
-0.1467283
0.8049107
-0.4007045
-0.0827732
-0.06100514
-0.1122642
-0.08258969
-0.3820823
0.6578076
-0.2353059
0.7661041
0.01137275
-0.1327574
-0.05626336
-0.2017061
-0.3859284
-0.4517798
-0.1790498
0.5241106
-0.209203
0.2156015
-0.4759826
0.04765707
-0.105097
0.007027327
-0.1903167
-0.1387062
-0.141208
0.1960203
0.03245966
-0.2493653
-0.08714515
0.02071601
-0.02209979
0.546708
0.0786806
0.6843816
-0.3046259
0.2945401
-0.272455
0.006957064
-0.2482861
0.07759229
-0.1734066
0.1998354
-0.07063811
-0.3180534
-0.05829506
0.109858
0.1720932
0.1438113
0.2408615
0.6724913
0.09585738
0.2637178
-0.2651998
-0.1867195
-0.1649768
0.1406229
0.2174579
0.4741649
0.1071613
0.3765825
0.08582156
0.1448716
-0.1786226
0.0327246
-0.03409637
-0.09451218
-0.3085089
-0.05391666
-0.1652499
-0.3056062
-0.1866031
-0.1871454
-0.312154
-0.2955664
-0.1081591
-0.4187512
-0.5420865
-0.4287374
-0.3821173
-0.3415616
-0.4672046
-0.4791183
-0.1070128
-0.2475858
-0.2979616
-0.4184779
-0.3423113
0.3134358
-0.1278785
0.05554412
0.2122011
0.5313402
-0.03888454
0.3153731
-0.04919179
0.129062
0.1954231
0.1495642
0.007928191
-0.08743421
0.06724776
-0.06008215
-0.08097487
-0.1048308
0.05513559
-0.1139705
0.1285754
0.1592172
-0.08239725
0.136823
-0.01422835
0.1912066
-0.3137104
-0.03630019
-0.0860748
-0.205877
0.3144527
-0.09003104
0.5373369
0.04601393
0.02357125
0.05216191
0.05537649
-0.1365913
-0.1015673
-0.3754678
0.1448726
0.1150633
-0.2897177
-0.3632358
0.1108351
-0.2230602
-0.1721828
-0.2417171
-0.04683714
0.010475
-0.2475757
0.08353194
-0.06016742
0.06954284
-0.04502645
-0.07293725
0.2000656
0.147794
0.1159261
0.4448322
0.08727132
0.09072619
-0.04803119
0.1270702
0.04908934
0.1381175
0.1602662
-0.2437057
-0.1387189
-0.01459645
-0.1045105
-0.2683724
0.1327515
-0.02574123
-0.06368164
-0.1583335
-0.1043029
0.3485603
0.2055471
0.02238049
-0.05855339
-0.1007076
-0.2493595
-0.1916065
-0.2388767
-0.04023901
-0.2203587
-0.1965719
0.3612335
0.04909755
0.03900605
-0.06742661
0.2466104
0.09112622
0.001827616
-0.1336247
-0.1734321
-0.09053741
0.03826805
-0.1762914
-0.1265256
0.03475075
-0.07905062
-0.0758834
0.1326195
0.03263972
-0.0516247
-0.2154164
-0.3381663
0.1125971
-0.1100281
-0.1220771
-0.01635817
-0.200594
-0.3996151
0.1770723
0.04758427
-0.09807868
0.01080832
-0.05320156
-0.3058781
-0.2431107
-0.2318268
0.03044328
-0.03019174
-0.1328383
-0.0176083
-0.3143168
0.08989919
0.06722377
0.1969831
-0.002421355
-0.218056
0.1143091
-0.01417682
0.1770145
0.07541819
-0.009211746
-0.1317671
0.3329425
0.2392031
-0.04357922
0.05712131
0.09565931
0.2037286
-0.1348411
0.01049799
-0.2278762
-0.1700598
-0.1547893
-0.09143312
0.2569439
0.07819823
-0.07468669
-0.04708333
0.1152305
0.0007977307
-0.2133774
-0.07851196
0.1303762
-0.1846483
-0.2403585
-0.01411452
-0.1333824
-0.0347295
-0.04537328
0.06388623
0.09829993
0.5182261
-0.01327615
0.4983644
-0.157561
-0.06016874
-0.1028957
0.02228969
-0.001589125
0.2523618
-0.2415577
-0.1049506
-0.09288266
0.1131529
0.2183067
0.2006957
-0.03381185
0.3500677
-0.04890633
0.0820125
-0.0324888
-0.08645919
-0.1432052
0.005738667
-0.09187558
-0.08262901
-0.08233725
0.03210423
0.168683
0.03589926
-0.4773392
-0.05551334
-0.359305
-0.05110255
-0.5459505
-0.2295797
-0.232972
-0.1160102
-0.09394473
-0.09831208
-0.3388804
-0.1405109
-0.207363
-0.24607
-0.31807
-0.2891982
-0.1800611
-0.1588863
-0.3405889
-0.2850759
-0.1134173
-0.1454118
-0.09509829
-0.2295294
-0.3744975
0.4139539
-0.1517032
-0.1050526
0.5613215
0.4903234
-0.0864691
0.2557448
0.07784663
0.1251121
0.1020848
0.01543669
0.08467592
0.05175409
0.03739413
0.008287876
-0.2415792
-0.05546645
-0.07090432
-0.1930913
-0.02645165
-0.1130504
-0.3805455
-0.1849807
0.0923224
0.03540956
-0.1787063
-0.02012284
-0.2502795
-0.07990932
-0.04924469
-0.01635643
0.3680022
0.128519
-0.2949949
-0.2150157
-0.3008133
-0.1898996
-0.1810194
-0.181137
0.2122074
0.1561352
-0.1815721
-0.2241525
-0.03063793
0.0240234
-0.1772457
-0.1722271
0.2090416
-0.3003753
-0.3461367
-0.01891716
-0.2022109
-0.005968816
-0.04723171
0.0996006
0.009765916
0.650745
0.01089812
0.5990829
-0.4484964
0.7271647
-0.3520317
0.5383599
-0.001663242
-0.1534371
-0.1061949
0.6974325
0.1524061
-0.2094723
-0.2659513
0.4153531
0.07735589
-0.2769958
-0.4164907
-0.07363615
-0.2516479
0.16992
-0.04524438
-0.002827653
-0.08368874
0.1620148
-0.1765056
0.3144807
-0.5249445
0.007490829
-0.1392454
-0.05776797
-0.3197539
-0.1834853
-0.1983521
-0.2039532
-0.3595112
-0.3084822
-0.4009962
-0.288405
-0.5225575
-0.3054888
-0.4216877
-0.3045824
-0.4312143
-0.2874169
-0.02806884
-0.238728
-0.3189164
-0.3805909
-0.2921509
0.4056114
-0.4254892
0.01316711
-0.2283829
0.08666771
-0.3571582
0.5581725
-0.1528636
0.1502403
-0.3521017
0.1009746
-0.3309082
0.1981751
0.1265955
0.211639
-0.1717282
0.05500013
0.1559453
0.03992331
-0.1921865
-0.1189172
0.08976549
-0.323502
-0.3920654
-0.2803501
-0.1334225
0.7077671
-0.445407
-0.1558346
-0.1701571
-0.02822071
-0.0644937
-0.3125018
0.5288691
-0.2187224
0.7232391
0.05817816
-0.02295449
0.003207672
-0.2631598
-0.2493523
-0.4622749
-0.2609332
0.5763719
-0.2578306
0.1138432
-0.4727705
-0.02714915
-0.1907281
-0.07283945
-0.1951327
-0.07359179
-0.1433562
0.1911717
0.08622327
-0.2666282
-0.09937039
-0.05139489
-0.2275345
0.4843897
-0.2756755
0.3265389
-0.1901341
0.4892624
-0.1625933
0.400031
-0.03983059
-0.3714059
-0.1500731
0.06706397
-0.03546992
0.1738788
-0.1196756
0.3537465
-0.3078706
-0.02559605
-0.2180932
-0.1264232
-0.08725885
0.1239718
-0.1975998
-0.01123953
-0.2316096
0.2120869
-0.1756057
-0.1323345
-0.1881559
0.1423832
-0.03935213
0.0748327
-0.2547915
0.004007352
-0.03854245
-0.114293
-0.2550417
-0.2063977
-0.2167826
-0.08726676
-0.1266001
-0.1247193
-0.2524529
-0.09656617
-0.2659416
-0.2065893
-0.2341621
-0.2709483
-0.2991177
-0.3672312
-0.2597145
-0.2506124
-0.2779403
0.65124
-0.3237342
-0.01807063
0.2692441
0.4349805
-0.3334795
0.2138264
-0.1133495
0.02391293
-0.02340251
0.001276914
0.1009967
-0.06195167
0.05834132
-0.1352497
-0.274014
-0.08130901
-0.03617434
-0.1997661
0.1540638
0.05164881
-0.01248678
0.1537865
-0.09653108
0.1469646
-0.3419922
-0.1607308
-0.08754463
0.02675784
0.4692677
-0.2489443
0.6347857
-0.02116695
-0.01030997
-0.03751934
-0.114644
-0.2687349
0.08676457
-0.2858147
0.3241788
0.01617588
-0.3165405
-0.4346652
0.01688187
-0.3174696
-0.1495106
-0.2079943
-0.08763945
-0.1756694
-0.2293102
-0.07475595
-0.2165738
-0.1083338
-0.1883714
-0.09070024
0.09126328
0.5744927
-0.2925713
0.632905
-0.256761
0.5898125
0.1810103
-0.2424306
0.1106708
0.4612562
0.203144
-0.2530085
-0.09721886
0.3085894
-0.118069
-0.2535933
-0.4624595
0.4299303
0.1503348
0.05328262
-0.1448936
-0.1434418
-0.3724729
-0.08001674
-0.4786643
0.1626849
-0.4770291
-0.1316495
0.03871866
-0.1994093
-0.2659206
-0.1326204
-0.06606319
-0.1176252
-0.1926687
-0.2399296
-0.3456158
-0.2101885
-0.2615654
-0.3759591
-0.2390674
0.02190525
-0.1571671
-0.04198257
0.1908312
-0.09130255
-0.1091759
-0.2956806
-0.2050623
0.1688309
-0.2733704
-0.04004788
-0.2168381
-0.08531557
-0.4979812
0.3547805
-0.2400255
-0.007210784
-0.5393976
0.08249217
-0.3612913
-0.003244907
-0.1206847
0.172345
-0.1540277
-0.04889286
-0.006693932
-0.1727969
-0.09657077
-0.03906418
0.003183687
-0.4042071
-0.5644806
-0.2697428
-0.2070203
0.558934
-0.349972
0.1160163
-0.187763
0.1487978
0.1249829
-0.3330702
0.5433415
-0.3200989
0.6482583
-0.1149461
-0.2095944
-0.1701529
-0.2098856
-0.3294982
-0.1736552
-0.08053643
0.3012999
-0.08632918
0.2248738
-0.2527626
0.2483125
-0.2161849
0.09716422
0.09125307
-0.2403565
-0.1506627
0.09642032
0.1045868
-0.2216294
-0.02744919
0.2105256
-0.003315893
0.3327811
0.06603144
0.3609197
0.2162031
0.6947059
-0.0602169
0.07175699
0.0009238107
0.1946152
-0.01764025
0.0003739962
-0.1136532
0.1251391
-0.3116621
-0.380358
0.06658431
0.06304056
-0.2728583
-0.1278391
-0.3686494
-0.1904043
-0.4093292
-0.2680787
-0.003756776
-0.2491561
-0.2794925
-0.1928279
-0.2915948
-0.1092825
-0.3360017
-0.2994411
-0.3708797
-0.2765574
-0.2493841
-0.2778852
-0.5030137
-0.2013837
-0.3659694
-0.1599377
-0.1181226
-0.04686443
0.02643738
-0.00103032
-0.2468793
-0.1493374
0.05119614
0.04491214
-0.2060103
-0.02071942
-0.2089464
0.5066632
-0.2471278
-0.0851965
0.353434
0.4255809
-0.2608397
-0.08760882
0.09663134
0.1340648
0.01010791
-0.07643878
-0.0370483
-0.1694843
0.06847637
-0.09340931
-0.2068149
-0.05310357
-0.06504364
-0.1228496
-0.106984
0.02868424
-0.3568174
-0.05476593
0.1558906
-0.01530696
-0.2687433
-0.1866875
-0.3187479
0.017144
0.01419731
0.1532269
0.4224681
0.1533183
-0.07973751
-0.1304703
-0.1890976
0.008110428
-0.1713058
-0.02255982
0.1834753
-0.08105217
-0.2186685
-0.01387113
-0.09997854
-0.1947205
-0.04614739
0.1802213
0.07079893
-0.3096834
-0.2269107
0.04528499
-0.1697586
0.07945566
-0.1225614
0.03018715
-0.1005778
0.8131074
-0.1978241
0.6433437
0.09343491
-0.05009377
0.3330502
0.5287476
0.07620421
-0.07833241
-0.09052939
0.04701088
-0.2556239
-0.3440147
-0.5423867
0.2064766
0.01146674
0.1473515
-0.08059724
-0.2417621
-0.3200969
-0.005047141
-0.330118
0.1332963
-0.4708892
-0.03135263
-0.1368714
-0.2620312
-0.2663052
-0.04696683
-0.2999544
-0.24472
-0.2484893
-0.09960303
-0.1901081
-0.1815659
-0.3287938
-0.04837213
-0.2455153
-0.09724336
-0.239913
-0.09651084
-0.001936324
-0.2669616
-0.2385879
-0.1686023
-0.1026565
0.3494576
-0.2395151
0.1134399
-0.3524237
0.358111
-0.02823995
0.3712537
-0.1900693
-0.05102876
-0.404101
-0.03630528
-0.2788989
0.1145988
0.05882405
0.08673511
-0.2092414
0.160853
0.1719938
-0.05768244
-0.1070021
-0.07066431
0.0529636
-0.1805068
-0.2398145
-0.2717163
-0.0568983
0.5172778
-0.1880206
0.1100581
-0.04317774
0.1088285
-0.06066236
-0.3021649
0.4699862
-0.2668522
0.5563344
-0.04322265
-0.2464528
-0.1852416
-0.2719852
-0.3018042
-0.2178276
-0.2390126
0.3237786
-0.09954505
0.3209187
-0.1913068
0.01877794
-0.06712649
-0.004659837
0.004337819
-0.105075
-0.1066816
0.2365309
-0.01976224
-0.3460038
-0.1367094
0.1265237
-0.1424529
0.7477326
-0.01579438
0.4917224
0.2672225
0.1280992
-0.3215307
0.07921115
0.1602614
0.2650001
-0.4222862
-0.2480349
-0.348964
-0.2130175
0.009054998
0.1887216
-0.1280079
0.1845075
-0.3874394
-0.2070152
-0.4171149
0.001639926
-0.3850347
-0.09418214
-0.005679642
0.2055225
-0.05610698
0.274255
0.1016431
0.04718742
-0.06001601
0.04919385
-0.1302698
-0.02488582
-0.1454286
0.2091114
0.05770444
0.3284051
0.205243
0.3716336
0.05197354
0.009021871
0.02772204
0.1204744
0.0965375
0.08820917
-0.3417981
0.2259375
-0.01424452
0.3948947
-0.04302647
0.4206365
-0.2353624
-0.02678665
-0.6083572
-0.07483465
-0.1543135
0.07803411
-0.2323865
-0.2099699
-0.09965599
0.003737929
-0.1151846
-0.05350832
-0.3200913
-0.01473841
-0.08442898
-0.3608152
0.2945912
0.3861906
0.07558174
0.3582582
-0.3236754
0.4052034
-0.04405869
0.2606497
0.002190257
0.3754998
0.2297503
-0.2660581
0.283103
-0.3086652
-0.01520224
-0.1682305
-0.07042489
-0.03465513
0.1154977
0.08551304
0.07826897
-0.3220584
-0.1581333
-0.1381546
0.2135684
-0.3704845
0.05444949
-0.05963419
0.03316776
-0.1096407
-0.07347204
-0.1011784
-0.1840596
-0.05079896
-0.05787481
0.05188231
-0.1348104
0.8044817
0.1998728
-0.06909687
0.1918598
0.6037176
0.1818457
-0.2060574
-0.1928126
0.258255
-0.08286468
-0.3408735
-0.5563931
0.1995354
0.01903661
0.08566142
-0.1285788
-0.2797086
-0.3781299
-0.03700806
-0.4042236
0.2327123
-0.5650881
0.01362311
-0.1518468
-0.2696218
-0.3677898
-0.0784843
-0.3153928
-0.327822
-0.4122415
-0.3045409
-0.371818
-0.285944
-0.5019982
-0.2779064
-0.2767235
-0.1777824
-0.3173636
-0.1987695
-0.01952386
-0.2791763
-0.3034772
-0.2406741
-0.1804591
0.2972663
-0.3575978
0.06603518
-0.2646615
0.24108
-0.178585
0.4469291
-0.1767097
-0.09465663
-0.5402234
0.1480315
-0.2964304
-0.03675517
-0.1106207
0.1016653
-0.2418426
0.04521454
0.1870664
-0.03315271
-0.1385645
-0.1560614
0.04837608
-0.2891218
-0.3141331
-0.2330922
-0.09987581
0.6947882
-0.2159483
0.1564016
-0.09467292
0.07968381
0.09462375
-0.3418246
0.5846364
-0.2346873
0.7463588
-0.01060095
-0.2379821
-0.1880153
-0.2309372
-0.3079709
-0.358288
-0.1274401
0.4427257
-0.1737606
0.330724
-0.24817
0.01911412
-0.08246285
-0.05114667
-0.07110157
-0.09810973
-0.04573785
0.2321247
-0.03361878
-0.3734619
-0.1580233
0.09680241
-0.05294406
0.5007838
0.2189504
-0.1638884
-0.3782957
-0.09545645
0.04930357
0.1881997
-0.3697429
-0.1193056
-0.269983
-0.1922576
0.005884889
0.09557566
-0.1467435
0.1403768
-0.4234289
-0.2315967
-0.4669751
0.003890887
-0.2131333
-0.1024743
-0.1338156
0.1954379
-0.01246977
0.1319517
0.02071784
0.1021691
0.05863268
0.1515648
-0.1444328
-0.0794135
-0.1850431
0.1525788
-0.03794793
0.3044226
0.2384945
0.4006795
0.05630743
0.0456984
0.1316144
0.1101584
-0.1780192
-0.07983483
-0.2371177
0.166887
0.01515628
0.465061
-0.1198756
0.2129213
-0.0691574
0.07850604
-0.4441539
0.03243307
-0.2664311
-0.05633435
-0.1666939
-0.2492752
-0.1520364
-0.1275975
-0.1902926
-0.1218235
-0.3381064
-0.02713533
-0.06934549
-0.2381543
0.3524629
0.2858643
0.1513915
0.2982925
-0.1574434
0.3805976
-0.2715847
0.05071516
0.02897953
0.3426825
0.3292959
-0.3012193
0.4483328
-0.1979335
-0.06032646
-0.09105607
-0.1042903
-0.09353204
0.230722
-0.03069274
0.1888813
-0.2796634
-0.1832592
-0.2110279
0.09659413
-0.3324715
-0.03791666
-0.08412768
-0.09978214
-0.1594935
-0.04189161
-0.1888449
-0.28795
0.08742181
-0.04843135
-0.06849657
0.4508822
0.1528388
0.2992975
0.4952749
0.3417453
0.06029861
0.0663285
0.2511276
-0.02631751
-0.3652379
-0.6665627
0.3145014
-0.04686124
0.1397723
0.1561021
-0.384248
-0.3956309
-0.3091003
-0.5254947
0.07435037
-0.6275405
-0.1061761
-0.08452718
-0.4431122
-0.2672717
-0.1601332
-0.3765297
-0.332636
-0.228894
-0.1711522
-0.2865923
-0.4100693
-0.3350974
-0.2686636
-0.2452109
-0.1652719
-0.215578
-0.1790732
-0.05884441
-0.3802394
-0.2861339
-0.1951698
-0.1223536
-0.0135849
-0.3416348
-0.1330683
-0.3171575
0.08769252
-0.1812646
0.304967
-0.2259102
-0.3076266
-0.6680648
0.230153
-0.2051416
-0.0106569
-0.1008527
0.142283
-0.1713785
0.1404426
0.057576
-0.1982727
-0.1107949
-0.1592102
-0.08899336
-0.06872376
-0.1555785
-0.3074161
0.006471354
0.6164867
-0.06784245
0.203941
-0.1311988
-0.07694643
-0.05624468
-0.3521209
0.5185155
-0.244465
0.5669778
-0.2328175
-0.4578813
-0.3072091
-0.3296275
-0.3318741
-0.1862258
-0.1394871
0.2191302
-0.1618943
0.2749872
-0.1703609
-0.02907983
-0.1881435
-0.1261893
0.1750958
-0.2674816
-0.007282538
0.1499964
-0.1078223
-0.3099598
-0.1660547
0.2593114
0.142613
0.08838839
-0.022356
0.2111045
0.009532747
0.09939117
-0.02392742
0.1140515
-0.4276038
-0.4598054
0.3702708
0.218922
-0.07579587
0.1979655
-0.2844599
-0.2231303
-0.4364112
-0.2802299
-0.2568056
-0.4852291
-0.148453
0.06841937
-0.2986845
-0.09476264
-0.2202761
-0.07471141
-0.4739486
-0.3067905
-0.3559137
-0.3919446
-0.5151297
-0.2561116
-0.4224936
-0.2155278
-0.1708143
-0.128963
-0.08688912
-0.06977659
-0.3046241
-0.2042464
-0.02546157
0.01014387
-0.2713819
-0.1828958
-0.2440305
0.4075457
-0.1576828
0.02268385
0.2460634
0.2030115
-0.527694
-0.3743797
0.06126503
0.09694513
-0.1674547
-0.2628628
-0.155741
-0.2660657
-0.1075577
-0.1558441
-0.4662358
-0.1279138
-0.0920554
-0.2294616
0.1262177
0.1482079
-0.08097864
0.1274209
0.198934
0.2563611
-0.08968644
-0.1119454
-0.004521601
0.2273645
0.03849039
0.1066227
0.2631849
0.1617227
-0.1046593
-0.2291303
-0.168651
-0.06246889
-0.1761133
-0.06491971
0.1504668
-0.1134808
-0.1177821
0.05059617
0.01786628
-0.2541035
-0.1667789
-0.06793847
0.1219476
-0.2250271
-0.1377985
0.0846709
-0.2890517
-0.02417245
-0.1376616
0.06592629
0.1629979
-0.03749704
-0.03573929
0.2580782
0.2434084
-0.1992957
-0.1454482
-0.1284226
-0.1873479
-0.1967329
-0.1661036
0.1729836
0.5005772
-0.2362283
-0.004597237
-0.2345076
0.002435289
-0.2501069
-0.1045581
0.1176952
0.2103829
0.01063462
0.1861139
0.1471068
-0.05714607
0.09839574
0.26572
0.08460267
0.05900502
-0.02415145
0.1603077
0.2104821
0.07021155
0.03738204
0.1813747
0.02038427
-0.01191537
0.01752454
0.02692883
-0.00482822
0.001082107
-0.1585103
-0.01473985
-0.176764
-0.2138209
0.0744128
0.189899
-0.2703571
-0.2901873
-0.2800482
-0.1142831
0.1152678
0.1503351
0.02518984
-0.03752102
-0.006111619
0.1887003
0.07155441
0.1849236
-0.1435226
-0.03225973
-0.2134904
-0.02144995
0.5906414
0.3646448
0.1913845
0.3681087
-0.07075905
0.3260158
-0.07101367
0.07746212
-0.0873039
0.01241915
-0.1037673
-0.1456904
-0.03151682
-0.2075698
-0.1825121
-0.1441055
0.05911027
-0.1551874
0.1485087
0.1151282
-0.09356712
-0.1419459
-0.004331594
-0.06078225
-0.05875186
-0.2376192
-0.06701869
-0.1342364
0.04559817
-0.06534251
0.1333864
0.1776654
-0.3616091
-0.1550393
-0.03556966
-0.1423311
0.08886248
0.2609482
0.1525933
0.09142411
-0.107175
-0.2406968
-0.04661492
-0.1875765
0.2495891
0.04242239
0.0687112
0.1018461
-0.07782282
-0.2656894
-0.07737126
-0.1834773
-0.1622344
-0.1395157
-0.1158311
-0.1412602
-0.4008862
0.1291642
-0.1824088
-0.2720358
-0.2850384
-0.09116451
0.1297954
0.1066188
-0.1926832
-0.01314204
0.1111764
-0.01099452
-0.1169631
-0.1184873
-0.1104158
-0.2204147
-0.2996064
-0.1448111
0.3274233
0.3271536
-0.184512
0.001227632
-0.2679137
-0.2532454
0.1730952
0.2162416
-0.04014436
-0.1553909
-0.1979867
-0.311724
0.223499
0.2172309
-0.03988793
0.00729756
0.1418375
0.2110033
0.09758348
0.07217116
-0.2472162
-0.003111616
-0.1142251
-0.1413846
0.05123641
0.09269261
-0.3896605
-0.1828082
0.04760879
0.03163823
0.2762737
0.1314895
-0.08506253
-0.2036447
-0.3393993
0.1331681
-0.3546066
0.01769445
-0.1923779
-0.406532
-0.1814595
-0.08767501
-0.2180234
0.1529615
-0.1056898
-0.07677421
0.08341168
0.2548846
0.06426192
0.1569494
-0.1193327
0.1685172
0.358651
-0.1223527
-0.01089322
-0.09922443
-0.2529463
-0.08559517
-0.2733298
0.2911098
0.4460772
-0.2329373
-0.2414103
0.4595136
0.1395524
-0.2779517
-0.4568429
-0.07019233
-0.2821251
0.3542414
0.07723398
-0.01472015
0.03870882
0.1680892
-0.1102637
0.2833895
-0.4384207
0.2803882
-0.04702604
0.07725506
-0.2064985
0.08148775
-0.1593636
-0.3403617
-0.4103208
-0.3782429
-0.463247
-0.2996744
-0.4549918
-0.3103602
-0.3789428
-0.311664
-0.3355903
-0.3095985
-0.1288807
-0.2010535
-0.2944208
-0.0337153
0.08343868
0.306767
-0.198261
0.1698962
-0.1620639
0.09953971
-0.1001432
0.2642502
-0.2895004
-0.05448475
-0.5510546
0.276868
-0.07693752
0.1844602
0.07403822
0.2669721
-0.07559381
0.04965389
0.1821862
0.1541632
0.003190398
-0.05534462
0.1021581
-0.3100858
-0.2664847
-0.1241716
0.04087926
0.4885305
-0.499799
0.1002544
-0.07952869
-0.07041879
-0.138442
-0.2757703
0.4293372
-0.3608977
0.4243533
0.214772
0.002693204
0.04719352
-0.146154
-0.2896968
-0.2603504
-0.2487131
0.3412227
-0.1265597
0.3322588
-0.4953179
-0.08436498
-0.1306749
0.07056472
-0.1774907
0.0596015
-0.05982941
0.1409092
0.06940283
-0.2253551
-0.03221364
-0.08860275
0.01533001
0.04763075
0.4395484
0.2562161
-0.1045853
-0.3689211
0.07689445
-0.1021211
0.09785648
0.257845
-0.08024766
0.07809315
0.02204785
-0.006613538
0.01551352
-0.1928864
-0.0007306294
-0.07629035
-0.2586304
-0.1161752
-0.07099164
-0.09052013
-0.3606515
-0.3919312
-0.4036984
-0.3418067
-0.4514506
-0.2233004
-0.4158218
-0.1397431
-0.273422
-0.1791997
-0.30011
-0.1809528
-0.4154148
-0.3308443
0.1778965
0.1662835
-0.2747478
-0.2125234
-0.05579778
0.1031564
-0.008930974
0.1086766
0.004410924
-0.1882588
-0.3832687
-0.5651134
0.4283445
0.187391
0.195918
-0.03449193
0.2906134
0.1140022
0.0383579
0.2001902
0.02046595
0.2056121
-0.06619978
-0.3037489
-0.191902
-0.08277284
-0.262225
-0.0539501
0.04147661
-0.2351642
0.2807925
-0.02738245
-0.1582513
-0.1548718
-0.06853053
0.2037388
-0.2422687
0.1492996
0.01579299
-0.355284
-0.1789854
-0.0715165
-0.3773487
-0.1530171
0.1059939
-0.03622034
-0.1533739
0.0790278
-0.1308172
0.05149707
-0.1567748
0.1460628
0.1816391
-0.2418446
-0.01884521
-0.1786532
-0.01522835
0.07222752
-0.05670121
0.3110641
0.3394294
-0.1734941
-0.1743393
0.01544544
0.01005297
-0.08855642
-0.06424926
-0.006292258
0.142351
-0.09982301
0.02801446
-0.2180983
-0.0309158
-0.06643803
0.176196
-0.2797665
-0.09684316
-0.3671964
0.1959135
-0.1461831
-0.1648333
0.08503708
0.3118731
0.1664009
0.1968216
-0.06602533
0.1661393
0.1678198
0.07809087
0.1788712
0.2359636
0.148287
-0.08845885
-0.0497311
0.06575682
-0.02696517
0.006544108
-0.2123825
0.1008806
-0.2000634
-0.1431686
0.07706038
0.1673138
-0.1344334
-0.09657674
-0.1094643
0.1077185
-0.1607542
0.03138007
0.2359695
0.1109659
0.1012181
0.1682701
0.08064224
-0.06403467
-0.1436693
-0.04755234
-0.1741237
-0.3827253
0.3764415
0.04765777
-0.3082494
-0.05361612
-0.1373065
0.2150267
0.03679139
0.2488226
-0.2335344
-0.1921611
-0.08454043
-0.1471812
0.02620223
-0.2707483
-0.3296508
-0.3659614
0.0005815615
-0.1134334
0.1829844
0.159764
-0.3511413
-0.1563078
-0.05189774
-0.08650503
0.2249962
-0.0515421
0.03562202
-0.1720615
0.3303974
-0.2208846
0.06115772
-0.04520896
-0.07289428
0.06932183
0.1085219
0.1037255
-0.163897
0.04807965
-0.08242476
0.006712316
0.0008857514
0.005051979
-0.07712674
0.4610745
-0.2677981
-0.1225424
-0.2413416
0.02906444
-0.2765017
0.008788534
-0.2129053
0.4946876
-0.2412948
0.4179763
-0.007215712
0.02318855
0.1248009
0.3767161
0.1851027
0.2577036
-0.09110669
0.3258843
0.133083
0.0762757
0.01803275
0.1398328
-0.2343719
-0.1525664
-0.1562709
-0.115985
-0.1879906
-0.1408672
-0.3396489
-0.04114968
-0.2782524
-0.1539562
-0.06935201
0.07656118
-0.152383
-0.04673133
-0.4487665
0.005723192
-0.02446016
0.105486
0.1035286
0.03075077
0.2074033
0.2797608
0.232605
-0.04476406
-0.09843486
0.1791924
-0.3000727
-0.3006525
0.47038
0.1406784
0.05151703
0.4254244
-0.169034
0.4041492
0.1284104
0.3151953
0.06098739
-0.09510923
0.03059332
-0.2935791
0.1482281
-0.1852994
-0.4978774
-0.5279056
-0.4720777
-0.5065354
-0.09629069
0.009811074
0.1020808
-0.2407368
-0.2105797
-0.3937623
0.191029
-0.1800582
0.02537766
-0.4212433
0.4379351
-0.4999208
-0.08228498
-0.1897629
-0.1077144
-0.1352465
-0.1523309
0.1522075
0.578752
0.3960178
0.0713895
0.1441981
-0.06223392
-0.01989344
0.04100094
0.4540619
0.4703607
0.4257159
0.2127787
0.4043196
-0.000629934
0.1502477
-0.09786736
0.01651227
-0.2294992
-0.08960582
0.1370669
-0.2224156
-0.4734995
-0.3612636
-0.3931241
-0.2533249
-0.5027034
-0.4708226
-0.373696
-0.438845
-0.4281643
-0.2815123
-0.1616477
-0.2808738
-0.3494885
-0.09415282
-0.03614679
-0.1243171
-0.4083936
0.0008800233
-0.2023469
-0.02103695
-0.2083873
0.03352946
-0.08403526
0.2317081
-0.3616212
0.2371695
-0.03956631
0.3040027
0.09706598
0.08668185
-0.1379547
-0.06163011
0.2006018
0.2462372
-0.1046843
0.03908634
-0.06102821
-0.4106518
-0.2343928
-0.02704477
-0.09225543
0.4003309
-0.2661569
0.06849195
-0.05545407
0.04822727
-0.1685382
-0.08744729
0.3729595
-0.2700103
0.4432121
0.176031
0.0612788
0.1448628
0.0662168
-0.3746146
-0.3280316
-0.08059732
0.2357545
-0.06971476
0.06795062
-0.1911752
0.1576205
-0.09641853
0.12416
-0.1940672
0.08411676
0.07067256
0.02500983
0.1659798
0.003464604
0.02415837
0.0166044
0.3714358
0.3265031
-0.01704008
-0.08052116
-0.1401956
0.1146707
0.2923641
0.4745577
0.3045236
0.4125849
0.2614452
0.1682548
0.03185659
-0.003242638
0.03281465
-0.256831
-0.1686393
-0.08900441
-0.3080506
-0.4403824
-0.238309
-0.2382593
-0.3148348
-0.4161178
-0.2756249
-0.4542843
-0.6284065
-0.5118539
-0.3578891
-0.2666396
-0.3946038
-0.4717848
0.008399665
-0.08496138
-0.2498014
-0.4884341
-0.2054679
0.1718344
-0.09624361
-0.03625497
0.1887665
0.449718
0.0747896
0.04772915
0.1761591
0.2848775
0.1065584
0.03762316
-0.01449971
-0.09314001
0.056839
-0.003534965
0.1487357
0.06254433
0.04205753
0.008821147
-0.1171814
0.07850332
0.05404244
0.09498167
0.07238883
0.1524832
-0.04800782
-0.1329703
0.03401705
-0.1925901
0.1392985
0.0426489
0.2446118
0.2156819
0.04549545
0.04687224
-0.01116276
-0.05013377
-0.2987835
-0.3674781
0.2914251
0.2043899
-0.07976803
-0.1404235
-0.04206582
1.41873e-05
-0.2283554
-0.1427403
-0.08904359
0.1066002
-0.1495697
0.03391899
-0.03097029
-0.0348194
-0.02089488
-0.0766723
0.6885504
0.1312577
0.1768564
-0.2713108
-0.2193892
0.470001
0.4920668
0.4394148
0.3982252
0.4684406
0.6674961
-0.0345907
-0.167314
0.05434716
-0.01388796
0.005440994
0.1233526
0.08870803
-0.007112736
0.1876292
0.1634755
0.1047975
-0.06331219
0.05608155
-0.0835187
-0.07500939
-0.07545544
0.2250893
0.05931002
0.1223714
0.05497205
0.1817934
0.02955224
-0.09156918
-0.07735227
-0.04222903
-0.2732227
0.1042139
-0.07528977
-0.1479021
0.252696
0.6647288
0.4105881
0.06516822
0.1660638
0.2546581
0.2060808
-0.09583641
0.1602722
0.005263641
0.1518514
0.2351684
0.04287955
0.08183818
0.07431878
-0.1791702
0.05532924
0.05301781
-0.2127201
-0.0427675
0.1773289
-0.05643974
0.1068222
0.0903636
-0.1205155
-0.1180034
-0.07509338
-0.09870349
-0.1001413
-0.003153144
0.1932686
0.1472733
0.2059989
-0.1459911
0.02497943
-0.0005265433
-0.03880932
0.07299085
-0.03917576
0.08395746
0.2886485
0.009066214
0.1462087
-0.1080135
0.2466103
-0.03942454
-0.07134321
0.1098919
0.1988711
0.1685299
-0.04972511
-0.09645892
0.08753534
-0.1298662
-0.1613932
0.5320418
0.4451683
0.4236539
0.5154671
0.1936115
0.7175568
-0.0768688
-0.01229059
0.2097328
0.09999947
-0.04609758
0.1611487
0.2095736
0.08435087
0.2387127
0.2828939
0.339497
0.09775618
0.2807292
-0.009794468
-0.109954
-0.1060191
0.03009878
-0.1081199
0.1510851
0.04804992
0.1645627
0.03477503
-0.1088273
-0.01173236
-0.07094841
0.04502294
0.00989342
0.07640001
-0.1487364
0.3840412
0.4616158
0.6317476
-0.1307766
0.2249988
0.03175409
0.1295195
-0.1743573
0.1082955
-0.1034367
-0.1230858
0.133274
-0.02305457
0.1820203
0.1246411
0.005133602
0.1157534
0.1467959
-0.08035112
-0.3687826
0.1783455
-0.083741
0.1170655
0.1837393
-0.02202334
0.2346192
-0.3147651
0.2127546
-0.3006682
0.02653325
0.3305721
0.1765339
0.1665416
0.1362438
0.01084115
0.1493217
-0.006019289
0.1227425
-0.159437
0.3128242
0.2114071
0.07041157
-0.03936606
-0.0997833
0.3386429
-0.003278794
-0.06841703
0.1038812
0.1773519
0.07842856
-0.0919501
0.5699416
-0.07260928
-0.1411518
-0.008410365
-0.2274157
-0.1425247
-0.3133543
0.06530554
-0.1398758
-0.1970341
0.02713752
-0.4242796
-0.09112688
-0.1185458
0.1011863
-0.294534
-0.1485656
-0.08362882
-0.162369
-0.1963322
-0.1337469
-0.23916
-0.1422129
0.07023294
-0.05244166
0.1468589
0.09156261
-0.09828196
0.0004252483
0.0693804
0.01302183
-0.1529923
-0.1856295
-0.1575686
-0.06082274
-0.1247257
-0.2055204
0.1628188
0.06424638
-0.00947303
-0.2957361
0.01083437
-0.09250374
-0.1657247
-0.1288801
-0.02874408
-0.0649033
-0.103943
-0.08002365
-0.3414678
-0.05507825
0.1249166
-0.08778306
-0.1852711
-0.127007
-0.06679915
-0.2806388
0.2544671
0.1712592
0.253262
-0.007266911
0.2007563
0.1634364
-0.2262507
0.2144364
-0.1897686
0.1879348
-0.180556
-0.1757454
-0.1806683
0.08184898
-0.337133
0.2465635
0.03047111
-0.0840482
0.2769138
0.2835753
0.0531598
0.3258772
-0.1124959
0.06944726
0.2666352
-0.08217955
-0.192899
0.06820119
-0.03124224
-0.02102181
0.0381149
0.3004011
-0.2353709
-0.2928861
-0.01290832
-0.06692386
-0.1170961
-0.1973877
-0.02363616
0.0747244
-0.006986851
0.1954699
-0.156339
0.03957636
0.1000769
0.2656291
-0.2235503
-0.2203662
-0.2137933
-0.2280638
-0.1342407
-0.1415956
-0.2370693
-0.1755144
0.1648427
0.04381296
0.3128526
0.2871458
0.100372
0.1266267
0.07615252
0.01482519
-0.05280047
-0.06783823
-0.09956915
0.03681675
-0.04485323
-0.1009204
0.01600034
0.2342493
0.07915542
0.04833685
-0.1281767
-0.0475221
-0.1633648
0.0102665
-0.05385488
0.08596478
-0.03156427
0.0004999428
-0.07966235
0.04368332
0.03398348
-0.1042525
-0.1519945
-0.07361105
0.1618566
-0.03932496
0.06233174
0.3066263
0.1198375
0.3331281
0.3611787
0.3364623
-0.07375396
-0.006379254
-0.004976078
0.04942794
-0.0537143
-0.09476161
0.03082731
0.2311057
-0.1619398
0.08915691
0.07890334
-0.09732321
0.04389341
-0.0524531
0.1886568
0.05841697
0.03944889
0.08576785
0.1341558
-0.1045984
-0.124612
0.2263317
-0.06475377
-0.01958969
0.01519582
-0.04647161
0.4741888
0.1243872
0.02687118
0.2698178
0.1915484
-0.1792086
-0.2571256
0.2022033
0.08978322
0.161552
0.2637946
0.1188322
0.06690864
-0.03540512
0.07726265
-0.1166808
-0.1200486
0.03301891
-0.06414104
0.01380517
-0.1466093
-0.1121993
-0.1097356
-0.2081769
-0.2839397
0.01776419
-0.1402409
0.06263872
0.2863181
0.3938825
0.1112257
0.2367455
-0.03681803
0.3269631
0.2189005
0.01467861
-0.3611101
-0.1584106
-0.1954093
0.1799829
0.03651117
-0.01830987
0.06255509
0.09815829
0.08281578
-0.1544825
-0.01435261
0.01149833
0.2435607
0.08086356
0.1527212
0.137666
0.02232557
0.2063164
0.0919657
-0.1147058
-0.2646671
0.2678569
-0.06914405
0.1791643
-0.2033932
-0.04284061
-0.2566388
-0.3939348
-0.1593637
0.1226373
-0.005132252
0.06566437
-0.1591448
-0.002169642
-0.1391578
-0.2770576
-0.02718399
-0.006740581
0.1073267
-0.08957847
-0.1437992
-0.2856958
-0.150511
0.03527016
0.07576172
0.08550208
-0.1111939
-0.08754913
-0.1106967
-0.1420686
-0.06468844
0.02128559
0.1293695
0.09403809
0.2818008
-0.3897076
-0.2590573
0.09228988
0.3613872
0.06561648
0.2747125
-0.007913326
0.147229
-0.05528475
0.185813
-0.03368506
0.06289482
-0.1954247
0.07276707
0.03712337
-0.06538657
-0.2201257
-0.0866705
-0.3364377
-0.305981
-0.2164922
-0.2527352
-0.05369016
0.05331584
-0.07210754
-0.08533611
-0.07751355
-0.1160999
0.2070012
0.2631925
-0.1811644
-0.3331471
-0.4830064
-0.2553138
0.08798992
0.1250929
0.086621
0.002381816
0.1153087
0.193805
-0.01040061
0.08497953
-0.03673881
0.2658119
-0.1335546
-0.1445184
0.568141
0.393282
0.2349445
0.4911067
-0.1493927
0.225625
0.09688427
0.06562989
0.06147181
-0.1901567
0.05376479
-0.3313522
-0.1614785
-0.1483611
-0.2110591
-0.2980583
-0.108773
-0.4020042
-0.09612611
-0.1689922
-0.1343663
-0.1900752
-0.1079906
-0.2224513
-0.01805838
-0.2783904
-0.1725994
-0.316711
0.2033313
-0.1762362
0.1332049
-0.1866523
-0.1632612
-0.03069644
-0.2932142
-0.06901634
0.6897545
0.6880386
0.4937982
0.1436572
0.3099159
0.1806417
-0.1541102
0.2965282
-0.116674
-0.01294907
0.2630506
-0.03151676
-0.220406
-0.05412303
0.03284872
0.1742982
-0.1929145
-0.05173365
-0.1974893
-0.3257025
-0.4198555
-0.1454578
-0.2526644
-0.05967751
-0.1587998
0.2443627
0.1932153
0.08018079
-0.07201372
-0.004518349
-0.07509352
0.1765868
0.05801944
-0.1457234
0.09535672
0.468984
0.23807
-0.0269223
0.05372799
0.1192885
0.2223483
-0.2195326
-0.03199934
-0.2204711
0.03831733
0.2446147
-0.04771528
0.2262842
0.2241321
-0.1526552
0.0109146
0.241486
-0.1159736
-0.08329404
-0.1673462
-0.0347891
0.03867686
0.2400721
-0.2052466
0.03212344
-0.05314729
-0.2256531
-0.04615712
0.2542661
0.4330449
0.4241659
0.3521111
-0.1109877
-0.08741244
-0.08010852
0.08276538
0.269134
0.08671884
0.06263207
0.2361258
0.03590324
0.144739
-0.1840305
0.3742551
0.04494373
0.0476528
0.1456349
0.1492171
0.007250724
-0.2041873
0.5643316
0.618846
0.2041144
0.398665
0.2384767
-0.02281761
0.3581593
0.03977988
0.1136172
0.3362707
-0.02080426
-0.2151539
-0.1031864
-0.06224014
-0.02808115
-0.2237883
-0.06982276
-0.2734578
-0.3126666
-0.2681454
-0.1129459
-0.1458821
-0.06623778
-0.1359876
0.1869446
0.1374298
-0.02695198
-0.07259939
0.09038485
-0.07398123
0.1596841
0.1255625
-0.2493393
0.126615
0.3762021
0.2746021
-0.01905393
0.1342442
0.3738776
0.2536268
-0.1206664
-0.01006551
-0.06329348
0.1491362
0.3505707
0.07079991
0.1432991
0.08891415
0.01924368
0.2475529
0.2588181
0.1591008
-0.1078158
0.009101741
-0.1411897
0.1523077
0.1074162
-0.2379206
0.1491733
-0.1745092
-0.05808339
-0.1675642
0.2697229
0.3764818
0.3504395
0.2766965
-0.07543555
-0.1969789
-0.1731261
-0.01676292
-0.07440384
-0.1229526
0.02920372
-0.1040143
0.1065901
0.08119045
-0.2806141
0.2467328
0.02775627
0.03998485
0.1541588
0.2857645
0.101718
-0.2738758
0.6625176
0.2956868
0.2416434
0.2354329
-0.1435332
0.2797793
0.01417336
0.01440276
0.188368
-0.104122
-0.2350999
-0.1125252
-0.02431398
0.08880807
-0.2668576
-0.01166722
-0.2693194
-0.383338
-0.4517251
-0.1691754
-0.2727127
-0.1111855
-0.2899019
0.2238022
0.2209043
0.3878284
-0.109165
0.3037829
-0.1210094
0.4633302
0.1853704
0.03166994
0.006180184
0.4225095
0.1635104
0.1316058
0.1923236
0.2772396
0.2486258
-0.09203903
0.01331053
-0.1702066
0.2778553
0.4247002
0.1106008
0.1159575
0.1839889
-0.1946103
0.03848233
0.1999594
-0.03185062
-0.05212638
-0.2387508
0.1392227
0.08199116
0.1675105
-0.2004478
-0.05998576
-0.09694517
-0.3458303
0.06181524
0.2828121
0.2807609
0.2777122
0.1349849
-0.2367247
-0.2742845
-0.1394553
0.124562
0.03923597
0.04893001
-0.07672772
0.1509176
0.0896476
0.06345702
-0.1872018
0.3547059
0.003552093
-0.05305747
0.1383007
0.07301089
-0.01952306
-0.1639076
0.100746
0.4040914
0.1796608
0.03384617
0.3234813
0.2223171
0.003738184
0.2224063
0.002942843
-0.03311193
-0.0925121
0.03828865
0.02118444
-0.09540734
0.1159023
-0.09006855
-0.3156245
-0.2225404
-0.1716371
-0.3036814
-0.04100619
-0.2504814
0.1102176
0.1441408
0.09368958
-0.04116937
0.1766564
0.1285729
0.3029931
0.352705
-0.1183662
0.08265534
0.1825623
0.3550283
-0.0353562
0.3130715
0.3001976
0.2487195
-0.03112517
0.143866
-0.06813463
0.1110454
0.2290683
0.1851153
-0.003691512
-0.04766592
0.1356772
0.3304674
0.2700373
0.205774
-0.3037407
0.0586708
-0.1184704
0.2055395
0.1743703
-0.1977265
0.2749481
-0.4463329
-0.04592013
-0.2837539
0.1949269
0.2312079
0.22195
0.01197302
-0.01823242
-0.317414
-0.04577734
-0.05994246
-0.1247094
-0.3409445
-0.00717423
-0.1723394
-0.04031362
-0.1506466
-0.3229041
0.219305
-0.07298903
-0.2292581
-0.03705772
0.1034911
-0.1095052
-0.2550896
0.2737006
-0.233438
-0.3240302
-0.1251121
-0.375715
-0.1987663
-0.1632858
-0.1716672
-0.2499068
-0.08792153
-0.1982798
-0.1998701
-0.3674698
-0.1437472
-0.2341417
-0.1399419
-0.2258081
0.1197855
0.09296512
0.008776825
-0.1361951
-0.02774956
-0.01265663
0.1605936
-0.2485167
0.08571101
-0.1238273
0.1202646
-0.1903739
0.3678293
0.2180831
0.5611528
0.1124568
0.07251408
-0.1196244
0.244832
0.1489992
0.01300698
-0.04381202
-0.04180882
0.2578075
0.1296684
-0.2359562
-0.08349241
0.1318206
-0.3990914
-0.233601
-0.2136448
-0.2840825
0.4734402
-0.2329114
-0.2460047
0.09300202
-0.06821034
-0.07309833
-0.2109069
0.3784632
-0.04188828
0.4009365
0.0219244
0.1945966
0.07362645
0.06252181
-0.262321
-0.1770758
-0.07967497
0.2731756
-0.00761181
0.2810094
-0.3088928
0.2645218
0.01724314
0.1921967
-0.2887298
0.134891
-0.2504993
0.175527
-0.01197637
0.05848595
0.1521615
-0.06602995
-0.1168432
-0.1200651
0.09210595
0.03386767
0.03121901
0.03929834
0.3068309
0.2292958
0.2907018
0.3722845
0.3728964
0.1898815
0.2541773
0.1991459
0.1619817
0.1897747
0.2680611
0.05485539
0.2254744
0.1630083
0.2020803
0.09112702
-0.1840759
0.1691777
0.005396907
0.007136334
0.06396809
0.1563862
-0.2833516
0.3024696
0.430867
0.5914727
-0.1288109
0.1141854
0.1345342
0.08381197
-0.1374243
0.143842
-0.04847386
-0.03068648
0.2608412
0.1311216
0.1863708
0.07230828
-0.09138822
0.04008115
0.1187106
-0.1379163
-0.4466853
0.132095
-0.04762375
0.1179846
0.0472236
-0.05478171
0.1593912
-0.2041066
0.1315802
-0.3408119
-0.05406436
0.1828479
0.07714962
0.2912316
0.1316254
0.1412265
0.08083075
-0.1487573
0.1639821
-0.07265991
0.2828682
0.2810835
0.1434817
0.1460797
-0.125557
0.117381
0.05705815
-0.05122746
0.1350393
0.2401242
0.148776
-0.01096137
0.2964291
0.6115844
0.1407194
0.6886846
0.3942345
0.0197003
-0.1339622
-0.2617761
-0.1639756
0.2320037
-0.0143243
-0.1233805
0.07252483
0.01906423
0.03197781
0.03905326
0.09221626
0.2275807
0.1421788
0.1989044
0.2208481
0.2743459
0.3189157
0.4380991
-0.01917433
0.09574058
0.2096852
-0.3716178
-0.324295
-0.04302676
-0.219644
0.1076714
0.2829993
-0.1381772
-0.1250826
-0.1514516
-0.01089995
-0.06281291
-0.04248992
0.4541977
0.2198723
-0.05533003
0.06831538
-0.04393979
0.1164186
0.592007
0.3702271
-0.1034555
-0.0717998
0.243917
0.1456006
0.07519391
0.02957691
0.08174664
-0.1619091
-0.3208191
-0.2174063
0.4807199
0.3496267
0.4476581
0.2423693
0.228124
0.006329068
-0.19598
-0.1400652
0.0330703
-0.03175054
-0.2931924
-0.3551066
0.1014632
-0.02747534
-0.4412702
0.4050823
0.2713813
-0.01504858
0.2551785
-0.1472534
0.05334964
-0.3048932
0.2493292
0.4145375
0.3533422
0.5761238
0.1325041
0.2134513
-0.1345037
-0.1181993
0.01518001
0.2116844
-0.06160697
0.007261088
0.09202348
0.1436114
-0.08138498
0.175357
0.09416815
0.08779264
-0.1373561
-0.07833127
-0.09125142
0.098763
-0.0234244
0.03933866
-0.1198562
0.004165216
-0.2645261
-0.2114075
-0.4020551
-0.09221151
-0.05881776
0.05573065
-0.1487283
-0.256029
-0.01984756
0.1090259
-0.142271
-0.1512544
-0.1211979
0.1785932
-0.2561226
-0.1638673
0.3683485
0.1000554
0.4881673
0.5971572
-0.07406582
0.3068091
0.1189101
0.3873747
0.3290488
0.2398064
0.1526761
-0.3507204
-0.02192165
-0.2313882
-0.1064227
-0.1280343
-0.117101
-0.2895835
0.1342094
-0.1528764
0.03144298
-0.3214639
-0.2885202
-0.4635453
-0.01268093
-0.3740907
-0.06796569
-0.3224777
0.05580796
-0.1646462
-0.10592
-0.1206881
-0.06097285
-0.06494339
-0.1057928
-0.07944571
0.0953052
0.5044537
0.4382071
0.3725297
0.03448337
-0.1051951
-0.02347465
0.3186989
0.1092021
0.004304049
0.07548359
0.07670479
0.09543153
-0.007868018
0.1106364
0.4897273
0.2510195
0.04166978
0.01386405
0.3499581
0.3409882
0.429946
0.04496386
0.04727283
0.01114271
-0.357918
-0.1653153
0.1857828
0.2010153
-0.2139575
0.05014765
-0.1869158
-0.1282164
-0.2042908
-0.1174608
-0.2453413
-0.05737862
0.3204043
0.2409997
0.07072878
0.3726659
0.03693658
0.1029923
0.5732913
0.3966906
-0.226649
-0.07533699
-0.1084803
-0.009830515
0.2225847
0.1707427
0.3342929
-0.2634964
0.05942972
-0.2392919
0.4909348
0.6515243
0.4421577
0.215484
0.3911516
-0.1039626
-0.1365187
-0.01297947
-0.07592729
-0.07285784
-0.08534799
-0.2694539
0.03149728
0.08730164
-0.514095
0.4764257
0.167965
-0.08064976
0.2068832
0.04159426
0.1573251
-0.4644145
0.1010642
0.3782215
0.2138715
0.3757637
0.06932141
0.09776595
0.07132859
0.3161137
0.08672084
0.1108492
0.1625242
0.2990519
-0.002662385
-0.08994197
0.2009832
0.2247227
0.0119755
0.1325739
-0.0318439
0.3284799
0.06317831
-0.007227396
-0.07532823
0.174493
-0.305736
-0.2438569
-0.2333151
0.1119204
0.04006261
0.1731229
0.09828939
0.08744164
0.2172582
0.3853504
0.02159726
0.005046712
-0.04992093
0.1789307
-0.1383138
-0.2633666
0.3216556
0.2015175
0.1227262
0.209815
-0.3166884
0.1922311
0.09857867
0.3639614
-0.008680841
0.01439868
-0.0129915
-0.5675692
-0.1457792
-0.5232465
-0.05186975
-0.1594527
-0.04541616
-0.1215403
0.1875339
0.1337727
-0.2566389
-0.3477886
-0.2696716
-0.4190153
0.1078883
-0.3103388
-0.004684379
-0.09765002
0.1673885
-0.2055894
0.0105002
-0.3312651
-0.08340919
0.03614783
-0.08561133
-0.04265044
0.419458
0.1687627
0.1390709
-0.02928753
0.009804059
0.2982473
0.2486247
0.1224361
0.2716047
0.4087907
0.3724373
0.2394058
0.3044753
0.4303439
0.330884
0.1493204
0.07772898
0.1940027
0.4429735
0.3515539
-0.1027544
0.04344382
0.1137535
-0.478124
-0.3131854
0.008323976
-0.06866413
-0.02821752
0.1145247
-0.09925336
-0.1322168
-0.05141242
0.1384882
-0.02225444
-0.0750085
0.3113714
0.2089843
-0.04798447
0.1224313
0.01858318
0.07239658
0.6085967
0.389299
-0.2282428
-0.03240158
0.2861305
0.1898459
0.1609669
0.08894602
0.05542292
-0.193254
-0.2541951
-0.3386296
0.3440225
0.3059618
0.202482
0.1337042
0.2270364
0.1484448
-0.0818428
-0.2960555
-0.02208632
0.007091291
-0.1197842
-0.3298464
0.2029717
-0.1014689
-0.3130973
0.2760258
0.1176271
-0.08084838
0.2988226
-0.0222276
0.296655
-0.1959839
0.1879218
0.0781128
-0.2135875
-0.1829029
0.1569008
0.1488837
-0.1682557
0.08440022
0.2500227
0.2043541
0.1889701
0.3172659
0.3682042
0.2916495
-0.07802547
-0.03362316
0.004816215
0.2208462
0.2192151
0.03606886
-0.1121611
-0.08209341
-0.4245007
-0.2921611
0.007399369
-0.0034813
-0.1494943
-0.04177452
-0.06489073
-0.1825181
-0.02262839
0.1070671
-0.240923
0.02047244
0.05569118
0.05418166
0.006381579
-0.1538737
0.07063889
0.0005461403
0.5610881
0.2444232
-0.1413175
0.05131363
0.05740246
0.2440577
0.2828004
0.2498508
0.2703479
-0.348033
-0.1874435
-0.2673216
0.2562207
0.2864633
0.2905607
0.1578287
0.2083827
0.00942248
-0.1367553
-0.2930849
-0.08278472
-0.2569098
0.03885844
-0.2165444
0.1757739
0.07188784
-0.2492448
0.1345582
0.08794725
-0.1746047
0.1090838
0.2472794
0.0896874
-0.196755
0.7066755
0.4845009
0.5288108
0.7124125
0.6420973
0.4097065
0.4813235
0.5177775
0.5376559
0.1615765
0.1848985
0.5357664
0.4696691
-0.3678092
-0.356081
-0.02613788
0.3403477
0.1493897
-0.1944919
-0.1789822
-0.2205163
-0.4536237
-0.2776282
0.1876875
0.3694631
-0.3784503
-0.3939228
0.01201938
-0.01926025
0.008269901
0.03315669
-0.01120653
-0.08250594
0.09765619
0.03921919
0.1000786
0.1209056
0.09517739
-0.2358096
0.1925259
0.1193888
-0.3293811
-0.02331841
-0.06398173
-0.1084788
0.01436753
0.001857814
0.2997905
-0.3047959
0.146403
-0.3056603
-0.05242357
0.1502178
0.04628581
-0.1092771
0.464317
0.1706602
-0.05291274
-0.1501359
0.006089883
-0.2157757
0.1706276
0.1782679
0.147124
-0.0006788645
-0.1128091
-0.0237319
0.2700725
-0.1922285
0.1825386
-0.1265913
0.1464824
0.04386316
0.673689
0.6903888
0.5479446
0.7973576
0.5687262
0.5978961
0.6412553
0.6831745
0.3399115
0.2243735
0.4866008
0.5217866
-0.2591196
-0.1337997
-0.03238412
0.4701569
0.07556708
-0.2085191
-0.108276
-0.07096004
-0.3985269
-0.317679
0.005695324
0.2947201
-0.2966322
-0.1884569
0.1131869
0.05363294
0.09576752
0.2410539
0.01407599
-0.1582774
-0.02105445
0.0689283
-0.08029631
-0.03757565
0.3603819
0.02039228
0.1291034
0.1576849
-0.3735994
0.08586259
0.01588893
-0.003799166
-0.124003
-0.116205
0.03043776
-0.415781
-0.04147219
-0.4879819
-0.3671421
-0.1298165
-0.2085642
-0.2337206
0.3854987
0.3725082
-0.1337466
-0.3779443
0.1207811
-0.2227743
0.09137193
0.04039791
0.2146235
-0.2119629
0.1735407
-0.214312
0.16459
-0.2695846
0.05291698
-0.005865661
0.05230927
0.05043759
0.8710166
0.5335703
0.6299611
0.7863793
0.4171171
0.2971586
0.317089
0.2003508
0.02980226
0.1573042
0.3171885
-0.1081452
-0.08412528
-0.1407774
0.2134788
-0.100727
-0.3582237
-0.05608027
-0.02207297
-0.1900887
0.03993944
0.2429946
0.4203188
-0.2376951
-0.1626077
0.13655
0.2332887
0.03500875
0.06194256
0.1938421
-0.09392016
-0.0875342
-0.123289
0.1624855
0.1634366
0.0915669
0.09725558
-0.0818516
-0.005645747
-0.2521902
0.07876212
0.03028305
-0.115135
-0.2284159
-0.2750733
-0.03202141
-0.1231296
0.02877105
-0.284949
-0.3949794
-0.09271592
-0.2828848
-0.1797797
0.1149199
0.3769761
0.008236122
-0.1790205
0.2436049
0.004113919
0.2408893
0.2209171
0.322977
-0.1887441
0.2937112
-0.04608992
0.1511099
-0.07474085
0.1156519
0.05972995
0.1348704
0.2128255
0.5674002
0.6535514
0.7272833
0.5782092
0.3281374
0.3652591
0.1922265
-0.03799042
0.2145512
0.3266976
-0.05658273
-0.003128533
-0.08060145
0.3268747
-0.02809293
-0.2477299
0.05648986
0.1365663
-0.2743506
0.01047361
0.1459223
0.4410326
-0.277164
-0.1053072
0.05756411
0.1181733
-0.07556592
0.02825947
0.1079417
-0.09350148
0.06749355
0.05375757
0.06176485
0.1048319
0.2170738
0.1560854
0.01828872
0.04050573
-0.4112627
0.1592841
0.07307463
-0.09999296
-0.1323524
-0.2259258
-0.01712101
-0.2740288
0.04336562
-0.3531388
-0.3991511
-0.107924
-0.303773
-0.1364122
0.1428754
0.3197687
0.01583711
-0.1987699
0.2929207
-0.02245448
0.2961456
0.2265209
0.373037
-0.1670908
0.2650722
-0.07901239
0.2628539
-0.1829352
0.164799
0.03920117
0.004163943
0.1597956
0.5523948
0.5084623
0.503743
0.4102569
0.3596411
0.2555677
0.1130137
0.4475172
0.4548838
-0.06992678
-0.1102426
0.05200821
0.3584088
0.2186738
-0.1103098
-0.07983701
0.008458096
-0.4401413
-0.2018487
0.2355301
0.3220715
-0.1885936
-0.1730701
-0.1214031
-0.02135071
-0.1100613
-0.01034538
-0.02704281
-0.1562784
0.1978935
-0.0830204
0.2710924
0.2289323
-0.1053101
-0.2117655
0.3508791
-0.02843194
-0.4627994
-0.1155225
0.185736
-0.1682665
0.07448068
0.06397696
0.2732951
-0.2157657
-0.02990298
-0.3582533
0.1026538
0.3211475
0.1834384
0.1736674
0.4666679
0.3568138
0.0424325
-0.1765589
0.3756132
0.05332324
0.2204539
0.2817755
0.3247302
-0.02356578
-0.1081814
0.3210834
0.3695804
-0.02683044
0.2979403
-0.1474546
0.1247427
0.09863952
0.5689903
0.7227532
0.6258693
0.6891791
0.3149652
0.2814301
0.4561165
0.5963479
-0.04850967
-0.04455392
-0.2305578
0.5235795
0.05176238
-0.07003017
-0.2468049
0.02133627
-0.5088405
-0.264271
-0.1240197
0.2667651
-0.2735398
-0.06613467
-0.05422242
-0.005344709
-0.02093293
0.2492745
-0.007740699
-0.1155475
-0.04439122
0.008644337
0.01218084
-0.01244006
0.242068
0.07693834
0.1493092
0.2021932
-0.5803004
0.05535986
0.1383462
-0.002738449
-0.2501605
-0.06827854
0.1306934
-0.3886149
0.04379558
-0.5925778
-0.2278033
-0.0230237
-0.1437415
-0.0950735
0.3219775
0.5238275
0.1112261
-0.436977
0.2274253
-0.2154969
0.1609064
0.02105037
0.3382674
-0.1722941
0.188948
-0.1012472
0.180236
-0.2507304
0.09483047
0.02315844
0.1707558
0.1379328
0.420509
0.2159371
0.2606531
0.1296854
-0.09676441
0.08296181
0.1433532
-0.02564393
-0.09576002
-0.0656356
0.1954661
-0.06851883
-0.2652915
0.03368729
0.1593538
-0.2582251
0.01400534
0.1311741
0.4478442
-0.2461151
-0.07933617
0.08328148
0.341549
0.06209351
0.1466316
0.1696864
-0.02745195
-0.05741125
-0.1820225
0.1830352
0.1621614
0.2522222
0.2493128
0.05385887
0.1972701
-0.3655744
0.05576175
0.04177774
0.03291454
-0.1231101
-0.2626213
0.1249404
-0.2137914
0.08187716
-0.383296
-0.1749071
0.04762128
-0.09593925
-0.2068938
0.1781585
0.2863684
0.03049379
-0.1878984
0.1749712
-0.04153599
0.2345551
0.03472593
0.2959365
-0.2713541
0.1107781
0.1243101
0.1258105
0.0286823
-0.0104522
-0.08811166
0.04032755
0.116545
0.6529349
0.7304795
0.3448333
0.2780768
0.4709646
0.5795785
-0.04785027
0.09142869
-0.1523802
0.5899505
0.2758573
0.07154063
-0.1073534
0.2257027
-0.4517298
-0.3570809
-0.1514973
0.07406977
-0.2299349
-0.122255
-0.1699127
-0.1927545
-0.1069656
0.09293334
-0.09844474
-0.02893043
0.07802333
-0.008280457
-0.05826046
-0.06201975
0.0945787
0.1076848
0.1364121
0.06053739
-0.4778195
-0.01696174
0.1154739
-0.0414353
-0.2074462
0.1117477
0.04599968
-0.2618903
-0.05466134
-0.3918695
-0.09099591
0.02591943
-0.1124795
0.07956592
0.3126637
0.3649263
0.01814367
-0.3081867
0.2672184
-0.02735509
0.07742468
0.04901639
0.3576804
-0.002472568
-0.02379534
-0.04149209
0.3097933
-0.3179423
0.1159466
0.007741636
0.03476537
0.1614234
0.9034703
0.6824371
0.6753134
0.777326
0.8179586
-0.1463623
-0.06719942
0.02618663
0.6108106
0.307211
-0.08902783
-0.1538372
-0.1622366
-0.4046922
-0.4081569
0.0597444
0.06969412
-0.3971513
-0.3263018
-0.08130761
-0.1938273
0.007809339
0.1658399
-0.04299024
-0.1139183
0.03448274
0.04778941
-0.09019723
-0.09357065
-0.003760091
-0.1452008
0.08573805
-0.0320772
-0.2691787
-0.03804085
0.03618701
0.01940486
-0.06342662
0.2423965
-0.03877333
-0.1905627
-0.1447208
-0.320311
-0.06057999
0.02815689
-0.00279028
0.1268142
0.3777485
0.4313754
-0.2307186
-0.2948771
0.09422205
-0.01904075
0.04478218
0.001157445
0.3012761
0.1078295
-0.06096397
-0.09819117
0.1171597
-0.1727047
0.2871283
0.1182729
0.2448341
-0.04333463
0.5935463
0.554843
0.7110739
0.7964336
-0.163643
-0.008528033
-0.1494738
0.6550295
0.2710182
0.03084585
-0.2544906
-0.03580512
-0.4944719
-0.386755
-0.1005419
0.06932667
-0.3587463
-0.2133242
-0.06410826
-0.1911642
0.01144138
0.1601729
-0.03247876
-0.1137608
0.006430201
0.05268818
-0.09225082
-0.1921038
0.1116159
-0.01282158
0.08584495
0.1071067
-0.4119029
0.0650062
0.005200533
0.01853917
-0.1786268
0.2180775
0.04355152
-0.3250225
-0.02025016
-0.4653638
-0.06901857
-0.04598317
-0.04245726
0.05778481
0.413882
0.4174843
-0.1590007
-0.3829174
0.06285114
-0.1200714
0.06429382
-0.1340628
0.2788821
0.08120248
-0.01898774
-0.1448863
0.1537075
-0.2625208
0.1702618
0.105079
0.2423349
-0.04521128
0.7228749
0.6001359
0.6833509
0.06390677
0.06701535
0.04835636
0.3986973
0.1982711
-0.04965203
-0.06462646
-0.1403068
-0.2226176
-0.07347247
0.3002824
0.1593695
-0.2212076
-0.05195317
-0.009401912
-0.05489164
-0.1784023
0.04352648
-0.03391188
-0.03534227
0.08438614
-0.06456324
-0.03675899
-0.01228147
-0.09649913
-0.02182807
0.06026902
-0.1935831
-0.1625234
0.06296957
-0.1016992
-0.1010147
-0.06528739
0.2035126
-0.1115549
-0.06919826
-0.1635222
-0.2426784
0.01142416
0.1513936
0.140109
0.2972962
0.1863988
0.4207546
-0.1638047
-0.2313289
0.175967
0.01990468
0.0006687586
0.01786995
0.23589
0.262137
-0.1087451
0.07631897
0.07231985
0.132811
0.1991538
0.2133797
0.2377591
-0.1551809
0.6331522
0.6983636
-0.1519603
-0.135576
0.01222629
0.2479104
0.1787663
-0.1096109
-0.1602915
-0.3458288
-0.180572
-0.2280344
0.1913149
-0.00401712
-0.2434927
-0.202721
-0.08630043
-0.2163941
-0.07291108
0.08044357
-0.06660786
0.02015573
0.1044976
0.01678928
-0.1834037
-0.04157457
-0.1609383
-0.1699444
0.1135579
-0.05628104
0.02129386
0.02145525
-0.1008805
-0.07104348
-0.03829721
0.3599857
-0.1449403
0.08835352
-0.1563608
0.01093229
-0.03454376
0.09964815
0.03897063
0.170029
0.1649781
0.2066434
-0.07853175
-0.01213555
0.03355079
-0.06959813
-0.1537569
-0.03192882
0.1888088
0.1981251
-0.1874127
-0.06928747
-0.07629626
0.1636194
0.2387493
0.1174531
0.2931489
-0.1891754
0.8285139
-0.1113168
-0.0073934
0.2259651
0.5541665
0.3947242
-0.04957937
-0.1156307
-0.1983567
-0.3456843
-0.3427949
0.266354
0.1997982
-0.323767
-0.1989631
-0.1834159
-0.2159427
-0.07702697
0.1321566
-0.1508202
-0.05112473
0.1301303
0.0901737
-0.1211093
0.09587944
-0.05264877
-0.1413973
0.2795198
-0.02362117
-0.2391847
-0.03936618
-0.155975
-0.01199013
0.08936756
0.3605062
0.006069685
-0.2919919
-0.1061153
-0.3279751
0.1598989
0.3863529
0.2193419
0.2270077
0.4669291
0.3152112
-0.250095
-0.0990466
0.117689
0.03089553
-0.08902695
-0.03425822
0.1938359
0.184368
-0.3362315
0.1936891
0.1079502
-0.1347219
0.2315388
0.09146176
0.3104465
-0.3351931
-0.06148443
0.06660116
0.02105157
0.6083085
0.2729901
-0.02901501
-0.2077298
-0.1187871
-0.3701535
-0.3311989
0.1759006
0.1718959
-0.2927805
-0.202661
-0.1652854
-0.2407624
-0.1951274
0.04010061
-0.1018864
-0.064802
0.05310597
-0.04875135
-0.06914973
-0.03089073
-0.03127096
-0.05599828
0.09714001
-0.06379
-0.2809687
0.0580126
-0.01885912
-0.01685005
-0.1264258
0.358729
-0.1045921
-0.2358465
-0.1221645
-0.4095024
0.05280149
0.2081675
0.1018642
0.309425
0.4330987
0.4491359
-0.2254411
-0.1817604
0.1747855
-0.02233779
0.02473925
-0.03312426
0.2782196
0.1421262
-0.1090432
0.1064667
0.1641412
-0.1117113
0.3241066
0.1711389
0.3696873
-0.1601711
0.6756974
0.006244296
0.2109752
0.1512449
0.08703019
0.2727533
0.4317008
-0.2376831
0.0639589
-0.007226338
-0.06418472
0.4328682
0.565093
-0.09945662
0.000470013
-0.2127173
0.06641846
-0.02886336
0.03887973
0.1010819
0.2137983
0.1543515
0.2198061
-0.008320642
0.4324521
-0.01159243
-0.1188329
-0.2988442
-0.04949456
0.2332408
0.08380279
0.036713
-0.08897178
-0.03278489
-0.07811472
-0.1936228
-0.3641188
0.2849302
0.2296004
0.269346
0.4655125
-0.02994538
0.3171393
0.02185106
-0.347779
0.1411238
0.2058069
0.1136868
0.05620106
-0.07166844
0.2864933
0.1014957
0.3377033
0.04101322
-0.005188351
0.06774834
0.2974348
0.03700806
0.128643
0.1225482
0.4720382
0.3667571
0.1695053
0.3371151
0.6093581
-0.1688927
-0.1342395
-0.08224616
-0.168777
0.3019725
0.4838105
-0.001661017
-0.07403427
-0.3427363
-0.09322653
-0.1682689
-0.06879265
0.1428471
0.1433593
0.02284818
0.03459353
0.01578295
0.3345509
0.01305794
-0.01697177
-0.2732758
-0.1471088
0.2190067
0.2015146
0.06162201
-0.09042234
-0.1542038
-0.2051055
-0.357604
-0.3971568
0.2191088
0.05310826
0.1656273
0.3968605
-0.01742582
0.1253812
-0.1482456
-0.3580728
0.1863528
0.2028636
0.02587967
-0.07667435
-0.04046043
0.205897
0.08022876
0.1390813
0.1182408
-0.1432032
0.03619709
0.3483121
-0.00226263
0.04519595
0.2339641
0.5195111
-0.09627082
0.5051668
0.02661816
0.3377965
-0.1292768
0.3456301
0.1233128
0.00309021
-0.06493197
0.06153128
0.002551694
-0.1378609
-0.1101016
-0.128778
0.1261209
0.2830001
0.2249581
-0.06557946
0.3421669
-0.03338341
-0.06855149
0.1531373
-0.05284188
0.2140367
-0.2343191
-0.01774381
0.006268803
0.2594573
0.04016481
-0.301267
-0.1037669
-0.2572435
0.1143231
0.2141937
0.2563956
0.1537361
0.02268364
-0.003190189
-0.2848296
-0.2976209
0.251622
-0.07974851
0.1960358
-0.2860361
-0.1032711
-0.09242065
-0.04939271
-0.2433133
0.1886243
-0.001677281
-0.02560674
0.07066813
-0.09845152
-0.01594932
-0.3302567
0.5107808
0.1634159
0.06563634
0.2797953
-0.4696212
-0.3025411
0.005023025
0.1566881
-0.205639
0.09240413
-0.04459888
-0.155699
-0.2674177
0.05040527
-0.2138413
-0.192793
0.2335963
0.1811068
-0.007365737
0.05296559
0.06018826
0.08213309
0.221894
0.1412412
-0.48384
-0.1209476
0.1413323
0.1432923
-0.04763436
0.04488676
0.0001990719
-0.4597362
-0.1307302
-0.6193729
0.2006848
0.2013527
0.1736874
0.264008
0.4062748
0.288627
-0.2164496
-0.5265068
0.114086
0.01481008
0.06123537
-0.2230081
0.234906
0.1110582
-0.1092068
0.0694343
0.2109273
-0.3296806
0.1958708
0.1922146
0.1295051
-0.1329776
0.02153707
0.3735359
0.2742143
-0.1939795
-0.4049249
0.06604967
-0.1218087
-0.127551
-0.0002274467
0.07711044
-0.103102
-0.1487288
-0.1960603
-0.1370882
0.070645
0.4644763
0.2352381
0.03960707
0.1527972
-0.1565316
0.06660325
0.2057687
0.07577373
-0.1600222
-0.2596895
0.07915097
0.0003878834
0.1139252
0.1233324
0.112062
-0.1687428
-0.2327383
-0.1266351
0.4430687
0.3217696
0.2604199
0.2393095
0.2150001
-0.04371125
-0.3173872
-0.178486
0.005936687
0.1389529
-0.07707596
-0.1315695
0.1648631
0.1478544
-0.2814026
0.2826151
0.2558232
-0.2204372
0.3006573
0.1762085
0.08447702
-0.1664334
-0.2541272
0.2167517
0.220569
0.3977353
-0.2913208
0.1283956
-0.007197079
0.2403492
-0.2032708
-0.261983
-0.2582874
-0.238784
-0.29103
-0.2860136
-0.1535074
-0.01070479
0.01491362
-0.1405485
-0.08219721
-0.002888067
0.04405528
0.001516259
-0.2717091
-0.01433115
-0.1067286
-0.06065417
-0.05899399
0.2347588
0.3385479
-0.257404
0.4435539
-0.2236419
0.2035384
0.1495264
0.03551337
0.1888896
0.1635488
-0.09311815
0.332734
-0.1651823
0.002629803
-0.09330437
0.004573151
-0.1342899
-0.0592298
0.0946524
-0.1191858
4.06313e-05
-0.1914691
-0.1449295
-0.14626
0.09488987
-0.03271094
-0.05658226
0.5163259
0.07066531
-0.1118826
0.0955246
0.04827913
0.05664867
0.05359703
0.1759266
0.02186899
-0.1960147
-0.1172857
-0.1665472
0.3002627
0.1984437
0.2512798
-0.05721451
0.1231645
0.1541218
0.207795
0.08593173
0.03048268
0.04550718
0.07132786
0.1688409
0.1040398
0.3285759
-0.06161818
-0.1829878
-0.1058755
-0.2915924
0.0653112
-0.02292576
-0.09382811
0.00728547
-0.08233735
-0.1688277
-0.3507195
-0.2723904
0.01292905
-0.1214875
0.1547744
0.09986537
-0.07801806
-0.1047329
-0.1246712
-0.05878758
0.1378725
0.1568235
0.02777277
0.02751386
0.03443902
-0.1248062
-0.1092098
-0.1758334
-0.05663636
-0.31193
0.02826414
0.06558674
0.3857632
0.05625676
-0.01022246
-0.241911
-0.0300556
-0.09771204
0.05259446
0.07781766
0.1231324
0.08756427
-0.06796395
0.2886163
0.5102324
0.1811054
0.235748
-0.4632042
0.1803045
0.2369266
0.2138789
0.06843366
-0.05051483
0.06454608
-0.3740603
-0.07377199
-0.3980289
0.0781218
-0.09367257
0.08470215
0.1063732
0.02336126
-0.04866594
-0.08319744
-0.2766091
0.06091143
0.01194997
0.1906288
-0.2325263
-0.01557258
-0.1204295
0.03897046
0.156801
0.1940606
-0.1206226
-0.06446171
0.1098207
-0.1516562
0.1063632
0.4675053
0.1281497
0.05488597
0.09893673
-0.1132463
0.04710037
0.06710589
0.0336509
-0.1956815
0.08708161
0.06450149
-0.2433889
-0.1583448
-0.05644122
0.01482619
-0.2245534
-0.2171165
-0.4231219
-0.3180508
0.5545681
-0.09682627
-0.2596553
-0.1003914
-0.09255876
0.05492333
-0.3108726
0.3220827
0.1529373
0.5587767
-0.1759773
-0.128939
-0.2907829
-0.2331755
-0.3666876
-0.3582124
0.09194863
0.531375
-0.1384743
0.1548608
-0.3069511
0.05353302
-0.213765
-0.1443261
0.02237363
-0.1450069
-0.3744594
0.1013122
-0.1924959
-0.1272491
-0.09844242
-0.002013073
0.2404214
0.5556169
-0.05554137
0.1791921
-0.04420436
0.1436703
-0.2094571
-0.1992314
0.08196027
-0.1409312
-0.1158781
-0.1101541
0.1735797
0.1224093
-0.09670936
0.05524847
-0.103371
-0.09726938
0.03767141
0.2446603
-0.2736506
-0.04376421
-0.02599122
-0.08423744
0.1443153
0.06725622
0.6086489
0.08894058
-0.1289874
0.07030487
-0.1773943
0.0288785
-0.1747388
-0.09858907
0.4410508
0.1022241
-0.02140875
-0.04465294
0.1809805
0.03603698
0.001023881
-0.02985379
0.0003089685
0.01062291
-0.2809995
0.2152598
-0.1512822
0.08466073
-0.01226072
-0.1007574
0.5204489
-0.140226
-0.1679984
0.2821574
0.3354151
-0.1040962
0.00171067
0.04465797
0.1009872
0.2939861
-0.1418696
0.1987264
0.3510303
-0.3699583
-0.2066586
-0.02793258
-0.3457218
0.2124417
-0.2194036
-0.206129
-0.04396284
0.006912513
-0.205287
-0.1831444
0.1476761
-0.1115811
0.1079749
0.1351915
0.4442528
0.2920632
0.2799005
-0.008610347
-0.00698306
-0.1866004
0.2363981
0.106493
0.1499509
-0.1382152
0.3079204
0.1247338
0.2318289
-0.3401332
0.2845922
-0.04264283
0.1322875
0.2090485
0.09710857
0.1986636
-0.226278
-0.3413819
-0.0516432
0.1023176
0.2510091
-0.2126713
0.05613897
-0.004442037
-0.02242125
0.05426126
-0.0272621
0.1476395
0.2266649
0.130505
0.1064683
0.1232037
0.002102326
-0.3165274
0.2423105
-0.2725947
0.0887199
0.02056496
-0.0794287
0.1366364
-0.3774611
0.4294828
-0.3557282
-0.08982933
0.2902663
0.03768935
0.07998785
0.2026663
-0.004721
0.1428785
-0.01734815
0.0125466
-0.2499276
0.2757338
0.01203442
0.1677589
-0.1434375
-0.1035758
0.1158697
-0.1439249
0.02759042
-0.02233115
0.1106965
0.1449882
-0.254261
0.4447261
-0.09358907
-0.1340176
0.1205112
0.1564184
0.129402
0.2111135
0.05143789
0.1012297
-0.05151411
-0.05116742
-0.1076647
0.06714622
-0.08557122
-0.2085667
0.1335334
-0.1506874
0.2706361
-0.04424046
-0.07281066
-0.04795834
-0.2891021
0.1384718
-0.2805834
0.01754429
0.09625649
-0.1026788
-0.08720923
0.07167151
-0.2628644
-0.01247494
0.1876671
0.006010197
-0.06290447
0.1645966
-0.1364284
0.09916399
-0.2520047
0.09604376
0.1573554
0.03445313
-0.01871148
0.000869972
-0.06745416
0.005095116
0.02712897
0.258762
-0.004109266
-0.03264104
-0.1228844
0.1657846
0.04221873
-0.1128286
0.1132519
0.2099792
-0.1593569
-0.09011868
0.1718328
0.4000765
0.0698968
0.1116423
-0.3109492
0.09826566
0.1809856
0.1319172
-0.1107573
-0.1672812
0.04145998
-0.2229562
-0.03134191
-0.3949389
0.08092395
0.007047424
0.01957979
0.1490993
0.05859455
0.1197354
0.1635331
-0.242194
-0.02106093
-0.1006658
-0.07941827
-0.1828995
-0.1186943
-0.01096621
0.04310999
0.1538098
-0.06591506
-0.1096402
-0.1350534
0.1448093
-0.01052021
-0.007470764
0.634417
0.2495099
0.1049171
0.1729374
0.1944311
0.1792468
-0.04522472
0.06252139
-0.03766505
-0.09682887
-0.04093972
-0.2100349
0.05159941
0.1018982
-0.2792203
-0.08084489
0.04573198
-0.1645806
-0.4252213
-0.09733313
0.006835351
-0.1859103
-0.0127041
-0.1672505
-0.1303245
-0.02879134
-0.137352
-0.1851551
-0.1060299
-0.2241337
-0.127372
-0.2530731
-0.2082734
-0.1726615
-0.01647876
0.1155982
-0.03376829
0.01361112
-0.2456095
-0.02682992
-0.05316248
0.07148298
0.1668398
-0.02089377
0.02788181
0.3743977
0.2769318
0.3483548
0.1193645
0.2426443
-0.1141184
0.2021427
0.1409245
-0.1429784
0.02080494
-0.1471294
0.0420221
0.01722218
-0.2958614
-0.1111551
0.1125113
-0.2142625
-0.5045339
0.02810851
0.05151381
-0.08875782
-0.03568372
-0.04736054
0.03851671
0.1285514
-0.0725414
-0.1400427
0.1300683
-0.1348802
-0.06295172
-0.01735451
-0.1872961
-0.1187765
0.03077222
0.1492124
-0.05492168
0.03986886
-0.0769642
-0.009733787
0.1540593
-0.04445453
-0.06474728
-0.1609401
0.004925096
0.5988996
0.4025098
0.1662404
-0.0189888
0.07624211
0.03437999
-0.2634442
-0.1842442
-0.2738309
-0.2363285
-0.145911
0.1178838
-0.2979554
0.06837142
-0.001858702
-0.261214
-0.2132042
-0.01877369
0.1435736
-0.1737782
0.1888537
-0.1845563
-0.2682751
-0.1540469
-0.3652176
-0.1260506
0.05271117
-0.1191979
0.1240551
-0.1769929
-0.03008745
-0.1379155
0.09674493
0.04850812
0.02942896
0.1230322
-0.2659636
-0.06689373
-0.08984996
-0.08771838
-0.152031
-0.106193
0.1803369
0.2877105
0.2300291
0.05942894
0.1664302
-0.1079664
-0.1678434
0.08050857
0.02826466
0.01909296
-0.03880375
-0.2016558
-0.04761442
0.0452314
0.295478
-0.2118772
-0.2426578
-0.1784553
-0.2167797
-0.2803723
-0.2022535
-0.1593828
-0.147852
0.004033621
-0.1617802
-0.04869449
0.1713467
-0.04412993
-0.09272079
-0.02826042
-0.1781819
-0.234194
-0.04085205
0.03020233
-0.02844088
0.05131865
-0.1828198
-0.2240091
-0.1592826
-0.2116029
-0.109937
-0.1297872
-0.02739572
0.194005
0.07027282
-0.04445938
0.09026462
-0.1444327
-0.02739758
0.04044999
-0.2777987
-0.01497396
0.08494026
-0.01313143
-0.08453081
0.02757029
-0.2449513
-0.2999477
-0.01846384
0.04067414
-0.03898926
0.06838323
-0.0464345
-0.2293209
-0.1277632
-0.1676248
-0.1206796
0.1207588
0.008070854
0.1471219
-0.1744928
-0.1237069
-0.03271682
-0.06942113
0.08610331
0.01227108
0.02373375
-0.1244096
0.04983435
-0.01907518
-0.0103107
-0.1079546
-0.1185452
0.08585177
0.05436048
-0.09128728
-0.01055568
0.0321382
-0.04345481
0.05216151
-0.03786301
-0.1124842
0.18532
0.009780014
-0.0344466
0.07516192
-0.06306219
0.07214104
-0.3165093
0.1036209
-0.203075
0.2344454
0.03066766
-0.02559656
-0.03868588
-0.005506184
-0.3737872
-0.05234441
-0.01397025
0.2560541
-0.09477869
0.09404222
-0.1173515
0.07677336
0.09206455
0.1714401
-0.05824988
-0.00696302
0.02333739
0.2099243
-0.2269147
-0.04908276
0.108926
-0.1585479
0.3547464
-0.02432543
0.1939732
-0.1951942
-0.03235322
0.2773271
0.1108754
-0.1302796
-0.2376074
0.1754207
0.04957194
-0.119029
-0.2482319
-0.0182939
0.02331955
-0.1753376
0.004689237
0.2507828
0.2168034
0.2219548
0.2680709
0.03975418
-0.02075946
-0.1579215
0.0002299522
0.1356054
-0.01083527
-0.1405186
0.06109167
0.2954538
0.1577561
-0.2148761
0.08478005
0.3287336
0.03095857
0.3652419
-0.01242201
-0.07184486
-0.2235536
-0.125671
0.1944937
0.1452697
0.1831523
0.2670282
0.1474937
-0.2451707
0.1435541
0.2783121
-0.02976197
0.1784441
-0.04174845
0.02706468
-0.3076663
-0.1110599
-0.1626988
-0.09368043
-0.1411074
-0.1584793
0.01714251
-0.05441998
-0.09094712
-0.05130545
-0.1738582
-0.1471675
-0.1837025
0.05799976
-0.04307836
-0.1768947
0.01790155
0.1855478
-0.2436012
0.0831069
-0.2856199
0.09987402
0.05592089
-0.1879896
-0.0303801
0.2386654
-0.2601367
-0.003590023
0.08134035
-0.1408751
-0.255915
-0.1904035
0.1138987
-0.3554397
-0.03376072
-0.04112019
0.2374759
0.1131195
0.09976337
-0.05810909
0.2219279
0.2304719
0.2182353
0.2498276
-0.001774859
0.2234762
0.1284264
-0.007070641
0.2377127
0.2142606
0.2458326
0.2330596
0.0009387469
0.1907703
0.005689332
0.3325995
0.2252751
0.1558139
0.2349991
0.1794488
0.1725845
0.1268996
-0.07479647
0.1137732
0.2911785
0.003692987
-0.02796676
-0.1266915
0.03025487
-0.3541089
0.2185648
-0.1011346
-0.01760137
0.08447543
0.079686
0.07502431
0.1874241
0.4939592
0.1704225
0.243886
0.01242232
0.07971377
0.1018865
0.05610263
0.2136605
0.185239
0.04042684
0.1441422
-0.118215
0.1029841
-0.01403945
0.24769
0.08621644
0.2195397
0.01418268
-0.03105719
-0.04639555
-0.148513
0.5923791
0.203013
0.4368491
-0.2032389
0.5804502
-0.1316331
0.1821167
0.1162617
-0.06033808
0.05476941
-0.4889723
0.1814491
-0.3819998
-0.2735184
-0.2373906
-0.1184451
-0.2812955
0.1902092
-0.01856124
-0.02732587
-0.1879415
-0.07958924
-0.3012476
0.1868228
-0.3640715
-0.1331913
-0.3431952
0.2341829
-0.1268619
0.09820057
-0.07841633
-0.3054506
0.05541275
-0.1741141
-0.1734232
0.1842322
0.3904262
-0.2865903
0.4624795
-0.1000634
0.1530835
0.01517806
-0.0516665
0.03295566
-0.3573303
0.07056019
-0.3771696
0.07276301
0.05456593
0.01067605
0.107389
-0.0336167
0.05669259
-0.06065305
-0.2281136
-0.1087891
-0.2665147
0.1084946
-0.4084382
-0.08037456
-0.1911993
0.1102352
0.1744298
0.05418321
-0.09620069
-0.05609645
0.224753
-0.1351229
-0.1118295
0.518888
-0.2927566
0.20466
0.2214427
0.0933338
0.3828318
0.1761641
0.2323197
-0.3511738
-0.04543817
-0.2816832
0.1662616
0.3306995
0.237798
0.1414028
0.154735
-0.008790622
0.1216088
-0.2625504
0.1633472
-0.09218545
0.02075793
-0.2001633
0.1277445
-0.152163
-0.2725812
0.2242968
0.1946716
0.08740516
0.01872744
-0.09448464
0.02520683
-0.3009954
-0.1512429
0.2253249
0.0567043
0.3660027
0.1233777
-0.0307451
0.2471184
-0.3293748
0.1305532
-0.2489798
-0.06613177
-0.05268543
-0.01053459
-0.2827145
0.07356431
-0.2199678
-0.05722577
-0.305898
-0.3173691
-0.376745
-0.05495384
-0.578243
0.1140076
-0.3805812
-0.1362869
-0.06020422
0.07291089
-0.05142384
-0.05316568
-0.1607847
-0.1432984
-0.1863027
-0.1355498
-0.2366686
0.08742024
-0.04356247
-0.01011964
-0.343507
0.5883146
-0.1288979
0.7046193
-0.1082568
-0.0999759
-0.1180477
-0.1975859
-0.2921873
-0.3315244
-0.2203798
0.4360356
-0.2520678
0.2010397
-0.4333716
0.01914708
-0.09892218
0.03609725
-0.1765557
-0.136097
-0.2238053
0.2484368
-0.1175499
-0.1297104
-0.06464936
-0.09251713
-0.08827991
0.175417
0.2550967
0.3346987
-0.03414041
-0.3149631
0.3463877
-0.1547121
-0.2362658
-0.2257467
-0.1836026
-0.09840992
-0.03650965
-0.017155
0.1342734
-0.05112384
-0.01644337
-0.2383441
0.3726361
-0.1812551
-0.1498476
-0.3192811
0.2576265
-0.02055645
-0.03100469
0.02524513
-0.1897409
-0.05920334
-0.03970338
-0.1300979
0.001590233
0.04218749
-0.08767952
-0.1437336
-0.0240281
-0.3989558
-0.1446011
-0.05995609
-0.263155
-0.1326703
0.0659124
-0.08533858
0.1419339
0.03120978
-0.2067501
0.1725827
0.1674931
0.2451252
0.1936222
0.06434863
-0.1395612
0.3324987
-0.01437179
0.2395601
-0.05839142
0.1564797
-0.1634933
0.05926625
0.3582171
0.09902276
0.003752706
-0.09176361
-0.204211
-0.1515196
-0.2263058
-0.007806106
-0.1276551
0.05293845
-0.0043673
0.02184342
-0.09045169
-0.2441974
-0.2260925
-0.237434
-0.2586068
-0.09806115
-0.2919546
0.1220906
-0.1978811
-0.09708756
-0.1022296
-0.205586
-0.07531805
-0.1240569
-0.006766887
-0.01795155
-0.1218735
0.3113
0.1176403
-0.2374389
-0.05578755
0.03765726
0.1431392
0.09952025
0.07830707
-0.006816382
-0.05870252
-0.325372
0.07816643
-0.03874052
-0.07618798
-0.06777816
0.3214141
-0.02271763
-0.3755179
-0.09817115
-0.001249773
0.1028926
-0.04666786
0.02936181
0.007374791
-0.06785589
-0.1389608
-0.08977776
-0.0343981
0.003267383
0.1582253
0.09665391
0.1344066
0.1486085
0.05372404
0.2137184
0.09045556
-0.01217299
0.1059545
0.1272661
-0.0249296
0.09508834
0.1743092
-0.00707455
-0.02899174
0.02321532
-0.05462741
0.1916176
-0.001612894
0.07059253
0.0467949
-0.01092619
0.2204706
-0.06129786
-0.2266271
0.4980893
-0.2479316
0.2742062
0.2816908
0.2282124
0.03625479
0.4501451
-0.003942944
0.2365518
-0.3062843
-0.1000339
-0.2897147
0.2713664
-0.1349822
0.08079337
0.02885008
-0.2484446
0.155142
0.1635415
-0.08174124
0.04468274
0.1230299
-0.08235656
0.03939195
-0.0652936
0.6915117
-0.008423488
0.02660513
-0.09498236
0.1045354
-0.2252785
0.07483011
0.00489602
0.4062494
0.1511843
0.4638886
-0.2201297
0.3625761
0.09980856
0.254181
-0.018137
0.01659511
-0.1182677
0.465587
0.1399426
-0.02835252
0.1286448
0.1145125
-0.003428657
-0.03549896
0.1501958
-0.06578185
-0.083147
0.1829746
-0.06396958
0.3904386
0.03513701
-0.0901263
-0.1697625
0.2895129
-0.08763836
0.002370668
-0.1005247
0.01634455
-0.01902936
-0.05532242
0.1248185
-0.1501347
-0.03029196
0.01036701
-0.06994018
-0.1013342
-0.1425255
-0.1354374
-0.1954272
-0.4367775
-0.4227279
0.005776124
0.6524527
-0.09451059
0.2727982
-0.229246
0.2395265
-0.09004832
0.1136965
-0.04457441
-0.1282721
-0.07217482
0.2510212
-0.04185226
-0.2588898
-0.1932244
0.04323184
0.6654816
0.5994036
0.5242171
0.2156001
0.02233043
-0.0901263
-0.004738492
0.01451008
0.06058111
-0.09095492
-0.185098
-0.0751543
0.2462124
-0.4346215
0.6387319
0.05230199
0.01363425
0.2424977
0.07502962
0.1866369
-0.2405886
0.582874
0.5309535
0.2988067
0.1516173
-0.02328745
0.007386399
0.2029026
0.1688146
-0.1324155
0.0009840818
0.1539055
0.2114469
-0.5524205
0.6455842
-0.02173992
0.1127703
0.1820796
0.1478523
0.243959
-0.2764112
0.5070815
0.3597017
0.08782167
-0.2835511
-0.0783922
0.1930692
0.07366972
-0.05555622
-0.08795514
-0.01956364
0.2707541
-0.4036939
0.5859565
0.1946497
0.1554151
0.11594
0.07082572
0.09937729
-0.2586272
0.2823275
0.3992264
-0.06367583
-0.09938326
0.3660754
0.2023313
0.1110187
0.1504682
0.1237885
0.4444367
-0.1763598
0.4159882
0.1583206
0.2064171
0.2175765
0.3592227
0.2839564
-0.1341473
0.2878192
-0.1809522
-0.2808154
0.0924049
-0.1206225
0.1200681
-0.171142
0.1141288
0.07405672
-0.2342974
0.266083
0.1976357
-0.04364233
0.1300124
0.1902505
0.1598326
-0.2142555
0.01671338
-0.3567772
0.5361149
0.1900942
0.09570627
0.2661818
0.2952131
0.2410601
0.2382879
0.148735
0.1501177
0.1959359
0.1470452
0.1830453
0.3110268
0.1080191
-0.01032704
0.2094907
-0.03906137
0.2141493
0.2173154
-0.0145047
-0.06602186
0.1228917
-0.1018553
-0.1115553
0.07117329
-0.2647877
-0.04057424
0.07460892
0.1556878
-0.02450999
0.2425515
-0.2231333
0.1772207
-0.1488199
0.03998497
-0.1438841
0.05931394
-0.1009236
0.2447244
-0.06251309
-0.299992
0.01480526
-0.1614577
0.4886659
0.09942861
0.4851556
0.2437201
0.1484289
0.1590421
0.2575358
0.1846109
0.2435821
-0.004493707
0.01881929
0.1434506
-0.002445771
-0.04717484
0.43206
0.1563455
0.3940979
-0.03729853
0.2943137
0.06619262
0.1874881
-0.06716928
-0.02804803
0.1569707
0.08773505
0.1623212
0.03886029
-0.03741493
0.4202905
0.02525963
0.2737507
0.03458538
0.08221981
0.2118384
0.07170514
0.190129
0.06570849
0.3751131
0.2696271
-0.03069313
0.06243112
0.1549228
0.05722838
-0.0692653
0.1178886
0.3984383
0.0755531
-0.1075655
-0.009243755
0.1545959
0.04908208
0.1411937
0.1613013
0.1035688
-0.01303439
-0.1345118
0.03702294
0.04096315
0.1198703
-0.02846526
0.2756807
0.02658979
-0.03135923
-0.3634779
0.006544206
-0.02301584
-0.04246062
0.06491913
-0.07010858
0.3680399
0.1336753
0.1139754
0.2743279
0.06983095
0.2690459
-0.2433797
-0.05592982
0.1559697
-0.007525724
-0.1196961
0.07264708
-0.009973741
-0.1014194
0.2545488
-0.2255552
0.2466683
0.3458272
0.02466186
0.2845878
-0.07666622
-0.07615427
