0.7553716
0.5868075
0.718871
0.5073092
0.2475604
-0.05645034
0.2542699
0.2100154
0.3122287
0.2302948
-0.04186273
-0.269191
0.4471124
0.4919347
0.5802851
0.221441
0.3963647
0.03590515
0.2352839
0.4346327
0.3286525
0.2075565
0.1748158
0.0464641
-0.04693076
0.1300666
-0.1596676
0.2326358
0.1495231
0.3216112
0.3928011
0.542954
-0.2066065
0.1027002
-0.07203481
0.241127
0.2191703
0.1226168
0.006829113
0.3886632
0.3640525
0.3557843
0.05670488
0.5617416
0.09733562
0.2992039
0.1292012
0.5259361
0.4809054
0.7704052
0.8434231
0.6863747
0.30763
0.1320886
0.2946957
0.1323674
0.4241163
0.3456897
0.1432044
0.3273011
0.1209507
-0.07302733
-0.3059991
0.6642448
0.4010609
0.5530621
0.3224736
0.07565543
0.2990574
0.1378005
0.1882925
-0.1601651
0.1192762
0.1730819
0.1973582
-0.06331081
-0.2104489
0.1070334
-0.08861237
0.3949629
0.5268469
0.5166823
-0.1223559
0.4143965
0.1193273
0.132061
0.2594103
-0.05118423
0.1015532
0.06967486
-0.02190311
0.1066582
-0.01273122
0.4013285
0.05300309
0.4566729
0.3212976
0.3924064
0.4240731
0.5618915
0.5190137
0.2919686
0.147611
-0.07502658
0.2288958
0.2381333
0.1740899
0.1655758
0.07261922
-0.153804
0.5910324
0.4753768
0.3952383
0.1939412
0.4349832
-0.06353715
0.08368103
0.2200898
0.2433755
0.1055645
-0.05161035
0.009314186
-0.2308127
0.003832545
-0.3552345
0.2695276
0.3358609
0.06763183
0.1655379
0.3419691
-0.4886619
0.002524871
0.01679695
0.08674192
0.1366088
0.3035422
-0.05093693
0.2713431
0.1816057
0.2809212
-0.1326218
0.4790513
-0.1752134
0.0583226
0.2497738
0.5239146
0.2623294
0.6812702
0.8750021
0.5232542
0.1760732
0.01822198
0.2186675
0.07860224
0.4375232
0.423444
0.1175967
0.1366571
0.2862399
0.06136962
-0.1502943
0.6690694
0.2487366
0.4437058
0.4022826
0.006957241
0.3003908
0.1316937
0.1347608
-0.4034689
0.001467032
-0.04443331
0.3779027
-0.2075381
-0.3840509
0.2299968
-0.3793288
0.5505281
0.4849021
0.370601
-0.2319618
0.4320865
0.03848348
0.0878904
0.3569583
-0.1635707
0.1905255
0.2452775
0.03277152
0.02505018
-0.2360168
0.3008932
0.1435721
0.528656
0.0873348
0.1955143
0.3177411
0.2968611
0.3322076
0.3796034
0.1568747
0.4063197
0.180921
0.3673769
0.3395451
0.1654324
0.1121601
0.3024197
0.1142162
0.1814828
0.4909272
0.432542
-0.05144723
0.1839357
0.3232273
0.3089477
0.2475695
0.06734158
0.06891406
0.04226613
0.2099887
-0.2627682
0.2698228
0.4184777
0.1006384
0.1762543
0.2658965
-0.2135972
-0.04090495
-0.06271668
0.2136587
0.12191
0.1983209
0.06764377
0.159933
0.116379
0.01502785
0.002057604
0.4727166
0.003885216
0.1292695
-0.03582027
0.3074312
0.1899699
0.3210071
0.7201167
0.06424234
0.5100356
0.1995143
0.5978235
0.2311016
0.5558259
0.3865016
0.1503272
0.3942504
0.3989946
0.2423781
0.06231272
0.233977
-0.03092699
0.2124769
0.4101609
0.0146977
0.2705438
0.2384528
0.3322676
-0.1423255
0.1056028
0.2619972
0.4556627
0.06396664
-0.3194088
0.1925978
-0.1952258
0.4348115
0.4697228
0.1966314
-0.1224821
0.5823906
0.227082
0.3413494
0.25618
0.06251187
0.1226314
0.3034277
0.1500885
0.1901094
-0.1120506
0.4509994
-0.1091947
0.1290414
0.04315708
0.2588845
0.3566291
0.4975928
0.3934712
0.1729763
0.2393534
0.2212207
0.2699079
0.2178879
0.1544713
-0.2005171
0.3936536
0.6084631
0.752711
0.1392104
0.3429224
0.163794
0.1748769
0.3260463
0.3184972
0.1681164
0.2172002
0.08402672
-0.1379549
0.0891429
-0.04933129
0.03018773
-0.1576399
0.2904363
0.3016894
0.4446821
-0.1975625
0.2520532
-0.003516718
0.1584154
-0.01846332
0.1119678
-0.07103652
0.2401023
0.3986145
0.4470826
-0.003362329
0.3218616
0.09641835
0.3014969
0.1648215
0.4105901
0.4796063
0.7956072
0.5167845
0.8350226
0.4126027
0.2787586
0.4108201
0.1699741
0.3691406
0.3110501
0.2043742
0.2940333
0.1970495
0.05259938
-0.1686513
0.687316
0.4705127
0.5897211
0.3379676
0.1923277
0.2744915
0.2285722
0.1222843
-0.09077252
0.09384578
-0.003604758
0.0502819
-0.120057
-0.08469408
-0.02008875
-0.09343539
0.269069
0.5019857
0.3719677
-0.05525705
0.02824821
0.05997654
-0.06821593
0.2679469
-0.1065378
-0.010169
-0.036445
-0.06124269
-0.02722716
-0.04277804
0.3292069
0.190497
0.3851855
0.2960854
0.331267
0.4122971
0.536218
0.2103852
0.4985055
0.3741546
0.7253773
0.6697976
0.3481298
0.09735247
0.5784762
0.4204244
0.5059285
0.4336924
0.5099668
0.4005168
0.5798973
0.4665551
0.6947053
0.6363418
0.4677579
0.4037862
0.4801648
0.6003827
0.3407347
0.4045502
0.335494
0.4637987
0.6429005
0.5957325
0.3133915
0.2895606
0.184493
0.3936144
0.4945529
0.1662225
0.4119757
0.6184544
0.3526972
0.2842284
0.4062312
0.4829057
0.5741932
0.6423725
0.4010169
0.7110735
0.4997056
0.6152308
0.3578662
0.5435263
0.5100075
0.6998018
0.351791
0.3456981
0.4734527
0.3583497
0.3452629
0.7208983
0.4230422
0.3535126
0.04377981
0.5511129
0.6332801
0.386341
0.4795236
0.339985
0.3901031
0.3283087
0.636758
0.3938296
0.5490599
0.100596
0.1880805
0.4730732
0.2331388
0.1166517
0.2913247
0.1948305
0.4721055
0.4233752
0.1152326
0.2535528
0.3904045
0.3608068
0.229635
0.1474569
0.230503
0.1415302
0.3769199
0.3553517
0.3972719
0.504548
0.3512887
0.570545
0.4239264
0.3571847
0.5437274
0.6725811
0.5630791
0.3828665
0.5891059
0.5162001
0.4299396
0.3372281
0.3592276
0.3100012
0.3628143
0.5082996
0.4853004
0.4987737
0.4170615
0.4736964
0.5195045
0.4742873
0.5245955
0.4952032
0.2846609
0.539351
0.06556835
0.3250141
0.1376664
0.359952
0.3303896
0.2656302
0.07239806
0.5377152
0.4452998
0.4954596
0.3094756
0.4823831
0.3485955
0.2918454
0.3180898
0.4273478
0.2702862
0.3658901
0.3240662
0.2465274
0.4512533
0.3333218
0.3416143
0.3382813
0.132139
0.2896466
0.7808995
0.687185
0.6748897
0.4173406
0.5192915
0.4288471
0.4671397
0.5888699
0.5224056
0.4071977
0.3277339
0.3216701
0.4086051
0.2618813
0.5343574
0.4509865
0.3677886
0.4582386
0.4549854
0.5327238
0.4805466
0.1362381
0.2160926
0.359612
-0.03588676
0.1560391
0.1821383
0.1089472
0.2771406
0.2231774
0.2425959
0.1589799
0.07469988
0.5828284
0.4972807
0.3304692
0.1727903
0.4819559
0.2670667
0.2605751
0.1432256
0.260704
0.417453
0.2466466
0.3075826
0.3187445
0.3394395
0.4133527
0.2691349
0.2193161
0.3055549
0.3168852
0.2202852
-0.03125871
0.2020961
0.2692475
0.3375381
0.305692
0.521689
0.2632506
0.3041989
0.1496076
0.2517094
0.399566
0.427816
0.1870082
0.3880342
-0.01224107
0.04520492
-0.0465862
0.3172139
0.2415947
0.01948876
-0.02443833
0.6883083
0.5720165
0.3558257
0.1526079
0.4789853
0.2781282
0.03243458
0.1710512
0.4226906
0.1933261
0.251019
0.06827248
0.1117626
0.2800009
-0.02255845
0.1670433
0.07263532
-0.110934
0.01149585
0.6385408
0.4146084
0.5413828
0.3690525
0.4047665
0.3785069
0.3857817
0.2186482
0.3558648
0.3182995
0.3353891
0.1692393
0.2421791
0.1370229
0.4460839
0.4217458
0.3307195
0.4434184
0.2487701
0.4628903
0.3595395
0.1609265
0.1792092
0.2560662
-0.01641113
0.0357315
0.1502686
0.03604741
0.1294235
0.008803494
0.2572903
0.0563221
0.0284473
0.4154289
0.5282521
0.2733444
0.1462878
0.4516545
0.2435061
0.2347874
-0.04101781
0.1137715
0.2968055
-0.07593767
0.05348842
0.121687
0.3157168
0.7427205
0.6404938
0.650787
0.5665804
0.2084831
0.3713776
0.3709913
0.4640747
0.702489
0.835756
0.6787912
0.7966843
0.4722923
0.6683768
0.6825781
0.673082
0.7477935
0.4489486
0.7091206
-0.07548968
0.32354
0.3153018
0.3160708
0.5217677
0.4012325
-0.01435725
0.1372726
0.3978548
0.3003966
0.5067839
0.3031192
0.2521079
0.3415509
0.1303215
0.1068201
0.3539128
0.6646177
0.3116638
0.3505347
0.2796197
0.3982013
0.3271906
0.357465
0.29139
0.3225895
0.4899886
0.5997727
0.4234628
0.716623
0.8635733
0.7929481
0.7630521
0.5968215
0.5878471
0.4472863
0.1779975
0.3703361
0.3827961
0.4405932
0.7843412
0.6951054
0.7613338
0.6207491
0.6232157
0.4442082
0.8071443
0.2122026
0.4788762
0.4576524
-0.1587973
-0.01483931
0.1692843
0.2646469
0.5561666
0.03025794
-0.01141466
0.410076
0.06967463
0.3581359
0.4234231
0.1274821
0.3382918
0.3143373
0.2618661
0.4833607
-0.02637555
0.4009969
0.2722546
0.2879737
0.1151672
-0.0335302
0.4913364
0.4771177
0.4283407
0.5179456
0.04682
0.4704868
0.4581708
0.4042619
0.4874524
0.684883
0.7359341
0.6897325
0.4148774
0.5198185
0.5814567
0.6334886
0.8741374
0.2190066
0.5326968
-0.15963
0.4036548
0.2691924
0.162285
0.3504319
0.157228
-0.1874392
-0.04046134
0.3702643
0.0485521
0.3254665
0.2120246
0.02027581
0.4076523
0.1086592
0.04533657
0.3020704
0.4281766
0.3202341
0.2348281
0.1858224
0.3366563
0.2399567
0.3416935
0.2058892
0.3808882
0.3895034
0.3080361
0.2622276
0.5557917
0.6848265
0.73783
0.9487308
0.4349343
0.4950919
0.3288699
0.02879052
0.3675242
0.3753696
0.3712619
0.6736512
0.7183341
0.6579685
0.5766084
0.4947099
0.3199766
0.6924818
-0.1259222
0.3371171
0.2290967
-0.2878927
-0.01207119
-0.04172014
0.203627
0.4186022
-0.03019318
-0.2581846
0.1947786
-0.0601686
0.1014893
0.284293
-0.0980781
0.1664888
0.1762847
0.08242423
0.4016226
-0.00231401
0.2331762
0.136529
0.2897755
0.2163489
-0.2038685
0.2676585
0.7969185
0.6713801
0.3300022
0.4578755
0.410721
0.2572595
0.5769785
0.4657804
0.4744862
0.6382338
0.5511339
0.8526662
0.8082272
0.5513841
0.5383892
0.5296021
0.7331278
0.3026307
0.5516937
0.4674576
0.3047264
0.5407615
0.4671586
0.3593844
0.1778294
0.2136031
0.3754863
0.4607657
0.2094633
0.4688644
0.5533234
0.3699491
0.1870224
0.4296498
0.4525228
0.610074
0.556074
0.4148682
0.6526484
0.4663768
0.396668
0.2660094
0.3453396
0.5469002
0.7404211
0.3812229
0.5161275
0.5427069
0.3838041
0.4818879
0.927186
0.6520531
0.5640408
0.2523063
0.398247
0.4467889
0.2224277
0.4960507
0.4147125
0.4629091
0.436776
0.7401788
0.4668783
0.6076904
0.106953
0.2031947
0.5959896
0.2525832
0.285236
0.2722755
0.1042246
0.469022
0.3849554
0.1246115
0.3035438
0.4178778
0.4081365
0.1797018
0.2581066
0.3291261
0.2354184
0.4769951
0.3927219
0.4215534
0.508633
0.4012965
0.601934
0.4241538
0.3409959
0.4349136
0.6802392
0.4307188
0.4123987
0.446851
0.2298425
0.5899
0.5091588
0.3824407
0.6387516
0.4138633
0.7585933
0.7417384
0.5549193
0.4718903
0.5274775
0.7303278
0.3317464
0.4296629
0.4161394
0.2042191
0.5850319
0.4647319
0.3314276
0.191076
0.2242498
0.4837524
0.4440647
0.3919425
0.5084586
0.4730856
0.2934505
0.2932623
0.5011278
0.5231903
0.5383634
0.5464161
0.5188995
0.6281443
0.3865369
0.3626971
0.2391236
0.2870528
0.4809444
0.7781811
0.3074902
0.4984392
0.4532092
0.328296
0.395569
0.7823457
0.7171187
0.6050014
0.3796703
0.3987439
0.5104296
0.2011382
0.55407
0.3381218
0.4492915
0.3685876
0.6951866
0.41595
0.562159
0.08003869
0.2547472
0.6160066
0.2971702
0.1702383
0.2865754
0.1234696
0.5112764
0.2772259
0.2337092
0.3350433
0.4335638
0.4272381
0.1777344
0.3490399
0.4014871
0.3565347
0.5841094
0.4602297
0.3615989
0.5228137
0.4681636
0.4892985
0.3044812
0.2559011
0.5566798
0.5999533
0.3803212
0.3785485
0.1587928
0.5362362
0.3661808
0.4212971
0.415949
0.3983594
0.6334756
0.6189381
0.4964585
0.5227024
0.2425337
0.5122308
0.09657711
0.3311592
0.3105798
-0.01413467
0.3480579
0.2153767
0.01908683
0.07098772
0.2598388
0.166192
0.0883008
0.2693502
0.240789
0.1812434
0.257912
0.1131916
0.1785003
0.2582191
0.3136129
0.2939667
0.3521303
0.3939386
0.2270238
0.2744187
0.04645824
0.2121816
0.352183
0.5522423
0.3433533
0.6103035
0.469467
0.3602708
0.4993982
0.5949014
0.8274032
0.8466224
0.5943966
0.2839136
0.2875356
0.1603872
0.5577165
0.3969664
0.3490791
0.526727
0.5722908
0.3127416
0.4126014
-0.1416461
0.2366762
0.3385607
0.09982151
0.2251449
-0.002944084
0.1057484
0.4086605
0.008817128
0.0547997
0.03160783
0.1421231
0.08093552
0.1802621
0.1277867
0.2363898
0.2155004
0.3896528
0.1791164
0.06853598
0.2656837
0.3885275
0.4077336
0.1191168
0.06061573
0.3675019
0.07186626
-0.08459843
-0.2027876
0.3538522
0.01853809
0.07555109
0.05799685
0.05836006
0.1465036
0.1259766
0.09353325
0.1213027
0.1254091
0.1735065
0.02677701
0.08138802
0.3181286
-0.1062723
-0.0644651
-0.1061412
0.07373106
0.1102659
0.1846401
0.08689933
0.07932033
0.2381933
0.167709
-0.3032234
-0.006903755
-0.0003879267
0.02770885
0.04638123
-0.07519581
-0.1882378
0.2841748
0.07546274
-0.1206361
-0.2044482
-0.2424286
-0.214987
0.2034452
0.3595828
0.3634115
0.4376676
0.08883324
0.03020754
0.06651998
0.3259195
0.6465719
0.7589951
0.9597793
-0.2305731
-0.06057643
-0.09188942
0.3502701
0.07733848
0.06005035
0.1305889
0.1839742
0.3287151
0.02238737
-0.0007531876
0.1038301
0.2103047
0.08952831
0.3553284
0.1116222
-0.04712836
0.01506637
-0.08952408
0.2927811
0.04220957
0.009131189
0.2088415
0.1376196
0.3440502
0.2418961
0.256747
0.2902061
-0.001203333
-0.06245464
-0.1425352
0.2785449
0.09176848
-0.2960224
0.03097109
0.0655205
0.5181836
0.4027247
0.3821106
0.532298
0.2143265
0.3208004
0.2328705
0.5352768
0.4015458
0.1703794
0.3702027
0.02384833
0.2400977
0.006832662
0.5336806
0.5858453
0.00205438
0.3025893
0.3370508
-0.1951133
-0.03721342
0.2053866
0.01145529
0.2334904
0.2397008
0.125636
0.5065427
0.2599845
0.1011329
0.02426872
0.3218541
0.2914605
0.2298705
0.4274929
0.7205392
0.28377
0.6529842
0.472306
0.55986
0.2843356
0.4492432
0.2526303
0.2461245
0.5124171
0.4231769
0.3922506
0.3884225
0.4315509
0.3035527
0.0395667
0.6499694
0.3866567
0.4584776
0.4823418
0.2671811
0.3871385
0.27918
0.3996479
-0.06807474
0.2952289
-0.2328489
0.3353295
0.01387801
-0.1419978
0.4356735
-0.2630836
0.4296123
0.4738047
0.3805722
-0.1956142
0.1475887
0.09894762
0.04844107
0.2641563
-0.1611559
0.1239601
0.2291778
0.1957379
0.0809851
0.01167799
0.2587206
0.3655677
0.7186967
0.2342034
0.1724655
0.2848424
0.651477
0.1984812
0.4445472
0.3253224
0.279195
0.5034468
0.4473246
0.4716557
0.3663047
0.3699429
-0.0773329
0.2135087
-0.1048305
0.2332392
0.08447699
0.1753486
0.4705466
0.4243274
-0.2421317
0.1345595
0.2235257
0.2997249
0.05056862
0.2947262
-0.02214393
0.3340652
0.5117409
0.5002096
0.07421724
0.4527997
0.2347038
0.4081873
0.3065249
0.4836986
0.6203082
0.6882459
0.4120875
0.7353841
0.3588022
0.4242007
0.2580145
0.3555524
0.3627847
0.5256865
0.3993487
0.3249618
0.3714507
0.1795168
-0.06569539
0.7832771
0.4352879
0.6935379
0.4948815
0.4189262
0.3748386
0.3527619
0.3838432
-0.08838778
0.2816074
0.004025592
0.2746149
-0.06679508
-0.1641469
0.02448319
-0.1624175
0.4412634
0.6253845
0.3427374
-0.1476979
0.1524013
0.1496922
0.006688026
0.3612169
-0.1234045
-0.03799496
0.1453231
0.03030804
0.09937609
-0.04418545
0.4515968
0.2743114
0.4583062
0.3568048
0.2896645
0.5518448
0.3627118
0.5899917
0.393607
0.3502634
0.4898087
0.2778708
0.2897255
0.4235748
0.2835499
-0.07819427
0.1489419
-0.2344215
0.02971492
-0.02873744
0.5448641
0.4979731
0.596056
-0.284549
0.1813956
0.1626887
0.1190402
0.1173253
-0.03418399
-0.232199
0.1756877
0.4834468
0.3441783
-0.09863155
0.4240052
0.01567342
0.323803
0.06835203
0.3639613
0.6212215
0.7405604
0.4114323
0.7462218
0.3815368
0.3325762
0.406794
0.4225176
0.5648132
0.627304
0.3708106
0.258803
0.1713521
0.06912714
-0.1486315
0.6790962
0.4369838
0.8083868
0.5990391
0.381601
0.4913628
0.4232937
0.2699775
0.03906453
0.3348383
0.2675037
0.2362244
-0.1351763
-0.2882825
-0.1362644
0.07517875
0.4280166
0.6415712
0.2253221
-0.1768479
0.07289513
-0.1194346
-0.08526294
0.3934587
-0.2847934
-0.1065367
-0.1349609
-0.2795998
-0.04508554
-0.29686
0.2336785
0.07699143
0.2751293
0.085255
0.2551036
0.5295705
0.6892657
0.431566
0.5201673
0.535579
0.5059941
0.5533006
0.5613285
0.4594226
0.3319649
0.4697593
-0.136415
0.3814286
0.3675294
0.3896359
0.4575265
0.4921114
-0.04797429
0.1450972
0.3544235
0.3118283
0.3967249
0.3115187
0.225518
0.2089422
0.2231367
0.1688096
0.1337184
0.4961106
0.1665536
0.2731504
0.329883
0.4518669
0.3632284
0.2917942
0.3058464
0.1293738
0.4518445
0.5629086
0.5337794
0.5797997
0.6980473
0.5688948
0.4990095
0.5711223
0.5685446
0.5293397
0.3245796
0.2867901
0.2592947
0.37317
0.7133401
0.3873406
0.6050547
0.5234108
0.5783681
0.3304429
0.480753
0.2806334
0.4435029
0.2780724
-0.1555084
0.1704742
0.1829059
0.347983
0.6052434
0.08605017
0.1197732
0.3667875
0.1711463
0.4112362
0.4327324
0.180266
0.3373487
0.3905506
0.2720905
0.2857502
-0.07711922
0.3838333
0.3243381
0.2848312
0.006874233
0.2204327
0.5280213
0.5406195
0.6503701
0.3753926
0.5826671
0.5748146
0.4929373
0.59779
0.2910981
0.5063529
-0.2184715
0.4250988
0.2798427
0.3016774
0.4616377
0.4245364
-0.1821342
0.1141456
0.3989583
0.1872951
0.4376642
0.3169662
0.1592052
0.3911177
0.0375699
0.1463092
0.1589939
0.6195466
0.2086304
0.2683217
0.2913604
0.4911024
0.2922541
0.4985428
0.4874058
0.4092611
0.3831973
0.46143
0.4139165
0.5398328
0.8356194
0.8119716
0.6611387
0.4504391
0.4694948
0.3055906
-0.002916717
0.5351087
0.4260629
0.5470124
0.7730484
0.5540208
0.7004393
0.5197106
0.545131
0.1719972
0.6825814
0.05505625
0.554698
0.2033024
-0.3426868
-0.03204422
-0.01973968
0.4486752
0.6295946
0.04479734
-0.1092585
0.4039631
0.04267916
0.2464525
0.4998009
-0.0773654
0.2402753
0.3335236
0.1730732
0.3475594
-0.1425884
0.3635433
0.2514176
0.3467214
0.08045629
-0.03406608
0.4863099
0.713162
0.3902969
0.4537513
0.4860171
0.7076269
0.8505819
0.3802104
0.5946771
0.127566
0.3171864
0.09712432
0.3864126
0.3381671
0.1220692
0.1060319
0.3823794
0.6345692
0.2535608
0.4904738
0.347244
0.2587135
0.3357533
0.1295171
0.2650069
0.405379
0.3329952
0.3832367
0.2273124
0.3613605
0.1736207
0.2156373
0.1794591
-0.101795
0.3109534
0.4346178
0.4908254
0.2274443
0.4540995
0.5326652
0.5885506
0.8098698
0.3715711
0.2888633
0.2410173
0.08185743
0.2581811
0.476781
0.2822668
0.5535583
0.8316587
0.6192185
0.4360924
0.3625349
0.6731444
0.731715
0.06336773
0.07543387
0.4537068
0.05741257
-0.03244717
0.3212942
-0.1149531
0.18368
0.01437679
0.1555297
0.05360983
-0.01366942
0.294529
0.3592293
0.2214546
0.3301499
0.337644
0.2017088
0.4251468
0.1905915
0.1299358
0.3956159
0.1999249
0.1874487
-0.1318245
0.1923271
0.3148647
0.6751855
0.6637352
0.7261481
0.7635845
0.6743167
0.8519365
0.2717803
0.4823012
0.3038396
0.3824877
0.616405
0.4144695
0.3205427
0.1964696
0.3773094
0.3200578
0.736447
0.2678749
0.4983775
0.593968
0.0475444
0.1404081
0.6608303
0.6050609
0.565528
0.487348
0.3902871
0.5235125
0.1921141
0.2698475
0.1441291
0.329275
0.3524734
0.5685489
0.0923452
0.4374771
0.628451
0.5186745
0.7227017
0.5990797
0.35812
0.2477579
-0.003384348
0.302042
0.5011611
0.221565
0.4955557
0.6200243
0.7662932
0.244474
0.5601563
0.5720533
0.8459441
0.06413394
0.2469337
0.7032735
0.1754424
-0.008562058
0.3801814
0.00197358
0.3535002
0.1820058
0.1272042
0.3998855
0.2714863
0.4193759
0.1921402
0.2510531
0.5455581
0.2702284
0.4633445
0.6633758
0.3368042
0.4214848
0.3283801
0.3951145
0.2370248
-0.06893765
0.2641946
0.4053967
0.6194829
0.6305961
0.4097954
0.1037613
0.3483917
-0.2305157
0.2114785
0.1016255
0.5119546
0.5279029
0.5248251
-0.1351026
0.2322209
0.2088932
0.5101835
0.1597818
0.1455706
0.02174743
0.2205402
0.6365034
0.393018
0.1114693
0.4975881
0.2270084
0.4594915
0.1145829
0.283575
0.7808082
0.4704196
0.350287
0.3990328
0.451768
0.4432725
0.5274899
0.5204196
0.4475802
0.5603875
0.4045459
0.5221141
0.4204817
0.3263726
0.03650928
0.4408299
0.300814
0.5636083
0.5141632
0.407896
0.3292483
0.6562358
0.5952216
0.3178082
0.4230858
0.4519574
0.3411348
0.1202464
-0.2479561
-0.04069369
0.1434022
0.3794019
0.5555283
0.2520741
-0.04652315
0.2531757
0.08153939
0.3237352
0.4431434
0.08308309
-0.07997803
0.1353126
-0.03470195
0.1472774
-0.04951398
0.4483052
0.08469827
0.2205219
0.3444685
0.4790093
0.6897782
0.8195619
0.5662715
0.5607169
0.5569697
0.7250028
0.3473801
0.6328234
0.3632773
0.2156326
0.5812629
0.4861975
0.3418957
0.09368227
0.1636351
0.3612921
0.4451763
0.2842004
0.5404129
0.728973
0.2225525
0.178019
0.4773843
0.4782325
0.7409943
0.6445868
0.4363942
0.7266752
0.3448304
0.4748631
0.3154926
0.4152854
0.3986615
0.6939533
0.2173197
0.3866615
0.568156
0.3726674
0.5134905
0.7949652
0.5635969
0.4597403
0.06947461
0.4879429
0.5122242
0.2012666
0.4418869
0.409699
0.4090613
0.3807437
0.7311824
0.32836
0.6239785
-0.08639078
0.2415515
0.5630278
0.2355107
0.1315562
0.1227812
0.1004952
0.4490348
0.2752812
0.02805421
0.2633659
0.389198
0.3464837
0.1156084
0.1637073
0.313826
0.2665731
0.5178805
0.4794189
0.4531953
0.603083
0.3953826
0.6052471
0.5088266
0.169825
0.4116072
0.6452144
0.6647622
0.588636
0.7780125
0.1628648
0.5403303
0.3263287
0.2300018
0.6324616
0.4546677
0.2183821
0.09064877
0.2435495
0.4252933
0.4018002
0.1911553
0.4401951
0.593182
0.297702
0.1513859
0.4771195
0.535744
0.6433265
0.699431
0.2836605
0.5883042
0.473617
0.3875381
0.223465
0.3289472
0.3801029
0.6990198
0.2679529
0.556843
0.5460895
0.5235982
0.5493602
0.7706537
0.5750648
0.5187793
0.05211142
0.3845297
0.4315362
0.2962174
0.5163912
0.5060366
0.4639841
0.5750071
0.9007121
0.4294571
0.7678401
0.09440188
0.4358915
0.5782398
0.04674915
-0.01222433
0.1150554
0.2490568
0.5350995
0.1469453
-0.06967488
0.3546458
0.3735468
0.335526
0.2184346
0.09744962
0.1686754
0.2132497
0.4342521
0.4993569
0.3046366
0.6442244
0.2520696
0.4273136
0.429632
0.1855892
0.5352151
0.6920278
0.4920694
0.6865285
0.1222446
0.2940673
0.0058275
0.442716
0.6196665
0.4357525
0.1824576
0.332374
0.3690522
0.460113
0.4429577
0.2743357
0.3199098
0.4034811
0.2682953
0.3388845
0.5013522
0.4679157
0.5059825
0.4872363
0.3085673
0.3180049
0.4578254
0.3127367
0.04500695
0.3564538
0.3814895
0.5703445
0.2345257
0.5018034
0.4904126
0.4919711
0.6688897
0.5728431
0.3570977
0.3125104
0.06458255
0.2800745
0.5134311
0.3075517
0.4832696
0.604653
0.5249023
0.4849427
0.6126512
0.673596
0.7179728
0.2071
0.2107729
0.515179
0.05521458
-0.1820631
0.398964
0.01618145
0.3702539
0.04830285
0.1347135
0.1938381
0.083015
0.404178
0.2912554
0.2581613
0.2563787
0.2360743
0.2485754
0.4653254
0.2269832
0.376388
0.3074523
0.1745071
0.3250017
0.1189224
0.4182576
0.4684308
0.7156934
0.07282231
0.4463989
0.2397733
0.1576989
0.3965695
0.1012568
0.03970722
0.1782332
0.5160543
0.1683471
0.480996
0.3188373
0.2867535
0.4671933
0.0839767
0.09932727
0.4844634
0.4247103
0.4902205
0.3262994
0.3095746
0.3017235
0.1697221
0.203107
-0.01575154
0.2844866
0.4274548
0.4893448
0.1962409
0.5138669
0.602812
0.6329917
0.8955135
0.4612326
0.4173472
0.3071932
0.07654273
0.2501392
0.4125436
0.234528
0.5683612
0.7947212
0.6185165
0.5035524
0.5418932
0.5688461
0.8318694
-0.08061211
0.2849552
0.489571
-0.07020602
-0.03472821
0.08252129
0.01142634
0.2456185
-0.0357149
-0.112236
0.1552914
0.02975297
0.2598655
0.249261
0.07849087
0.2451857
0.3131786
0.2645123
0.5182443
0.1897655
0.2600608
0.2736814
0.2583415
0.2896048
-0.2351974
0.1607209
0.829531
0.5291263
0.331526
0.1854938
0.2678265
0.5898141
0.3398141
0.6813273
0.2537642
0.1644484
0.3515379
0.7111837
0.1453812
0.743942
0.52826
-0.1337632
0.0222169
0.7985142
0.364445
0.6565478
0.5744009
0.2777408
0.3271174
-0.03219872
-0.04710401
-0.107009
-0.0488321
0.156028
0.4994488
-0.1065977
0.214809
0.2528619
0.05128126
0.2432088
0.5662862
0.1455063
0.2280674
0.02864609
-0.06646208
0.3281627
-0.2240706
0.1418849
0.2255695
0.3477051
0.02765441
0.5997803
0.6469198
0.7083869
0.09935481
0.1802367
0.8897617
0.4530603
-0.0856369
0.4882075
-0.1857871
0.08268369
0.07891504
0.2362419
0.3924412
0.5487001
0.4748677
-0.05098981
0.3521995
0.5209874
0.1808625
0.6381135
0.7247693
0.6175904
0.4175618
0.2558103
0.1658085
0.2794985
0.02671587
0.07927139
0.4163992
0.4377614
0.300301
0.2791202
0.6493835
0.3705169
0.4673837
0.3293871
0.3446947
0.4534852
0.6968836
0.3312022
0.6931878
0.6233914
0.09547692
0.1960671
0.7926867
0.5566994
0.6713291
0.6074066
0.4165172
0.493697
0.1711
0.2120522
0.07801754
0.1982939
0.4134268
0.6559385
0.1302194
0.4414909
0.5283837
0.3663593
0.5730954
0.7104337
0.4590379
0.3816048
0.1128932
0.2143903
0.4987782
0.01334904
0.4199666
0.4883475
0.5739445
0.3020013
0.6913617
0.6761085
0.8566256
0.06902611
0.2540333
0.88107
0.3206955
0.001073362
0.3761704
-0.0716151
0.2776325
0.167146
0.1867648
0.4100199
0.4203454
0.5098752
0.1227641
0.3496773
0.5024994
0.3188059
0.6396382
0.7418932
0.5107605
0.4853746
0.3751265
0.343735
0.3736064
0.05276755
0.2604691
0.09013394
-0.01796992
-0.0316322
0.2473739
0.09624619
0.8180152
0.197772
0.07825398
0.2319475
0.3132168
0.1332903
0.6320141
0.4303368
-0.05737837
0.09264692
0.5376359
-0.1389138
0.6719335
0.4630463
0.4097489
0.2521509
-0.1212464
-0.03851937
-0.3034279
0.02494188
0.02305306
0.3991871
-0.3884615
-0.2114512
-0.2485188
-0.4775152
-0.07005321
0.2662563
-0.0795118
-0.02294794
-0.01226214
-0.05270134
0.3922316
-0.3648577
-0.3024896
0.07064764
-0.04296519
-0.2784992
0.06748049
0.3867779
0.1703189
-0.1845623
-0.4628372
0.6224466
0.9475581
0.02627456
0.45696
-0.5608436
-0.2501343
0.1772799
0.4808337
-0.2063778
0.4509257
0.1620548
-0.3806131
0.3702641
0.3045819
0.08225454
0.5634177
0.29803
0.8259281
0.1247716
0.4629335
0.2316102
0.4166466
-0.00106402
-0.1016885
0.54964
0.07961592
0.1960399
0.08973884
0.1580516
0.07492626
0.1876915
0.09802711
0.3385186
0.298031
0.4148004
0.680874
0.0403298
0.09037724
0.2922733
0.2548521
0.4909184
0.2200873
0.3626216
0.6220835
0.06656208
0.1498911
0.2804936
0.1118341
0.2240173
0.3803053
0.1348226
0.08271173
0.3566008
0.2348605
0.3876861
0.506557
0.2839464
0.2402314
0.009416083
0.3046732
0.2126902
-0.03393327
0.2209017
0.1789241
0.2394979
0.02873147
0.4966762
0.1272026
0.3702529
-0.2847879
0.2392607
0.3262218
0.004869488
0.4745598
-0.08062739
0.1151917
0.1660929
0.3655633
-0.1342103
0.2678453
0.2885012
0.3374757
0.08773296
0.08003485
0.2755372
0.404309
0.4162477
0.3067119
0.3125699
0.3861922
0.2766291
0.560818
0.314699
0.05659921
0.05513766
-0.03301505
0.1584557
0.1317747
-0.05034814
-0.1553156
0.04110206
-0.04425653
0.3071313
0.06584285
0.1861613
0.3053552
0.1048962
-0.2296752
0.1397853
0.2949348
0.1611602
0.06851531
0.1506613
0.445734
0.04142177
0.1071654
0.2706511
-0.0379767
0.1973617
0.288645
0.2392578
0.2622977
0.4277444
0.277044
0.1957655
0.4000537
0.4265396
0.3543977
0.2765627
0.1526638
-0.1206501
0.06212266
0.373617
0.05455434
0.331136
0.0910319
0.4137972
0.0009216975
0.2468978
0.099341
0.4251955
0.2134722
-0.0810151
0.6026083
-0.1395016
0.3223778
0.2553811
0.3036374
-0.2419955
0.4120315
0.2323032
0.1899816
0.1032054
-0.06505922
0.1917295
0.1819386
0.2539078
0.2011638
-0.01047492
0.1926204
0.08453891
0.4746555
-0.09394807
0.1111976
0.08548376
0.5268582
0.6352275
0.1948657
0.3975415
0.1831996
0.4295497
0.4015213
0.01495141
0.06842621
0.1959008
0.4544513
0.4476306
0.2076141
0.3162929
0.1045
0.3930458
0.08931835
0.1949386
0.4713236
0.2604658
0.1381548
0.194654
0.334738
0.2517101
0.2994319
0.2520598
0.3015846
0.2967671
0.1656833
0.325724
0.0004280162
0.04694123
-0.05449899
0.2768564
0.2950691
0.3034667
0.3696571
0.1542113
0.3354883
0.2231572
0.2718001
0.3857837
0.3361223
0.4617143
0.03808196
0.2199736
0.01275835
-0.0667812
0.6132899
0.132771
0.319593
0.3221626
0.1866799
0.2253503
0.1569609
0.3529692
0.3305538
0.1391547
0.1992205
-0.05809912
-0.0849115
0.2227839
0.08507725
0.2513981
0.0482856
0.09333013
0.159016
0.4793991
0.4057398
0.8196352
0.2594577
0.2516567
0.1527038
0.5279776
0.511661
0.1022807
0.4102942
0.5292497
0.4558783
0.3131319
0.5270325
0.643881
0.5198051
0.821491
0.2298368
0.5133527
0.5737225
0.5026577
0.2577676
0.416673
0.3539254
0.5161274
0.1069808
0.4400899
0.4740059
0.3674381
0.322815
0.5485434
0.2681671
0.2423337
-0.07162641
0.4692141
0.4485179
0.4230289
0.4298496
0.311064
0.5064373
0.321929
0.665123
0.3226413
0.6082591
0.3196866
0.4014552
0.4788134
0.1872215
-0.1102763
0.3277756
0.3563071
0.6297751
0.3540493
0.07985848
0.4081908
0.5247031
0.3242884
0.2598313
0.03294941
0.2621853
0.01048153
0.3381682
0.5407962
0.2659254
0.6121591
0.2153952
0.3602073
0.4428524
0.4026442
0.6173104
0.09771356
0.1267937
0.01020174
0.4952563
0.3955248
0.03784105
0.2082123
0.3721393
0.5259895
0.3779468
0.2705595
0.5909531
0.2783936
0.7037026
0.2255663
0.5758009
0.6069048
0.6278646
0.4266898
0.4910826
0.2478536
0.4242091
0.1745577
0.3363342
0.406236
0.2828897
0.09150493
0.4625669
0.1831273
0.1456511
-0.1139907
0.5264899
0.3902872
0.5117288
0.4090514
0.1036013
0.4155631
0.275302
0.4861402
0.09454388
0.3664057
0.387206
0.297378
0.2202152
0.07048344
-0.06745731
0.3222499
0.4078672
0.6831795
0.4015165
0.08044494
0.3595486
0.3513916
0.2355742
0.2681924
-0.00351895
0.2128302
-0.06480711
0.1313659
0.2948429
0.08224013
0.5471118
0.2035874
0.4216048
0.3192945
0.5432387
0.6171292
0.1434167
-0.08480093
0.2261443
0.3976636
-0.05571496
0.586837
0.3941011
-0.1085875
-0.01777698
0.5635659
-0.1513045
0.6522609
0.3897319
0.2049125
0.1370569
-0.1148627
-0.253552
-0.3177464
-0.182749
0.01198933
0.3191049
-0.3027588
-0.1693253
-0.2148114
-0.4457759
-0.1153517
0.3887193
-0.1031933
0.01982092
0.001331498
-0.2030559
0.2928741
-0.4760821
-0.3068518
-0.08791505
-0.1065949
-0.285724
0.1852455
0.5020957
0.2332987
-0.04205726
-0.4380256
0.7100728
0.8195403
-0.005902928
0.6594772
-0.5829106
-0.2777455
0.147513
0.4437223
-0.08073462
0.4588684
0.2727483
-0.4407478
0.4225774
0.309392
-0.03447203
0.4878041
0.3300282
0.8371957
0.1152419
0.2223626
0.04905212
0.3235335
0.08490932
-0.09951914
0.6331077
0.4768426
0.3441729
0.5829398
0.5055562
0.1179694
0.1430993
0.6891391
0.3312553
0.2846295
0.1048763
0.1361127
0.5085404
0.111656
0.1849082
0.1504466
-0.08348566
0.1707691
0.3553966
0.3953888
0.287856
0.1524869
0.1187892
0.1092461
0.1065332
0.1675166
0.1111328
0.08909818
0.1923441
0.2196484
0.3555884
0.1107423
0.1629763
0.2700322
0.2209159
0.06842541
0.05833852
0.4872136
0.2445092
0.08824422
0.03442676
0.3045931
0.2514031
0.1024881
0.2809518
-0.04091034
-0.0112149
0.3131016
0.5228061
0.1030738
0.2107366
0.5161773
0.5472478
0.4425997
0.3530501
0.5038804
0.3986553
0.2888952
0.1909053
0.1025048
0.5394911
0.1442832
0.2103585
0.3020874
0.1873204
0.3211833
0.4447099
0.6830921
0.3827085
0.06952039
0.01956888
0.5025121
0.2014411
0.3658481
0.07182148
0.01002892
0.5869543
0.1552589
0.02301858
0.1081499
-0.1297827
0.1364748
0.3175335
0.4488064
0.186378
0.401283
0.3087085
0.428748
0.4955673
0.08885451
0.2721331
0.2158351
0.2430062
0.1967959
0.3334965
0.2823091
0.4295171
0.684727
0.5576785
0.2858534
0.09299346
0.4679573
0.430762
0.01149932
0.165846
0.2622833
0.04803064
0.1105799
0.1332894
0.04736755
0.1309736
0.06673307
0.4847174
0.1771598
0.04973368
0.4184485
0.6424287
0.4086452
0.4288873
0.6545296
0.3730714
0.3191165
0.02396543
0.02968666
0.5798779
0.185873
0.02407793
-0.04198563
0.1577607
0.3795012
0.5697378
0.4976249
0.2419567
0.4330827
0.6556953
0.5179436
0.5095604
0.3292116
0.532007
0.4244355
0.2668442
0.4343287
0.2064117
0.1346212
0.1663038
0.3775799
0.546918
0.2528518
0.1970076
0.1103021
0.161109
0.1204924
0.3446399
0.2071921
0.1483113
0.07347317
0.2441816
0.3218555
0.2043702
0.257673
0.2808168
0.2229136
0.1672054
0.3606117
0.3897378
0.3043739
0.4041216
0.1778738
0.4384762
0.217472
-0.06727434
0.3654213
0.1159481
0.3077361
0.3387516
0.4811029
0.3970863
0.4276293
0.7157146
0.4045423
0.553146
0.3273403
0.495056
0.4170954
0.5062313
0.3226012
0.5476641
0.4083262
0.1218158
0.4196147
0.5503712
0.5627443
0.3780078
0.6686179
0.4427736
-0.03250796
0.2731978
0.6711419
0.5810572
0.3813996
0.3106571
0.5427635
0.4706705
-0.002741178
0.1623819
0.1196072
0.1883432
0.1801959
0.4406471
-0.0805206
0.2031084
0.3779693
0.292225
0.3656189
0.4388051
0.1660947
0.08707501
0.01068662
0.1944263
0.4395812
0.08694982
0.3002824
0.351844
0.6317287
-0.03472092
0.3312675
0.5449889
0.6299366
0.1673176
0.1876722
0.7153111
0.2656658
0.1139666
0.4377041
-0.05354316
0.1498693
0.3352338
0.3592004
0.5282095
0.3789694
0.5868094
0.2099668
0.4612084
0.7407773
0.3965636
0.5546291
0.6948908
0.3849123
0.2721569
0.4148265
0.3899716
0.1359648
0.09402116
0.09731645
0.5669991
0.2107678
-0.004243109
0.6718083
0.339031
0.4261002
0.1161339
0.04064344
0.7735759
0.3160883
-0.0359398
0.1737248
0.1683324
0.1404531
0.3335317
0.444022
0.1913356
0.1168177
0.1862652
0.2221799
0.3040489
0.124197
0.3677982
0.176315
0.2523866
0.314212
0.3725591
0.07131475
0.3204416
0.3907432
0.327635
0.08070956
0.07659202
0.2413082
0.1950025
-0.1149262
0.1313778
0.2858307
0.1180977
0.1939887
-0.01961436
0.007721792
0.08028125
0.191196
0.4856037
0.2898948
0.1763353
0.6355777
0.5110319
0.593192
0.5482098
0.9295645
0.5883578
0.3921674
0.1764057
0.2608304
0.700398
0.2878242
0.187586
0.06883321
0.2215048
0.5458473
-0.1193932
0.3490737
0.7416354
0.3721453
0.6025114
0.4340233
0.6408097
0.4797425
-0.1104342
0.04014586
-0.0255137
0.01363206
0.1733021
0.5517856
-0.1196137
0.01704727
0.1100752
-0.08568661
0.122355
0.4250528
0.2294143
0.1816567
0.1120356
0.09674945
0.3922625
-0.2560167
-0.01715855
0.1662206
0.2447685
-0.1194888
0.3630399
0.4773098
0.4181237
-0.07687652
0.05688731
0.7927204
0.5903716
0.1813657
0.2826653
-0.2244366
-0.05991572
0.2881817
0.5113145
0.3335463
0.5738629
0.6516949
0.08554281
0.6160629
0.6548621
0.584053
0.9174376
0.6777198
0.659509
0.3996699
0.5811811
0.3639571
0.3497893
0.1302363
0.06303283
0.1266808
0.1666543
0.5516604
0.3201567
0.7754905
0.6412713
0.3657059
0.6927355
0.2528612
0.3919725
0.3458027
0.3587279
0.2537101
0.3879201
-0.09711818
-0.01191247
0.33031
0.1454098
0.3785543
0.5074164
0.1151753
-0.02017518
-0.3721122
0.4894009
0.5310856
0.01772529
0.1042063
0.2271958
0.2533509
0.07795993
0.526483
0.19969
0.5273989
-0.2450715
0.0598418
0.4962528
0.2862513
0.08966406
0.09922865
-0.007307856
0.2057238
0.3621764
-0.09827281
0.1835691
0.4084958
0.3032336
-0.04761946
0.04398204
0.2332907
0.2057286
0.4593141
0.4844201
0.6404611
0.5720213
0.2920136
0.5635641
0.6677328
0.06974159
0.1734344
0.44713
0.0008511035
0.2214039
0.09191651
0.4274255
0.05579387
0.270321
0.7547292
0.4705893
0.1735681
0.4145749
0.4465357
0.3181315
0.3343127
0.2577935
0.1369888
0.2216418
0.08385804
0.351043
0.218972
0.1710395
0.05205851
0.4623516
0.1187123
0.4874882
0.2981597
0.09275549
0.1397094
0.3485115
0.2656394
0.04136122
0.02469296
0.3658661
0.1117688
-0.06815803
-0.02789832
0.2211459
0.06962645
0.3794621
0.5024713
0.5841552
-0.05025281
0.007999264
0.1853336
0.1346626
0.2534521
-0.06106799
-0.1836357
-0.1262854
-0.1729159
-0.00802258
-0.04994546
0.3494473
0.07024321
0.3480373
0.4273763
0.706776
0.4994126
0.2915402
0.3755537
0.07622148
0.265917
0.5975232
0.3418662
0.3650013
0.4187679
0.1921296
0.4163334
0.2899889
0.3777725
0.1735827
0.1093969
0.02920469
0.1430442
0.1050824
0.1561163
0.1407205
0.04211994
0.08113267
0.5009426
0.4661925
0.2971457
0.2345294
0.2027864
0.2196852
0.05781986
0.03843461
0.2073679
0.07227337
0.09141253
-0.04775985
0.1339456
0.1487101
0.08097667
0.2275966
0.07253597
0.2367394
0.4740455
0.4622165
0.173859
0.2119466
0.4373671
0.4458391
0.4645282
0.3444829
0.4819499
0.288355
0.2776391
0.1713363
0.3026929
0.5480765
0.2730297
0.3585325
0.5103383
0.3668713
0.4268318
0.6649313
0.5451408
0.3352309
0.3270405
-0.0171007
0.003343272
-0.09738866
0.08348055
0.1740069
0.4133782
-0.1322342
0.1153009
0.144828
0.005390212
0.342503
0.4385452
0.1047266
0.06407177
-0.02806779
0.01068065
0.3249341
-0.2016882
0.07504009
0.2650267
0.3443833
-0.08024751
0.4064516
0.5496949
0.59958
0.02829322
0.08327315
0.81402
0.4652916
-0.01237486
0.3938631
-0.2334021
0.03283498
0.2562399
0.2632638
0.3936339
0.5580194
0.5007683
-0.05993103
0.4527059
0.5445468
0.2694585
0.658934
0.8903458
0.6636486
0.4377979
0.2945716
0.1768098
0.4457647
0.1063214
0.05855049
0.1547431
0.4117544
0.3177965
0.4845752
0.3628599
0.4922012
0.4730102
0.4315281
0.3848376
0.4594029
0.3151545
0.5670097
0.6263245
0.6138533
0.4209843
0.3993823
0.4247694
0.1946848
0.01387816
0.4363782
0.3163278
0.5409467
0.6062872
0.447667
0.6553223
0.3536694
0.4714529
0.2060118
0.554327
0.3722195
0.5895534
0.3432732
-0.1818199
0.008651426
0.02387297
0.4634898
0.6295339
0.278807
0.06438192
0.7490737
0.2702449
0.4967234
0.5540902
0.2095531
0.4023299
0.3956738
0.3639474
0.5687899
-0.08028838
0.5461033
0.2072038
0.3629982
0.1248617
0.2307864
0.5394269
0.6926643
0.2917886
0.4620641
0.1958446
0.1956948
-0.02642744
0.2282313
0.2373401
0.552739
-0.095661
0.03037103
0.180682
-0.02694071
0.3559019
0.5793789
0.1432054
0.126018
-0.1624522
0.2113884
0.4414101
-0.07907315
-0.006180907
0.3039545
0.1482636
0.07834492
0.5648235
0.4294108
0.5590161
-0.1299264
-0.05231718
0.644983
0.5106466
-0.03246033
0.28766
-0.2303328
0.09078905
0.2061142
0.1244939
0.03982015
0.4816151
0.2513422
-0.2140526
0.2193708
0.1671475
0.1067407
0.508025
0.5151703
0.7910254
0.483529
0.2815126
0.3181938
0.6643022
0.0789487
0.1543115
0.1713306
0.5262412
0.5380678
0.4315235
0.1845243
0.3571782
0.2710392
0.5254659
0.009687811
0.2561008
0.2533306
0.157728
0.2114605
0.5386373
0.1608665
0.1609013
-0.2133849
0.3656166
0.4063128
0.2337187
0.2063096
0.2632529
0.27363
0.2815968
0.6748132
0.2582546
0.5192264
0.1713722
0.2238075
0.5038294
0.3636005
-0.2169609
0.2856068
0.1866443
0.4914632
0.2683892
0.03216725
0.243414
0.6125115
0.2229901
0.03483555
0.02134872
0.1077152
-0.05673578
0.3739833
0.5193357
0.5062357
0.7469784
0.1927762
0.3293845
0.6352835
0.3390686
0.5364233
0.5969581
0.06899585
0.3148989
0.1007973
0.336515
0.2072422
0.5924505
-0.002277857
0.09175827
0.1615336
0.1109048
0.2680738
0.3283809
0.3802702
0.2437802
0.2806422
0.4488096
0.6366057
0.1039744
0.2734383
0.3447721
0.3831289
0.0235807
0.1410172
0.364092
0.2658289
-0.2366559
-0.0798304
0.4033146
0.4012912
0.3097759
0.2318488
-0.1268664
0.07526472
0.3442497
0.5756329
0.08045162
0.1840629
0.4862583
0.3183432
0.556753
0.6331647
0.7116283
0.6313343
0.2656966
0.3449918
0.1462042
0.9154991
0.613825
0.2387347
0.1133226
0.1985354
0.3349423
0.6303875
0.5006488
0.534679
0.2302599
0.5527049
0.08394452
0.210786
0.4335543
0.2826677
0.2936262
0.6014631
0.4112859
0.3015153
0.02377169
0.6447754
0.5298334
0.3138129
0.3640891
0.1649178
0.4277487
0.1095855
0.5120251
0.04457106
0.3468003
-0.1909623
0.2229881
0.326747
0.1722532
0.3614368
0.02300116
0.2736892
0.4812725
0.517593
0.04790229
0.3032932
0.3684534
0.2805973
0.1481216
0.09663554
0.4019828
0.2810061
0.51156
0.3462035
0.2986192
0.5256199
0.4920566
0.8136818
0.3871579
0.2946336
0.3662912
0.5696436
0.3617139
0.5459663
0.3881908
0.4161026
0.4085767
0.373972
0.3169422
0.4372823
0.2128357
0.4565626
0.254667
0.1381871
-0.112322
0.5906402
0.3162364
0.6911118
0.3968581
0.2762321
0.2460925
0.5134018
0.4760816
0.09447041
0.2369899
0.4005022
0.2738359
-0.06721868
-0.1197158
-0.04979017
0.115732
0.5025573
0.6336494
0.4153889
-0.09908738
0.0773929
0.170342
0.1542495
0.3854108
-0.1405333
-0.2322016
-0.08244425
-0.1594696
-0.006570014
-0.05848012
0.4670739
0.1062967
0.3195793
0.4454458
0.587616
0.7558062
0.6802414
0.8796969
0.3087643
0.3840561
0.2631969
0.2590514
0.4816536
0.4523184
0.2630655
0.3730276
0.3351193
0.1408259
-0.1948023
0.8689234
0.5955839
0.6875655
0.445887
0.2377704
0.3847836
0.3806196
0.333524
-0.09306999
0.2533984
0.03608767
0.2246085
-0.04566194
-0.1236273
0.04954069
-0.1502041
0.4365176
0.6127799
0.4289903
-0.1313072
0.1468654
0.05109723
-0.01968166
0.3109069
-0.1678114
0.02829291
0.04007287
0.03644912
0.02788724
-0.06194087
0.359118
0.2929775
0.6184464
0.3559153
0.366933
0.5283423
0.4721453
0.1787292
0.04195742
0.2715854
0.08695424
0.4698941
0.4081739
0.09146355
0.2670589
0.246691
0.02602111
-0.285373
0.6675345
0.2990564
0.4171407
0.3410253
-0.04355408
0.2477632
0.1833643
0.25134
-0.3586237
0.06959501
0.0742475
0.3314089
-0.1141375
-0.3405744
0.1118671
-0.2569153
0.4928855
0.5230598
0.3491844
-0.2586934
0.4544784
0.09920761
0.1012894
0.2176036
-0.1369414
0.1018056
0.1742383
0.02826192
0.03142995
-0.1239208
0.412918
0.02009332
0.4099349
0.1804911
0.2626458
0.4327594
0.2412865
0.3776142
0.1620471
0.2430443
0.3672141
0.4199677
0.3387287
0.3077461
0.2273447
0.03142493
-0.2321286
0.7955841
0.6260899
0.7284826
0.3577062
0.3911889
0.3964141
0.2721225
0.217618
0.01137621
0.281092
-0.02988052
0.09337736
-0.02711999
-0.0576423
-0.01797176
-0.09472111
0.277165
0.4977102
0.3987626
-0.08162815
0.02195338
-0.009690944
-0.06564208
0.2866097
-0.1110587
0.03388566
-0.005395862
-0.006854624
0.03252967
-0.003523439
0.289226
0.3401487
0.5925932
0.3473851
0.2334519
0.4157941
0.551205
0.666259
0.4177562
0.510537
0.4253508
0.4285115
0.5486324
0.4824538
0.3182298
0.2280197
0.2793687
0.2294207
0.3037085
0.5250049
0.4232325
0.3776021
0.4813893
0.4156359
0.3317263
0.3360331
0.2938295
0.2283693
0.2536813
-0.0500018
0.1586119
0.09083636
0.2251465
0.4092783
0.256594
0.1281705
0.2436901
0.2268778
0.5125162
0.4521914
0.2075611
0.06485994
0.3369888
0.1677194
0.2180786
0.1067159
0.3872859
0.177985
0.1951085
0.3012622
0.2889618
0.3995679
0.3831682
0.4854306
0.4218934
0.3607161
0.3833359
0.6722223
0.5481696
0.471619
0.3148054
0.3666551
0.5019872
0.3301205
0.4836824
0.5268041
0.446833
0.3728778
0.6237255
0.5558791
0.5664235
0.2116352
0.2105973
0.5839997
0.3150768
0.1431792
0.3171643
0.0820739
0.4004831
0.2655032
0.3577888
0.2193279
0.3474692
0.5135912
0.3277605
0.4269621
0.3046705
0.4549651
0.5331814
0.3632183
0.3284321
0.4675807
0.6040039
0.4380258
0.271493
0.3031107
0.5005668
0.5002783
0.5439589
0.5142166
0.3026106
0.4052043
0.5514395
0.4631025
0.3864477
0.2329961
0.01008007
0.4310674
0.615759
0.2625417
0.2541284
0.559102
0.3420926
0.1507787
0.1736704
0.3000601
0.3967295
-0.09443318
-0.4071173
0.2026149
-0.09436082
0.411413
0.4654922
0.104142
-0.04949036
0.1974361
-0.02732314
0.2774609
0.5671134
0.0390816
-0.1304366
0.2472807
-0.07376902
-0.02825013
-0.3179812
0.2106977
0.02600294
0.05344184
-0.04315869
0.3720833
0.4879783
0.6580209
0.6908365
0.5455294
0.4807428
0.6393482
0.6239034
0.4646208
0.1803399
0.170078
0.5194195
0.7857985
0.5959842
0.5681416
0.7166545
0.5454432
0.3933737
0.5632869
0.3166478
0.4827785
0.2199762
-0.2204699
0.04279078
0.1333301
0.3823162
0.603686
-0.06001775
-0.006303647
0.3512757
0.02341884
0.1441962
0.5115279
0.02680153
0.09409781
0.08983457
0.1038264
0.2360417
-0.2351626
0.2316698
0.1452491
0.1561249
-0.0672621
0.09320725
0.5196824
0.8264099
0.6931905
0.523976
0.5347933
0.4077563
0.1092413
0.463944
0.2487611
0.5306049
0.792683
0.5437792
0.7443478
0.5977937
0.5504837
0.1987862
0.649144
0.182111
0.5758929
0.2057231
-0.3409315
0.1359377
-0.04145782
0.4636412
0.6289132
0.1012989
-0.1700436
0.4208017
0.03801198
0.207899
0.4804884
-0.1165896
0.2221296
0.2176131
0.1344463
0.3272889
-0.2015102
0.350239
0.1569196
0.3288296
0.04286508
0.03042783
0.4587835
0.725647
0.3418487
0.4951659
0.3134584
0.04552408
0.484693
0.2187185
0.701175
0.8113777
0.6795006
0.714873
0.6534672
0.4927472
0.1674629
0.5979341
0.2419272
0.6387431
0.03433913
-0.5602134
-0.02329764
-0.1352785
0.5843507
0.6112341
0.03414372
-0.2492702
0.3992708
-0.09368195
0.2003758
0.6264129
-0.1662108
0.06351966
0.2413461
-0.05286101
0.244094
-0.3902957
0.2910561
0.08776796
0.221285
-0.01739796
0.01403289
0.5037773
0.4144115
0.4535533
0.2859543
0.06404597
0.3163452
0.3725982
0.3538005
0.6328977
0.8165155
0.7036504
0.5415129
0.416643
0.4254641
0.6996836
-0.1038622
0.2695356
0.2833862
-0.1858944
0.02185628
0.02766859
0.1009384
0.3387153
-0.008432954
-0.08836197
0.151125
-0.05137518
0.1855062
0.3261507
0.03405711
0.2303797
0.2905052
0.157388
0.4424856
0.03947281
0.193143
0.2495118
0.2501526
0.2291152
-0.1966638
0.2401114
0.620364
0.5841603
0.2568714
0.3325422
0.4144484
0.1721446
0.476199
0.287604
0.4277344
0.4194058
0.7717964
0.4732027
0.5790575
0.1002598
0.2541557
0.5770269
0.2078932
0.2406103
0.2779605
0.150256
0.4793377
0.3936222
0.08018895
0.3115184
0.4379837
0.4092086
0.1508551
0.1945988
0.2713344
0.1384178
0.4065224
0.3786935
0.4028605
0.5079702
0.3088024
0.5252279
0.4428334
0.3724681
0.4403024
0.8371573
0.6262414
0.3275908
0.2643664
0.2711175
0.6711091
0.3480928
0.3941194
0.5763907
0.5586346
0.2346667
0.3464573
-0.02542775
0.3814655
0.2647475
-0.08923165
0.2620396
-0.1125632
0.2912949
0.4739482
0.05766137
0.05023415
0.245581
0.1165491
0.269492
0.3832555
0.1839473
0.2205915
0.3429091
0.387876
0.1745267
-0.05772304
0.2725103
0.3184548
0.4234813
0.004381212
0.1311267
0.4576902
0.7614071
0.09764442
0.1473689
0.1186537
0.5882776
0.2270653
0.2731229
0.4930535
0.5740254
0.3160201
0.2971339
-0.04731623
0.3342769
0.2859517
-0.003163355
0.2816334
0.03256529
0.2176885
0.4154053
-0.03023311
0.1283606
0.1502653
0.1820338
0.1215322
0.2791905
0.1522388
0.2355944
0.162809
0.3456008
0.1183562
-0.02575013
0.1933835
0.2695228
0.2948569
-0.08526887
0.1446882
0.3813965
-0.2020194
-0.09110066
-0.07016521
0.3906777
0.06516305
0.08332466
0.1759214
0.1176883
0.2929155
-0.03048365
0.005872126
0.09537013
0.1276234
0.08006378
0.3923145
0.1230219
-0.01119379
0.04138109
-0.06907444
0.3249119
-0.0008544971
-0.01020112
0.1492954
0.1994878
0.3074998
0.2240957
0.2332224
0.2460696
-0.03631583
-0.1469995
-0.19353
0.2941095
0.06110211
-0.323631
0.06648745
0.09531499
0.6239962
0.6422285
0.436244
0.2578887
0.3873977
0.3009729
0.2988513
-0.1360421
0.246158
-0.08784061
0.185172
-0.05562688
-0.09437567
0.1729714
-0.1421681
0.4101722
0.5430503
0.5348855
-0.1173618
0.08662898
0.1026799
0.05480578
0.3463219
-0.1273387
0.08449426
0.20215
0.09723801
0.02779995
-0.01617963
0.3811576
0.4081267
0.6682122
0.4025892
0.3624708
0.5590512
0.2583501
0.3176348
0.3957715
0.3189122
0.2885871
0.2898673
0.4459095
0.4798282
-0.1850542
-0.2260629
0.4193343
0.33905
-0.111273
0.3713139
-0.2022307
0.2053786
0.2010979
0.301233
-0.06374371
0.02487514
0.1994237
0.1142905
0.29226
0.3394682
0.2823504
0.3464798
0.178499
0.4128771
0.1638367
0.6041402
0.4789765
0.3970799
0.06628252
0.3916786
0.6017238
0.4953974
0.5226237
0.4821201
0.2513438
-0.08115772
0.2504883
0.3388352
0.4507579
-0.2823055
-0.4197883
-0.05040005
-0.1469723
0.6559712
0.7241974
0.2387986
-0.113166
0.2014107
-0.06505197
-0.02884541
0.6150943
-0.2266067
-0.1359189
0.007003166
-0.2411774
-0.0558327
-0.4347493
0.2874536
0.1180192
0.3158302
0.05030905
0.2952831
0.6490491
0.5768303
0.6945446
0.6929025
0.5274229
0.2854569
0.5479265
0.2396409
0.5360584
0.1294768
-0.3484421
0.119634
0.06083091
0.4875943
0.7155013
0.04928948
-0.04357405
0.3853338
-0.004971493
0.2232466
0.6028472
-0.01620963
0.2204191
0.2755343
0.06905373
0.241845
-0.2969339
0.2621404
0.2503319
0.3006336
-0.05851457
0.1205001
0.5960332
0.6615505
0.5429337
0.3483948
0.5137669
0.6852292
0.1024019
0.2315427
0.3027313
-0.04445405
-0.1339066
0.1096011
0.07624487
0.3135151
-0.08852997
0.1371231
0.1283439
-0.02730186
0.2411941
0.500732
0.1616295
0.1907104
0.379311
0.1592951
0.347798
0.05171885
0.228008
0.4010839
0.1917239
0.1825981
-0.2115068
0.3255284
0.3596316
0.3902116
0.3447002
0.6564445
0.191953
0.4588341
0.3483318
-0.1016948
0.1213471
0.1635417
0.3449813
0.5845295
0.2315852
0.1484898
0.4942574
0.2166596
0.2945355
0.5180971
0.1155596
0.5356121
0.3028662
0.2820477
0.5045863
-0.0835304
0.3088292
0.3645021
0.4049767
0.01035169
0.0365174
0.3678069
0.5640058
0.2953642
0.4992603
0.2337909
0.3806585
0.03533685
-0.3361515
-0.113278
-0.0321879
0.353844
0.5468376
-0.1668899
-0.1698711
0.0601327
-0.1750236
0.07220181
0.480113
-0.1122786
-0.1874896
0.07373342
-0.09151358
0.03196194
-0.249666
0.2173594
0.07043501
0.1241922
0.1523608
0.07241908
0.606305
0.3791296
0.696276
0.1995191
0.5843168
0.5167496
-0.04992198
0.009487598
0.1082578
0.3929993
0.5744483
0.1116556
-0.1638938
0.4242743
0.4343159
0.347257
0.252367
-0.009577087
0.1039966
0.1205211
0.3761593
0.4554464
0.2363646
0.6506219
0.1301075
0.3481385
0.349548
0.2416403
0.5523153
0.6420363
0.2217536
-0.1032178
0.7371615
0.359319
-0.07754071
0.6739289
-0.3880427
-0.06866005
-0.04482529
0.4641037
0.08940037
0.07225075
0.4901715
0.1751734
0.5563489
0.3909253
0.2629342
0.3632115
0.4163518
0.4297738
0.02310412
0.380611
0.01328924
0.1313013
0.03474901
0.09810671
0.1187442
0.3828321
0.669378
0.02892022
-0.177344
0.3084541
0.07320085
0.3544385
-0.01407256
-0.007853043
0.34271
0.1834886
0.3197291
0.2753203
0.1055628
0.3088266
0.2006006
0.3339385
0.601681
0.2682594
0.3775662
0.2643475
0.2461841
0.2773573
-0.1118785
0.3044897
0.2614855
0.1168926
-0.1469597
-0.1858091
0.3531227
0.2423484
0.3122187
0.03898851
0.1192569
0.4576255
0.09558406
0.3299341
0.2707471
0.18549
-0.04634311
-0.05573697
-0.1820982
0.1046376
-0.2035316
0.2058167
-0.2386474
-0.2817105
-0.1964144
0.3928818
0.3905239
0.004047723
-0.551924
0.06596266
-0.3962931
0.8433882
0.6148497
0.07026433
-0.3361875
0.6227617
0.2881118
0.243014
0.5731059
-0.2840634
0.02894107
0.1788512
0.1144748
0.3576796
-0.4105075
0.4638047
-0.1057666
0.1456337
-0.03751671
0.1430268
0.4091913
0.5746385
-0.01533428
0.5575292
-0.3536003
-0.003439812
0.1054757
0.3942216
0.3617915
0.4907832
0.5498258
-0.08653776
0.5718176
0.611736
0.3083959
0.728584
0.7067335
0.6915678
0.3685839
0.371266
0.1989354
0.2521572
0.01849132
0.06206562
0.08715158
0.5275545
-0.6068064
-0.289544
0.2192608
0.572867
-0.2320955
0.451036
0.136967
-0.3965067
0.43964
0.3727993
0.06015952
0.5526559
0.223502
0.7666016
0.0466373
0.4730847
0.1998298
0.3169546
0.06710052
-0.09556822
-0.1465251
0.1541614
0.02998478
0.6331183
0.06340131
0.06866957
0.1814465
0.1557922
0.119236
0.09480268
0.2629806
0.2614178
0.272051
-0.004208644
-0.01802245
-0.08922203
0.3272508
0.5555879
0.03849985
0.3637713
-0.07132511
-0.4582292
-0.06600038
0.05089263
0.5922514
0.0515079
0.1608781
0.2997219
-0.1118108
0.5242723
0.3958845
-0.04075084
0.1821219
0.2298514
0.4583844
-0.02756835
0.23907
-0.1033854
0.0370275
0.1889184
0.1387214
0.7254234
0.2772032
-0.3684762
0.4474307
0.2154116
0.06347418
0.592691
-0.4559924
-0.1652039
0.0009535917
-0.1408173
0.04385918
-0.5316735
0.402423
-0.1344397
0.255842
0.03657282
0.3608432
0.5201829
0.2545639
-0.1173017
0.4827332
0.3278683
0.08335689
0.5045609
-0.1709929
0.08996225
0.02126592
0.05110832
0.2299525
-0.2255319
0.5960869
0.08482347
0.3901199
0.1483571
0.409438
0.7279879
0.1252596
0.2035642
0.4753933
0.3085729
0.1655166
0.1071619
0.2643296
0.1345432
0.2360137
0.2155497
0.2212454
0.2859131
0.333641
0.6460223
0.5030187
0.7046456
0.2367028
0.07118204
0.2564886
0.4500172
0.1863911
0.8049104
0.6021477
0.4525657
0.5078422
0.2042992
0.3762169
-0.05775431
0.5849848
0.01512138
-0.006927504
0.1896747
0.1140491
0.467931
0.5210781
0.3898565
0.2828698
0.4764093
0.3337512
0.3726949
0.6025077
-0.006990978
0.5440978
-0.05926019
0.1194735
-0.07727976
0.2492692
0.2939067
0.3672009
0.03465198
0.2235925
0.407209
0.155968
0.6234803
0.6114775
0.5462754
0.6607127
0.2054321
0.2871067
0.4308106
0.4145338
0.2717132
0.4626364
0.6450568
0.4901319
0.7035435
0.5496383
0.5429566
0.3169015
0.4219253
0.3649458
0.168176
0.2354002
0.3311216
0.2567236
0.1236273
0.1728824
0.4902651
0.09002818
0.1446424
-0.3697888
0.265025
0.3166503
0.2337348
-0.03354584
0.2828789
0.4968303
0.6464027
0.6093628
0.600872
0.3798839
0.458116
0.1323658
0.4773459
0.01411711
-0.00184176
0.1739332
0.07275246
0.5294474
0.7144162
0.5988767
0.3434828
0.1741266
0.5685294
0.361315
-0.03879387
0.05044396
0.01564656
0.6052321
0.3528955
0.1475204
0.2290893
0.6369444
0.2370737
0.08389088
0.01736935
0.1659312
0.656016
0.5834359
0.4014615
0.5960415
0.3968471
0.2323255
0.09159533
0.1174121
0.4592997
0.5321006
0.213249
0.1545885
0.3514076
0.1044013
0.1347396
0.3249037
0.3396634
0.2062343
0.5963231
0.07201928
-0.09442145
0.1040217
0.3247839
0.470487
0.3419799
0.5501372
0.5897352
0.2813763
0.1246368
0.2252153
0.3918127
0.2801897
0.2546706
0.3212054
0.2390933
0.4631721
