0.445469
0.1999086
0.1096523
-0.05646053
-0.1291347
0.3256204
0.1213831
-0.09122854
-0.142665
0.2768139
-0.1521269
0.3187037
0.02534089
-0.2397011
-0.388998
-0.1677547
-0.05855525
0.4133811
0.2228616
-0.3071189
-0.1579156
-0.1601243
0.01001122
-0.2025591
-0.3372797
-0.04959275
-0.01086453
0.1919125
-0.09282741
-0.2119656
-0.0980539
-0.2082167
0.09325297
-0.1586279
0.2485432
0.08986747
0.3293923
0.07323042
-0.1875158
-0.06316976
-0.09841476
-0.02409546
-0.07678791
-0.3422502
-0.3218993
-0.05490309
0.05041065
-0.107515
-0.1007423
-0.097418
-0.02673832
0.1510232
0.09588429
0.1492658
0.02351444
0.4677646
0.592562
0.3962408
0.1063868
0.2566096
0.009151505
0.04262444
-0.1394558
0.03625541
-0.1565625
-0.1829509
0.001343312
0.4728069
0.2873753
-0.1915018
-0.1606388
-0.2254815
0.2101915
-0.1162609
0.189634
0.1516201
0.1706313
0.05889447
0.2325609
-0.1485636
0.06049188
-0.1298116
0.2472464
-0.05170982
-0.04287302
-0.03523289
-0.03217616
0.06976677
-0.2310608
-0.03180899
0.02115453
-0.3504612
-0.2080755
-0.1330355
0.01808612
0.2642272
0.2038022
0.180661
0.1293275
0.03993056
-0.05453483
0.04382861
-0.2222584
-0.2677048
-0.4323501
-0.1510776
-0.0459171
-0.2576468
0.1781762
0.3060345
0.2798446
-0.1521863
-0.1908659
-0.03818516
0.1969556
-0.04716762
0.08193658
-0.08942449
-0.2723305
-0.0896667
-0.004215152
-0.1625361
-0.3026864
0.1226567
0.006148598
0.07554249
-0.1379324
-0.2796524
-0.221635
0.05108519
0.1048513
0.2477036
0.1973568
0.01536715
-0.1204734
-0.1666102
-0.01168239
0.003463773
-0.1921509
0.02399644
-0.1189417
0.03813158
0.1990883
-0.118333
-0.1527359
-0.06195236
0.09370778
-0.1617942
0.02248022
0.1845268
0.2992737
0.0928059
0.115049
0.08229589
-0.05388161
-0.001531932
0.01759441
-0.3351639
-0.1957747
-0.05114604
0.1056512
0.03748034
0.1476834
0.2630604
0.2281988
0.2537892
0.2430376
0.3183295
0.2523301
0.5943673
0.6135142
0.2188618
0.4028904
-0.04659157
0.07670439
-0.08822895
-0.1152797
-0.006423096
-0.08580825
-0.2804141
0.1615852
0.2898447
0.2236445
-0.2391342
-0.2951386
-0.2276892
-0.09620639
-0.2004078
-0.05360357
0.1140588
0.2022194
0.1372936
0.161822
-0.1927001
-0.06412646
-0.1426266
0.1955391
-0.128305
0.05605871
0.09992832
0.06820578
-0.02434773
0.08961473
-0.1557197
-0.05127084
-0.3321268
-0.220737
-0.04752237
0.08443185
0.1460146
0.2301106
-0.1161213
-0.0978412
0.01030961
-0.06600975
-0.01838219
-0.03605748
-0.1085784
-0.3101408
-0.08146559
0.006992463
-0.1586208
0.02222119
0.1056355
0.223086
-0.01589614
-0.03432341
-0.04872081
0.1368835
0.2496737
0.0598866
0.03561168
0.432917
-0.09349217
0.106929
0.05574521
0.2182779
-0.07145917
0.2140674
0.07353172
-0.0003577443
-0.1023066
-0.1405778
-0.07116204
0.2561187
0.2471023
-0.1630193
-0.1258858
0.3516024
0.210684
-0.184952
-0.09869489
-0.007020704
-0.150241
0.03911786
0.009069224
0.2539736
0.2104349
0.1243206
0.1453948
0.05964854
0.14803
-0.05620612
0.2172177
-0.001016772
-0.0893788
-0.2505468
0.1058032
-0.01068477
-0.03932751
0.03353912
0.1262113
-0.1765518
0.02295979
0.05773699
-0.1818005
-0.2266833
-0.2170348
-0.1516267
-0.2126011
-0.2221003
-0.2104628
0.1489642
0.07041113
-0.1222355
-0.2146045
-0.02115272
-0.0707489
-0.07184145
-0.1383408
0.09043142
-0.07422887
0.01872815
-0.0635438
0.1019442
0.09222127
0.001695288
-0.06567799
0.03684434
0.1197635
0.06926136
0.3208794
-0.04955128
0.03097094
0.1771554
0.1351991
-0.08030917
0.08416124
-0.03194397
0.1747686
0.1646713
-0.2447408
0.2290909
0.03844017
-0.02894588
-0.3176943
0.1365996
-0.01247194
-0.08556638
-0.1777474
-0.03680131
-0.06866876
0.08991301
-0.1278331
-0.0007001933
-0.09391437
-0.03536208
-0.181918
0.1983121
-0.2793411
0.1416389
0.03507156
-0.1842835
-0.04444602
0.0525585
-0.03270636
-0.07910442
0.03660781
-0.2757101
-0.01359519
0.160243
0.2482914
0.06975837
0.02764579
0.2161925
0.3969354
0.01608384
-0.004577757
0.1518588
0.3287539
-0.3728432
0.286559
-0.2468109
-0.1026139
-0.2444458
0.02917046
0.2792798
0.1766524
-0.09562752
-0.2290163
0.09017871
0.4865065
0.07027447
-0.15487
-0.0858991
0.07038121
-0.05448984
0.128375
-0.01274616
0.3599442
0.1113173
0.2844269
-0.1191402
0.07186027
-0.1457463
0.07627786
-0.1126196
-0.0882963
0.08722704
-0.044613
0.1243609
0.108958
0.2250211
0.194141
-0.144232
0.0755815
0.01633611
-0.4029203
-0.3414753
-0.331082
-0.3758578
-0.2729142
-0.2982088
-0.3557761
0.1179954
0.05658838
-0.06572868
-0.1364847
0.1665963
0.2003372
0.01447135
0.1384117
-0.08242267
0.2037478
0.09357111
0.2598843
0.1619234
0.07250228
-0.1850654
-0.002755388
-0.05956324
-0.141154
-0.0277722
0.08893624
0.007617926
-0.002832719
0.1183223
0.3017615
0.01601032
0.2060825
0.08117472
-0.00188376
0.0690144
-0.09811748
0.4592987
0.4478263
0.00877784
-0.1129119
-0.01743758
0.015259
-0.1908497
-0.0891357
0.2505881
0.1400322
0.01895729
0.1387298
-0.06361926
-0.1502476
-0.1346361
-0.04140782
0.1345674
-0.199528
0.02741925
-0.05371695
0.00618351
-0.004885119
-0.07889913
0.01802255
0.1028551
0.03567539
-0.1890847
-0.07009604
-0.05623087
0.122614
0.5817737
0.09656069
0.0873198
0.3547247
0.5553916
0.2770409
0.2766742
0.06607206
0.1196983
0.2476415
0.5348416
-0.2776839
0.0327433
0.03988326
0.03448336
0.2587057
0.2634175
0.192446
0.2683893
0.202976
0.3258679
0.6481069
0.477475
0.08011996
-0.06786298
-0.05038997
0.1109903
0.1863136
-0.02346176
0.1175776
0.007772956
-0.3567114
-0.0782198
-0.002915755
0.02672091
0.2055799
0.01830597
-0.3559476
-0.3492702
-0.1654955
-0.1554411
-0.09256834
-0.2780079
-0.310921
-0.3229381
-0.4345865
-0.5597204
-0.3060357
-0.4551817
-0.3897923
-0.5061793
0.01200259
-0.1680085
0.2473313
0.2187815
0.321926
0.2907727
0.1684464
0.1487358
0.0315624
0.1532598
0.1926437
0.1320157
0.1380861
-0.2158705
0.3779343
0.333589
0.1895671
0.00132923
-0.1180055
0.1298136
-0.06888984
-0.04466478
-0.05915635
-0.1689782
0.03428916
-0.1418246
-0.2058711
-0.08391079
-0.2189544
-0.3303834
0.2211077
0.5102382
-0.1725076
0.1343335
-0.240828
0.06773789
0.08535971
0.4102098
0.2006597
0.123395
0.3057418
0.3373748
0.05924689
0.231907
-0.1751797
0.2874424
0.09939581
0.2337754
0.02495829
-0.008571318
-0.03677213
-0.08132515
0.0805781
0.2032009
0.01046176
-0.05178547
-0.382878
-0.04337319
-0.06962187
-0.1850179
0.02572037
-0.01661578
0.2794688
0.680003
0.2707555
0.1477575
0.07591358
0.04692058
0.3971155
0.507002
-0.2118679
-0.2634372
-0.0008775827
-0.1634764
0.161864
0.05039932
0.1411718
0.09212326
0.1593723
0.2450035
0.5280358
0.4444139
0.01669238
-0.1879841
-0.1328727
-0.01122174
-0.1380567
-0.1474218
0.01706795
0.06596602
-0.231535
-0.1481813
-0.0725569
-0.1843482
0.07051425
-0.01399702
-0.285183
-0.2648768
-0.1388987
-0.3005452
-0.161405
-0.2677791
-0.2391595
-0.2194849
-0.3254502
-0.3525925
-0.2682335
-0.3833737
-0.3467934
-0.3544953
-0.171805
-0.2286225
0.08704835
0.2206295
0.2288743
0.2546773
-0.009435551
-0.05600359
0.1261121
0.3210855
0.05874234
-0.04359551
0.08446642
-0.2586296
0.3420479
0.2148637
0.1953753
-0.08883036
0.09757062
0.1331555
0.09036444
-0.2932284
-0.1112354
-0.121135
-0.03215955
-0.1373546
-0.113946
-0.2469658
-0.1243254
-0.3000341
0.03178906
0.2752883
-0.1363011
0.07496787
-0.09117465
0.1935002
0.2598926
0.3024452
0.08006301
0.05645895
-0.02214319
0.1030619
-0.0006405938
0.3279183
0.0108296
0.2971078
-0.01789503
0.1398503
0.1107227
0.1009465
-0.04779658
0.06384186
0.0737799
0.01492847
-0.2072385
-0.1296022
-0.1231474
-0.01163635
-0.04247551
-0.1787669
0.2210527
0.1924055
-0.007702509
0.1363226
0.04627462
0.1447822
0.05324219
-0.1746765
-0.07509278
-0.2348586
-0.1416474
0.2950199
0.3117044
-0.2940046
-0.005649163
0.07147624
0.02063621
-0.3193977
-0.2920575
-0.1817012
-0.04270622
0.2432057
0.01341349
-0.03700476
0.1300682
0.119342
0.2380106
-0.1516474
0.1762576
-0.1088158
-0.0822679
0.05991524
-0.1597582
-0.08240069
-0.1898882
-0.1475935
-0.0786171
0.04412398
0.1672561
-0.08508882
-0.1186778
-0.04888701
-0.2611731
-0.3945954
-0.330774
-0.1932989
-0.2193274
-0.4113528
-0.3208688
0.06867159
0.1177184
0.2231234
-0.1265181
0.3548546
-0.0008593235
0.2043163
0.2425619
-0.118319
-0.1441151
0.1005831
0.03276367
0.1402638
0.2044952
-0.01073363
0.09774725
-0.0428736
0.1289515
-0.008287172
0.2830209
-0.00553348
0.05403554
0.02316443
0.05411559
0.1407921
0.2403148
-0.1204636
0.1064178
0.01376132
-0.06457531
0.1653635
-0.02325608
-0.03435001
-0.5055787
0.151172
0.0270965
-0.1189051
-0.03937747
0.02944519
0.05330156
0.1418805
-0.05560745
0.2068135
0.1245873
0.02730509
0.02503135
0.1808209
-0.1000397
0.08240876
-0.06204686
-0.2282581
-0.05838511
-0.08416183
0.1399543
0.1197124
0.02387214
-0.4005535
0.03049713
0.05910595
0.06677934
0.1177968
0.1893989
0.1431515
0.4699155
-0.06819621
0.5642609
-0.2484895
0.106016
-0.277974
-0.1241195
-0.06269445
-0.03708646
-0.1298656
-0.1857412
-0.2832481
0.139529
-0.3069799
-0.2418665
-0.1446295
0.02484262
0.1643007
0.1313007
-0.353743
0.1179603
-0.2029602
-0.1515267
-0.153327
0.2116019
-0.3149218
-0.04817286
-0.2016816
-0.1170764
-0.1363978
-0.1951527
-0.1859418
-0.1189013
-0.1840481
0.01981556
-0.1944155
-0.1445426
-0.2945169
-0.283858
-0.2167851
-0.2680965
-0.1207466
-0.06215932
-0.2181748
-0.2077964
-0.04559898
-0.06425198
0.1886454
0.05490933
0.50156
0.460071
0.1407294
0.3600553
-0.2587982
0.2654085
-0.01395669
0.1468248
0.03969536
0.008630858
0.1069348
0.04123286
-0.1780696
0.0307378
0.09021994
0.1280403
-0.06950974
0.07261914
0.05429863
0.09994423
-0.07981493
0.07404092
-0.3009093
-0.0941212
-0.03455893
-0.03493137
0.04585693
0.2223607
0.0115281
-0.06209712
0.1489552
0.1345043
0.2613942
0.09543495
0.2164617
0.2511365
0.1759204
0.2256136
-0.09755309
0.02904505
0.02701912
0.2469009
0.1726187
0.1794409
-0.003125005
-0.06529474
0.1643319
0.1947007
-0.1009727
0.2637738
0.1987132
0.09423703
-0.09541165
0.163059
-0.08435624
-0.07711927
0.3529343
0.08573501
0.3680835
0.038384
0.2324279
0.2105037
0.2524212
-0.1830809
-0.002061486
-0.1606236
0.01364521
0.1010921
0.2681621
-0.03313356
0.03468323
-0.06104601
0.008806774
0.2631416
0.2163028
0.02946646
0.04388159
-0.1419028
0.06235883
0.08421106
-0.06215228
-0.1184555
-0.09140382
-0.3523055
-0.3930854
-0.2274741
-0.004575382
-0.1387283
-0.2126513
-0.3016668
-0.2576857
0.02010588
0.1970606
-0.2504352
-0.1539287
-0.1081775
-0.06360408
-0.2857882
-0.2781531
-0.1880952
-0.1984184
-0.3802737
-0.2780777
0.07834729
-0.08296261
0.01316282
-0.06725357
0.3209232
0.3863414
0.1870872
0.3999973
-0.1747011
0.190854
0.1069457
-0.02511133
0.152225
-0.2360601
0.1793166
0.2736579
0.003867323
0.148088
-0.1657197
-0.05986486
-0.1048368
0.04829498
0.04202322
0.07546052
0.2536404
0.02998639
-0.2481358
-0.1762208
-0.1938593
-0.2690381
0.04164415
0.1119051
-0.03117932
-0.1254076
-0.009545612
0.1384327
0.2646859
0.1990064
0.125155
-0.1582727
0.007040562
0.05276483
-0.01458246
0.1191275
-0.0998648
0.3016038
0.1143896
0.03200875
0.3040347
0.1724542
-0.1753389
0.09648013
0.1739699
0.07921312
-0.1527938
0.01824518
-0.2430117
0.01247934
0.2225004
-0.09394319
0.1407739
0.1809479
0.175091
0.1981277
0.3414671
0.5104569
-0.2716615
-0.3496969
-0.1068415
-0.3731113
0.1446898
0.04803839
0.126801
0.1319078
0.01035511
0.2911833
0.4235442
0.3903593
-0.06946626
-0.2267501
-0.2275064
-0.06486868
-0.1502684
-0.3005675
-0.004352046
-0.05925264
-0.322597
-0.2688912
-0.1110073
-0.1432544
-0.09912859
-0.08992291
-0.3846204
-0.3905939
-0.2643664
-0.2809305
-0.1120026
-0.3005321
-0.3140543
-0.1025409
-0.2869065
-0.3347185
-0.2322222
-0.3899372
-0.2776574
-0.2750808
-0.1821444
-0.2296616
0.1716684
0.2501012
0.3722943
0.3977154
0.01774133
-0.06809482
0.08522106
0.4729773
0.1095609
-0.08782735
-0.08736439
-0.306724
0.4995159
0.3237302
0.1009836
-0.09312339
0.1665565
0.1484024
-0.009742842
-0.2742267
-0.02493681
-0.1797592
-0.1937596
-0.311036
-0.3494874
-0.3297155
-0.2067335
-0.4558461
-0.1179132
0.260948
-0.2535286
0.1365684
-0.02664561
0.3262629
0.4261362
0.4667214
0.3046567
0.06559669
0.1448452
0.2157896
-0.02838694
0.3635326
0.06897005
0.217244
-0.06786956
0.3071133
0.2319394
0.1760901
0.06269418
0.2447433
0.1083059
0.1259077
-0.1911707
-0.005758483
-0.0461414
0.07623751
0.0321274
-0.1316999
0.060227
0.4180527
0.2723365
0.09322496
0.06961292
-0.1088915
0.0296774
0.3715077
0.1903623
-0.4398985
-0.145401
0.3093299
0.04311046
-0.1444903
-0.2353113
0.1382352
-0.2154852
0.2961124
-0.06866069
-0.1125593
0.1076106
0.04374236
-0.06425262
-0.0386236
0.4445532
-0.3050025
0.1041468
-0.2177261
-0.1986561
-0.2741136
-0.04759238
-0.1785676
-0.08594098
-0.297248
-0.262571
-0.1669751
-0.03046142
-0.2572427
-0.2203189
-0.309533
-0.2403716
0.06980534
0.02318396
-0.144831
-0.1346247
0.1030752
0.2152148
0.09662755
0.00533603
0.275921
0.1668048
0.2328077
0.1102484
0.2013227
-0.0006989853
-0.3743847
-0.3461239
0.1052945
-0.0267125
0.05461558
0.1075088
-0.02643565
0.08653306
0.005652955
0.2989972
-0.03043216
-0.2983922
0.130269
0.144147
-0.1010566
0.07819766
-0.1156951
-0.01527076
0.2161795
-0.1174716
0.1041831
0.03674695
0.1753568
-0.1031586
0.1333407
0.2147806
0.07008243
-0.04756222
-0.09524973
-0.01515782
0.1270177
0.2472174
0.004357621
0.118416
-0.2357448
0.12094
0.1505411
-0.02803957
-0.05242057
-0.2005278
-0.1457038
0.04289096
-0.007549044
0.2256763
0.1135464
-0.002598543
-0.2896277
-0.01539998
-0.08996436
0.1543952
-0.1285003
0.4577456
-0.01091257
0.3099738
-0.2741302
0.08883412
-0.08373437
0.1903374
0.08967667
-0.02673955
-0.0890878
0.1777551
0.0009603628
0.03918129
0.1686952
0.1355951
0.2495652
0.2899825
-0.163892
0.3283655
0.1819307
0.1565835
0.06319637
0.1387401
-0.4132853
-0.07960244
-0.1440825
-0.04537073
0.07456909
-0.2174908
-0.276109
-0.2488162
0.07817328
0.2064477
-0.2048017
-0.1494535
-0.1334578
-0.3183181
-0.4561299
-0.4268016
-0.4283845
-0.4145272
-0.4412862
-0.4289798
0.09164404
-0.09930155
0.1319787
0.09666507
0.3651858
0.3683094
0.339596
0.4943731
-0.3205994
0.1996176
0.1838936
0.3483488
0.1410996
-0.2444432
0.1683802
0.127564
-0.0989158
-0.005483636
-0.04319328
-0.1601631
-0.219889
-0.04644204
-0.00250154
-0.1130525
0.1811057
0.2062054
-0.2456876
-0.1085008
-0.01793102
-0.007215775
0.07609353
0.3519114
-0.1291625
0.005896897
-0.009408201
-0.07800549
0.1564539
0.02967073
0.2609628
0.06497578
0.04208904
0.237021
-0.1413808
0.01045352
-0.1339338
0.356469
0.1234502
0.1468332
0.1325884
0.1265267
0.1329424
-0.01398558
-0.1192358
0.201471
0.08647292
0.1461112
-0.2666952
-0.09391745
-0.01449077
-0.2592526
0.1685139
0.207127
0.04939145
-0.09222054
-0.1079883
0.1340165
0.01022383
-0.3355723
-0.1655765
0.184273
-0.2585078
-0.175477
-0.1637809
0.08557793
-0.2191009
0.2702611
-0.04291909
-0.06866593
-0.1334808
-0.03328584
-0.1787272
-0.0786943
0.2173943
-0.1748779
-0.08009806
-0.1028258
-0.1227133
-0.2384316
-0.04517886
-0.2590371
-0.160927
-0.4468267
-0.2474424
0.003969864
-0.1146734
-0.1211559
0.1200182
0.0201177
0.1034311
0.2010983
0.1593007
0.133355
0.1706099
-0.01754481
0.1734762
0.2222491
0.1189845
0.1265815
0.001425757
0.1755279
-0.1158595
0.115368
-0.1334586
-0.2328408
-0.3456794
0.05409922
0.07461669
0.02893095
0.03952473
-0.07183747
0.2013374
0.1029999
0.153927
-0.1273665
-0.1657529
0.1674856
-0.007803062
-0.1419807
-0.03594236
-0.1523115
0.07979475
-0.05264753
-0.2469845
-0.09239618
-0.2296176
-0.005871452
-0.1154266
0.06394274
0.1988587
0.06559506
0.1726204
-0.05163588
0.01172946
0.1554036
0.321441
0.03287452
0.2536268
0.1444392
0.05258535
0.04468842
0.03860308
-0.05470123
-0.0980478
-0.01658688
0.1296415
-0.01354475
0.107437
0.09706595
0.1317976
-0.02875164
-0.02914837
0.213902
0.1073001
-0.09228311
0.08731206
-0.312698
-0.06671596
0.01721864
0.0980193
-0.1528603
-0.1563122
-0.1287352
0.1033366
-0.2039603
-0.1841744
-0.1191343
-0.1216129
0.03255648
-0.007190544
-0.2514849
0.05534177
0.1018502
-0.1229801
-0.1146085
0.2407836
-0.5090196
-0.1460381
-0.3587958
0.02145407
-0.2404336
-0.1940629
-0.2387743
-0.0730878
-0.1017883
0.04213678
-0.1407994
-0.1741486
-0.1641419
-0.1563811
-0.2946856
-0.1974949
-0.1249464
-0.05613014
-0.1504876
-0.1135759
-0.08439159
-0.06821871
0.1388623
-0.008737319
0.3830294
0.2447384
0.2087124
0.3156156
-0.293373
-0.007433354
0.04564547
0.05832595
-0.05230919
-0.06818526
0.05972727
0.06052152
-0.1891713
-0.1233551
0.1149886
0.04671735
-0.1656946
0.009751688
0.1898155
-0.003320121
-0.02957125
0.2510295
-0.165247
0.01481292
-0.08360028
-0.1029568
-0.0240852
0.1717909
-0.02038407
0.05025406
0.1683771
0.01432126
0.3635986
0.2764987
0.1861792
0.1054616
0.07393892
0.2196345
-0.07944947
0.07154828
0.03952109
0.2228917
0.3849671
0.1156996
0.2210647
0.1828169
0.01644622
0.141675
0.07696091
0.1411163
0.02669966
0.1780449
-0.1601525
-0.000274704
0.04024024
0.003767016
0.4841676
0.3727184
0.1519124
0.05116051
-0.172992
0.1770674
0.05369651
0.2363543
-0.039073
0.2133186
0.3710163
0.4297416
0.2593769
0.04562881
0.1138484
0.0807043
-0.09692409
-0.1320055
-0.2494579
-0.07906569
-0.3442631
-0.2027534
-0.1336673
-0.3269485
-0.1376799
-0.05629421
0.1137406
-0.154326
-0.08254336
-0.134607
-0.1545348
-0.2836672
-0.301354
-0.2317203
-0.1473774
-0.01137544
-0.04252647
-0.08702491
-0.05265138
-0.07409715
-0.07143173
-0.3640296
-0.3201926
-0.1386006
-0.0009518213
-0.07660038
-0.002773254
0.07275219
-0.1199975
-0.01049089
0.09271658
-0.2013919
-0.3433451
0.1298476
-0.2004749
0.2792956
0.2409691
0.008205114
-0.06849385
0.03838353
-0.08101014
-0.05007192
0.02833141
0.1570104
-0.05594752
0.2235659
-0.06335104
0.008825263
-0.1423904
-0.1239234
-0.2466002
-0.1440561
-0.03892474
-4.488629e-05
0.03175957
-0.1366436
0.01641842
0.08112513
0.1994159
0.01047994
-0.124109
-0.2031636
-0.0568399
-0.1502613
-0.006530996
0.1004905
0.09608774
-0.1647567
0.09677284
0.08885844
0.1399161
-0.000562451
0.01699691
0.2572265
-0.2487572
-0.3888009
-0.07755984
0.05534305
-0.1761461
0.004572365
-0.1630161
-0.06989591
0.009257902
-0.2272546
-0.1608262
0.3021852
0.1285413
0.2030945
0.2074682
0.2778976
0.3982358
0.4208639
0.3285654
0.1101765
0.1791308
0.07961489
0.1170378
0.09789275
-0.1894297
0.1113696
-0.08680218
-0.3172848
-0.2351697
-0.1640217
0.157285
0.007480384
-0.03237577
-0.4532797
-0.3379317
-0.1344127
-0.1347761
-0.218245
-0.3555234
-0.2252863
-0.1918763
-0.07176029
-0.2010956
-0.3365141
-0.3530451
-0.3340368
-0.2905979
-0.2652902
-0.290668
0.03678864
0.2070918
0.06671419
0.1408659
-0.0397688
0.02970121
0.04311492
0.2947856
0.1888471
0.04160342
-0.0958972
-0.04490393
0.2566
0.3709603
0.1587502
-0.04723297
-0.0182935
-0.004084368
-0.2268671
0.0122128
0.0672338
-0.1070396
0.1210613
-0.1401694
-0.1926915
-0.4049204
-0.09117388
-0.2141301
-0.06561597
0.2474015
-0.1681106
0.2252401
-0.1163575
0.08172884
0.2469803
0.2191741
0.2741161
0.05932779
-0.06311246
0.173033
-0.2316069
0.1199759
-0.04730189
0.199913
0.008599936
0.1870597
0.2854155
0.2813805
0.07776896
0.006647287
0.2171379
-0.02582737
-0.2229503
-0.01213734
-0.09153198
-0.03503914
0.04021597
-0.2863081
0.3224288
0.1492891
-0.03301739
-0.009927479
0.07033977
0.0628144
-0.1931166
0.05725068
0.1049919
0.03078506
-0.1739865
-0.04141838
0.2725049
0.1613723
-0.1074284
-0.01078692
-0.03854811
-0.04542441
-0.2366194
0.0706664
-0.04228157
-0.1728189
-0.07248763
-0.04144074
0.1737564
0.004790183
0.1286448
-0.05101594
-0.00957299
-0.1398559
-0.1235042
-0.1013796
-0.05881346
0.1509517
0.1547708
0.1031279
0.2064294
0.1255371
0.1644389
-0.06000683
0.08266218
-0.2907727
-0.1491867
-0.2047185
-0.1409991
0.09400368
-0.1199615
0.03100584
-0.06746064
-0.2462757
-0.3499005
-0.01957345
-0.06368236
0.05902776
0.02285091
-0.08857697
-0.06988929
-0.04866927
-0.1269967
-0.007516379
0.104432
0.08465724
0.05465436
0.3407277
0.09217949
0.2129837
0.04735736
0.03929224
0.1361282
-0.1033908
-0.2665843
-0.07286373
-0.1385129
-0.02783724
-0.04595902
-0.1442247
-0.07849369
-0.1184075
-0.224029
-0.2680528
-0.2506242
0.01760789
-0.272135
0.06679505
-0.05852496
-0.1502974
-0.009002489
-0.07417177
0.004663911
0.02350121
-0.03226101
0.2860579
-0.2729251
-0.2346526
-0.07747281
0.1463329
-0.03238107
-0.07672947
-0.03860692
0.1389604
0.2989963
0.09662247
0.07400885
0.08868725
0.04250474
0.1606893
0.1659839
0.08932169
-0.1185007
0.009359355
0.1695746
0.2002309
-0.0542525
0.2183726
0.2270051
-0.04215857
-0.1214327
-0.169254
0.1375325
-0.1262477
0.03692893
0.05333755
0.230489
0.02209622
0.111758
0.1227949
0.2218403
-0.07158686
-0.07280436
0.06559885
-0.1013417
0.02723495
-0.08495646
-0.111536
-0.04384234
-0.1621001
-0.2127284
0.1221687
0.1371829
-0.08513153
-0.1874563
-0.07847678
-0.07975685
0.2089197
0.1999711
-0.05192367
-0.09575506
0.02365537
0.0355345
0.1838896
0.01288814
0.04934531
0.0770918
-0.1490721
0.02851239
-0.2271826
-0.01479346
0.0284878
0.2027791
0.1204211
0.2358502
0.4787835
0.2252606
0.08572353
0.06532639
-0.09894844
0.1476794
0.01412579
-0.01273555
-0.03498417
-0.000426693
-0.151737
-0.09880049
-0.2095583
-0.2899534
-0.04729355
-0.2377784
-0.2971134
-0.2128339
-0.100243
-0.4115179
-0.2541338
0.05097416
0.006822904
-0.1134527
-0.1510454
-0.09518292
-0.1454007
-0.1436786
0.2297556
-0.1063362
-0.1188096
-0.03948916
-0.07950477
-0.2709801
-0.08396678
0.03144084
0.4429281
-0.295445
-0.3153209
0.1018943
-0.150704
-0.2657417
-0.2870534
-0.02000069
-0.05184768
0.2543041
0.1551421
-0.001464262
-0.04330523
0.126127
0.3194781
-0.2740695
0.06207343
0.02324813
0.2623155
-0.05668921
-0.1205735
0.02542858
-0.02344821
-0.1334395
-0.0475281
-0.2134891
-0.1689656
-0.3303824
-0.1699289
-0.1834734
-0.2618918
-0.3851004
-0.2261509
-0.1142191
-0.1384445
-0.1304441
-0.1600689
0.2732954
0.4253655
0.07332374
-0.09383986
0.1607854
0.005600712
0.1765068
-0.08787997
-0.1054064
-0.2749488
-0.3390114
-0.1792249
0.3228652
0.09261481
0.1294023
0.02789084
-0.1030275
-0.08972189
0.01737638
0.2658455
0.07704218
0.04282951
0.0824997
0.04481219
0.0669325
0.2101942
0.1602992
0.3270166
-0.07605985
-0.1197458
0.2504895
0.1764924
-0.2157315
-0.2850231
0.129272
0.0269683
-0.2388674
-0.04871481
-0.1588118
-0.1073201
0.06537854
0.01632378
0.08110708
-0.08835839
0.08910976
-0.1683167
0.08218449
-0.1123682
-0.1363728
-0.2910539
-0.1673279
-0.1417987
-0.06734838
-0.119795
0.06731028
0.1988788
-0.1145336
-0.1170079
-0.1510971
0.09904814
-0.01578614
0.07293703
0.04515541
-0.03684821
-0.1263154
-0.1222813
-0.1560454
-0.01813088
0.3882808
0.21862
0.2148059
0.1800965
0.3737648
0.5581728
-0.05493432
0.1344742
-0.1349175
0.1937672
-0.004468688
0.02336196
0.1420013
-0.01468644
-0.06297082
-0.03251853
0.1880287
0.3158547
-0.06352603
-0.1545444
0.1020351
-0.2497298
-0.380633
-0.3133927
-0.2165422
-0.1786484
-0.2679537
-0.2328828
0.176997
0.2042053
-0.007361069
-0.3062081
0.04726124
-0.1529198
0.4144688
0.376889
-0.2979266
-0.5151431
0.00771121
0.005682194
0.3809815
0.2064515
0.05879224
0.01544092
0.03665246
0.1310048
-0.1965621
0.08179444
-0.04553421
0.1644219
0.00855609
0.0184766
0.334218
0.4203326
0.1045912
0.4013682
-0.01789611
0.2086706
0.2713078
0.106341
-0.08512801
-0.3525234
-0.04636462
-0.3505171
-0.3132841
-0.2166023
-0.1220318
-0.2528888
0.02486596
-0.02504667
0.01370855
-0.215071
0.02213781
-0.07349312
0.3088002
-0.0946998
-0.2046689
-0.1147018
-0.1212763
-0.2657365
-0.08069949
0.03924457
0.240734
0.12672
-0.2832528
-0.1601398
-0.07025507
-0.07547825
0.3773636
-0.07455556
0.1555884
0.3567738
0.5597546
0.2626687
0.4793539
-0.2474439
0.05687734
0.1794991
-0.01411025
-0.02220796
0.01358176
0.09593843
-0.4003026
0.06454392
0.01204783
0.09176751
0.1184677
0.4337365
0.1476244
-0.04226751
-0.08660132
0.2081988
0.06134393
-0.03133161
-0.1587206
0.1727085
0.0713896
0.205809
-0.03617455
-0.1218763
-0.2103965
-0.05507871
-0.07803481
-0.06641334
-0.3033876
-0.04106267
0.07907991
-0.1751416
0.01299227
-0.2010161
-0.0349571
-0.1790138
0.0948117
0.2408284
0.2818094
0.05263129
-0.1306311
0.1386032
-0.09351248
0.06047112
-0.2543582
-0.1880303
-0.3200276
0.05193849
0.2997198
-0.1478117
-0.2152752
0.09679258
-0.03390007
0.06223547
0.01007904
-0.1528094
0.06672755
0.01749905
0.3066771
-0.1694026
0.3009727
-0.4177209
-0.2245649
0.007794129
0.1826739
0.02413262
-0.09927584
-0.1231415
-0.06142123
-0.05978816
-0.1063697
0.1226215
0.09619829
-0.1731148
0.1659212
0.0289702
0.1750066
0.09788416
-0.1382548
0.1063329
-0.1564925
-0.1831213
0.05131053
0.008030379
-0.03063547
-0.03233479
-0.3361433
0.06000376
-0.0898006
0.1071852
0.2598909
0.2380608
0.274827
-0.1163208
-0.1548981
0.2417073
0.03895037
0.1979066
0.05906158
0.1904241
-0.09835179
0.01348491
-0.08047463
0.2261614
0.05729719
0.1185987
0.2894353
-0.03385457
-0.04324596
0.1670433
0.1000628
0.1201771
0.02702425
0.1399945
0.01244453
-0.0662569
-0.1599018
-0.08806387
-0.0839144
-0.07943644
-0.1068805
-0.003375198
-0.1779159
-0.1382506
-0.1402853
-0.1366567
-0.08656703
0.02091333
0.171576
0.08041701
-0.009391435
0.2332346
-0.06485728
-0.04775246
-0.01046402
0.2268422
0.1758625
0.02047101
-0.007983236
-0.1191861
-0.01000679
-0.06093421
-0.0780938
-0.006399924
-0.05422384
0.1988208
0.07273845
0.07628225
0.01484655
0.03482614
0.08374193
-0.04712772
0.02272001
0.02010962
0.06983361
-0.2168639
-0.3436376
0.09675321
0.1281298
-0.02875934
-0.3547163
-0.1132124
-0.1822194
-0.1314978
-0.2421262
-0.1160437
0.1674751
-0.05878232
-0.05959565
-0.07002077
-0.01286351
-0.1866391
-0.3821515
0.02018591
-0.09341063
-0.05163583
-0.07590864
-0.2039935
-0.07417683
-0.02657924
-0.2744514
0.4047498
0.3866227
0.3023522
0.2602485
-0.1386113
0.005709204
0.1284097
0.5851926
0.46828
0.4535379
0.1213058
0.3560307
0.1005886
-0.1351588
-0.1026309
-0.1170691
-0.1891672
0.0367714
0.0370565
-0.2459682
-0.1634463
0.03586905
0.02149552
-0.09391568
-0.2082138
-0.1268171
-0.1163469
-0.1947445
-0.1503376
-0.2460517
-0.2347145
-0.2070134
-0.1764523
-0.1364244
-0.03576511
-0.3142021
-0.2767965
-0.2580072
-0.08008731
0.06214195
-0.1159282
0.4430981
0.1534518
0.1663483
-0.1428266
-0.01597535
0.05060764
0.1107087
0.1886665
0.2016078
0.1073152
0.03008947
0.1059436
-0.09610282
-0.2260554
0.1709665
0.02403983
0.1016463
0.07515447
0.05075154
-0.161754
0.3033385
0.03593246
0.2107102
0.06480215
-0.005005843
-0.0570555
-0.2569299
0.01976571
0.005651463
-0.05666169
0.2092678
0.1098342
-0.05504461
0.1509463
-0.1787951
-0.05902601
-0.1552256
-0.01757933
0.01271948
0.0425079
0.1205221
0.1622018
-0.03229276
0.04402561
0.1063421
0.07775772
-0.1569903
-0.1946756
-0.102341
-0.04262826
0.02100909
0.11267
0.4548282
0.2861261
0.2493789
0.140641
-0.04574066
0.07546047
0.2047327
0.3600301
0.1839915
0.1211407
0.313558
0.05728776
-0.1600169
-0.02604418
-0.03695104
-0.07676681
0.03190145
-0.1216131
-0.04990897
-0.1318426
0.09453918
0.05052545
-0.05491223
-0.05178837
-0.1251337
-0.3548251
-0.2117961
-0.2671642
-0.3339646
-0.2975402
-0.2806098
-0.3641673
0.10662
-0.09814442
-0.09478397
-0.1303165
0.06263465
0.08283845
-0.08331727
-0.04607005
0.2982918
0.307393
0.310768
0.3076296
0.2572645
0.0859586
-0.1825903
0.1086094
0.1811466
-0.01802634
-0.0519992
-0.05284531
-0.1085774
0.1853394
0.25654
0.07283576
0.004496721
-0.1033506
-0.1385968
-0.2583431
0.1945544
-0.07285237
0.2104258
0.4270808
0.0207949
0.02103207
-0.279966
0.04562849
-0.1325319
-0.1242009
0.3814421
0.2643961
0.2149241
0.2927551
0.007558043
0.02355508
-0.2094764
0.03285946
0.08363811
-0.08047921
0.1238982
0.1539303
0.04410686
0.06809372
-0.008693379
0.3171287
0.05094475
-0.01405424
-0.1747587
-0.06390155
-0.05030167
-0.008296494
0.6012479
0.3793928
0.1280829
-0.1135187
0.1845959
0.3700805
0.3329722
0.2796233
0.09687782
0.3509732
-0.1101352
-0.02589494
-0.06029567
-0.1145262
0.1070468
0.2942711
-0.04212832
-0.08206544
-0.1188593
0.1543563
-0.06370506
0.07601522
-0.1489418
-0.0694686
-0.09805013
0.06546021
0.07617038
-0.2549286
-0.1915522
-0.0554787
-0.1485386
-0.03315185
-0.1300188
-0.1234901
0.06241442
-0.3319226
-0.1138821
-0.07152331
-0.005749503
0.2878989
0.1707021
0.4190615
0.3119324
0.160367
-0.06263428
-0.07090441
0.2279368
0.2258317
0.0004200508
-0.2296898
-0.2659937
-0.1016831
0.1113017
0.1608299
-0.004061855
0.1933016
-0.05214625
-0.06260402
-0.292098
0.05275676
0.08278129
-0.005938903
0.1536537
-0.06299214
0.2530224
-0.4370331
-0.1641054
-0.09778157
-0.05580291
0.3021142
0.1702043
-0.006637747
0.3182244
-0.1170118
0.06607888
-0.1782826
-0.01072536
-0.05264615
0.1860761
0.1398367
0.2408589
0.03384764
0.1175874
0.1908265
0.05945253
-0.06023515
-0.03241301
0.04750848
-0.3105863
0.0633777
-0.174098
0.4307221
0.3922775
-0.1359624
0.01521517
0.3027182
0.1468038
0.2257716
-0.01287882
0.2016273
-0.2338666
-0.07502
-0.04001982
-0.07948043
0.05964112
0.2658355
0.2114956
-0.1519038
-0.267805
0.1608884
-0.01554181
0.02828063
-0.3386069
-0.05480803
-0.1060101
0.04920261
-0.07476249
-0.1767531
-0.3158401
-0.13761
-0.1901123
-0.2520869
-0.3168242
-0.1303568
0.03833775
-0.195216
-0.02666274
-0.0589089
-0.06980581
0.1298199
0.1781767
0.3473698
0.1414614
-0.02222192
-0.2563159
0.3317726
0.2604929
0.269687
-0.05522959
0.1399807
-0.1601053
-0.07720114
0.02966682
-0.06860739
-0.2130151
0.1174235
-0.1182169
-0.1133691
-0.2602285
-0.08031586
-0.009401839
-0.1870737
0.2532213
-0.243229
0.3075072
-0.511865
-0.09758368
0.1496221
0.1494087
0.2278187
-0.02012814
-0.07435092
0.04945898
-0.06235682
0.1257324
0.06477325
0.142768
-0.1060112
0.2706036
0.02236089
0.2203909
0.06748822
-0.06220487
0.1648218
0.02265497
-0.2081198
-0.08804687
-0.04244359
-0.2724103
-0.09096203
-0.2703683
0.3775592
0.1168295
0.1130664
0.002989514
0.07000151
0.1063399
-0.0728983
0.09470624
-0.08859953
-0.1645914
0.007636993
0.1166146
-0.05478625
0.117678
0.1170247
-0.3645398
-0.4151309
-0.3458914
-0.3372693
-0.2249296
-0.3531406
-0.4765406
-0.3791463
-0.2811073
-0.2929765
-0.2493877
-0.3200891
-0.1743538
-0.2994964
0.0364697
-0.07592335
-0.03124946
0.2005173
0.03432073
0.265807
-0.005476016
-0.1207056
0.1878433
0.2845689
0.03105449
0.03571964
0.1744445
-0.2427827
0.2570198
0.2506075
0.1790911
0.0668352
-0.02638301
-0.02156539
0.005954687
-0.01040345
0.08212213
-0.1443144
0.03848156
-0.2325517
-0.1068947
-0.1372886
-0.1426606
-0.2135232
0.1360784
0.4793332
-0.2211678
0.245442
-0.3609254
-0.02857929
0.2109352
0.2329256
0.2121208
0.02074912
0.18413
0.2791935
-0.1783064
0.03306045
-0.1204369
0.2811906
-0.004327145
0.06634236
-0.04595748
-0.03467
-0.04741314
-0.1756914
0.06318814
0.07602147
-0.09776778
-0.008433456
-0.09457251
-0.1407174
-0.0377142
-0.2118844
-0.05208205
-0.1548293
-0.09108906
-0.1842188
-0.1628052
-0.01274013
-0.1300255
-0.3548658
0.006235811
0.03163162
0.1414089
-0.06308968
0.44199
0.09666854
-0.0321264
-0.06215041
0.08553934
-0.0368504
0.01202789
-0.07868464
-0.0009725873
-0.1143485
-0.139904
-0.3353901
-0.3038624
-0.3524793
-0.168882
-0.284608
-0.06648883
-0.2439628
0.1373533
0.06378975
0.08902198
0.1644976
-0.03985716
-0.02683896
-0.2465601
0.1535187
0.1202595
0.1225614
0.255122
-0.1630244
0.2306908
0.1512769
0.1041675
-0.1892945
-0.02200737
-0.08670302
0.2297412
0.09934648
-0.136649
-0.0954655
0.05409565
-0.1192121
0.03545696
0.02072415
-0.3179983
-0.2436127
0.05588507
0.4755444
-0.1800513
0.1424148
-0.3922808
-0.09739621
-0.03905209
0.3403476
0.07941307
-0.002120097
0.007826987
0.05598575
0.08852051
0.1425622
0.1958018
0.1311298
-0.3171063
0.06285997
-0.1031406
-0.1433307
-0.07931529
-0.2020871
-0.08365212
-0.06206872
-0.06536687
-0.07334676
-0.09851653
-0.1369761
-0.1522095
-0.2630988
0.3412718
0.0406744
0.2646894
0.2359043
0.2906773
0.1425971
0.256871
-0.1328512
0.073825
0.06440502
-0.02154598
-0.134002
-0.1423638
-0.1533624
-0.3093211
-0.1563246
0.06107325
-0.1068257
-0.1722803
-0.335423
-0.4331543
-0.4089498
-0.298553
-0.08267877
-0.1107677
-0.2118565
-0.1905279
0.09831242
0.1435536
0.1460307
-0.1492868
0.3269199
0.05196376
0.3929746
0.2617458
-0.02561018
-0.1741393
-0.07869326
-0.09255923
0.2698986
-0.01051792
0.1003746
0.1741501
0.1196978
0.37076
0.007879012
0.1145693
-0.08761115
0.05114927
0.2423425
-0.05145998
0.05994264
0.08409134
-0.1251041
0.004879622
0.06110902
-0.08290449
0.1743096
0.04924786
-0.09163193
-0.2386923
0.03737082
-0.01466922
-0.07846126
-0.2240271
-0.0140095
-0.1007399
0.2191747
0.2118555
0.02698522
-0.01132125
-0.1798617
-0.01547715
0.1492738
-0.1794801
-0.1874084
-0.1174866
-0.03046459
-0.1282951
-0.228564
0.1924289
0.3371272
0.1404555
-0.1255465
-0.101154
0.004718838
-0.1638468
0.2418444
0.4465836
0.2363584
0.2540021
-0.04214835
-0.03418662
0.03576748
-0.05326113
-0.1559276
0.09681883
0.1131824
-0.07222371
-0.1576047
-0.01955266
-0.02871646
0.06426396
-0.3330918
-0.2568631
-0.2236068
-0.3436806
-0.1110757
-0.008212665
-0.16778
0.02875945
-0.05123156
0.01298453
0.1103419
-0.01573535
-0.2895535
-0.1298512
-0.04339727
0.1254367
0.2120249
0.2479281
-0.2277832
-0.07035814
-0.09218319
0.02189617
0.1739437
0.01563604
-0.07676075
0.1660884
-0.05864532
0.209565
-0.2197825
0.02013496
-0.05650001
0.3023835
0.2875323
0.1092194
0.3837032
0.2798729
-0.007822204
0.04366224
0.02852094
0.151875
0.2976242
0.07443547
-0.1920972
-0.1524612
-0.09533429
-0.2185019
-0.05953532
-0.1709262
0.1908062
0.08094899
0.01112253
0.1566228
-0.3381918
-0.2947745
-0.06868909
0.06935685
0.06594793
-0.01768319
0.06504642
0.1379823
0.1063911
0.1015976
0.1115473
-0.08834375
-0.1049262
0.009328182
0.1133865
0.05468215
0.141405
-0.06374464
0.4342774
0.4453713
0.4136339
0.4321911
0.06497474
0.07480814
-0.01506478
-0.02400262
0.02878654
0.06835548
0.1717015
-0.05266598
-0.05202762
0.18864
0.1771777
0.01859272
-0.1666267
0.1652024
-0.05660721
0.01550183
-0.01819176
-0.1961918
-0.1367123
-0.06718761
-0.02950261
0.007326158
-0.002815746
-0.3785198
-0.3581518
-0.4270597
-0.1925447
-0.0001666001
-0.002529837
0.2657502
-0.1203569
0.3146936
0.01213257
-0.01106313
0.172498
-0.005262624
0.09888922
0.1705833
0.05101028
-0.1085265
0.1432908
-0.0915601
-0.01089337
0.1475529
0.005547222
0.1465528
0.1154846
0.1573811
0.04851012
0.2016306
0.2051102
0.2162981
-0.07234144
0.05217877
-0.03310191
-0.3038825
-0.1764279
-0.2142265
-0.1620985
0.08095938
-0.02473115
-0.1806996
-0.01421885
-0.2438591
-0.2891313
-0.06002125
-0.09017011
0.1444815
-0.162332
0.02999562
0.1869011
0.1309528
-0.09348765
0.02802483
-0.1312377
-0.06072405
-0.1338286
-0.1709357
0.01638148
0.04084813
0.09938189
0.3946257
0.2863631
0.2599013
0.159844
-0.1195951
-0.06760341
-0.05529034
-0.06566107
0.05286986
-0.01781351
-0.1092212
-0.1478764
0.2058515
0.2022841
-0.1851432
-0.1581907
-0.06006196
-0.3787822
-0.3496985
-0.2403966
-0.335091
-0.2565311
-0.2785856
-0.2321243
0.008103436
-0.167031
-0.324341
-0.3210079
-0.06229989
-0.009226993
0.04674374
0.234235
0.1148865
0.04259489
0.2370916
0.09634488
-0.05089136
-0.02747855
-0.005332401
0.1870758
0.04721906
0.2563437
-0.1202179
0.1111697
-0.2335226
-0.02908538
0.1063067
0.07992411
0.1999777
0.2421044
0.06997903
-0.01844005
0.4372307
0.1743626
0.4221841
0.1212516
0.06476894
-0.1615769
-0.1135743
-0.1946795
-0.01421394
-0.1632823
0.2807494
0.2449587
0.1532661
0.2287581
-0.1365099
-0.1671764
-0.3556144
-0.05754065
0.1527977
-0.0164017
0.1188094
0.2514939
0.1443417
0.03313856
-0.0230162
0.1091011
0.1111915
-0.04540265
-0.1528887
0.01597724
0.1689945
-0.008912811
0.4991502
0.2937632
0.1491385
-0.1730447
-0.08046459
0.02661161
0.1898177
0.1057787
-0.04615468
-0.1541427
-0.1675891
0.2850029
0.3013492
0.1064787
-0.175955
-0.04437235
-0.2168948
-0.3921318
-0.2786888
-0.4289195
-0.4202063
-0.3291349
-0.301866
0.05938367
0.06462726
-0.09475451
-0.2417266
-0.06709139
-0.09122797
0.3134325
0.2260284
0.09773375
-0.1227761
0.4618623
0.2336956
-0.08562321
0.003745627
0.1124203
0.3114086
0.2982673
0.1246459
0.04655893
0.01350456
-0.1583212
-0.05708873
0.0714175
-0.1055603
0.2695183
0.2649215
0.05037827
-0.04949909
0.01386387
0.001919572
0.1962461
0.1954203
-0.2502473
-0.06363504
-0.1045067
-0.185968
-0.04186931
-0.04720404
0.1518622
-0.06801978
0.09243787
0.120758
-0.05709851
-0.04586337
-0.1680588
-0.02000545
0.2130224
0.0819107
0.1481428
0.17391
-0.02771884
-0.1572771
-0.03854504
-0.035499
0.05760524
-0.01804671
-0.2781592
-0.1925363
0.03221163
-0.06487975
0.1774509
0.2008026
0.1723063
0.2070965
0.1946818
0.0749048
0.2384935
0.08812971
0.06069815
-0.0670195
0.2881651
0.3351984
0.1192893
-0.03824398
0.1177569
-0.2315672
-0.442253
-0.3091764
-0.3584258
-0.2897354
-0.2324158
-0.2593406
0.3201105
0.1534557
-0.110435
-0.3013507
-0.05473946
-0.1102189
0.2627545
0.1205052
-0.1504364
-0.3157235
0.2562616
0.2388836
0.2403336
0.1459399
-0.0797098
-0.0004021335
0.1779755
0.1762441
-0.1416539
0.07356239
-0.00431392
0.02426079
-0.04059187
0.0128195
0.2985992
0.3746541
0.2718786
0.2953192
0.0889751
0.2773642
0.3725492
0.2238149
-0.1645077
-0.3599434
-0.1612844
-0.2649561
-0.294061
-0.1948961
-0.08860654
-0.1539911
0.1114005
0.01881778
-0.05465421
-0.1842913
-0.1179545
-0.07003772
0.2657543
-0.1609327
-0.1999645
-0.1121689
0.06440103
-0.2910558
-0.2699085
-0.0007234304
0.3061339
-0.02839267
-0.2365076
-0.06999376
0.01287728
0.1113129
0.4143879
-0.03212207
0.04083255
0.064213
0.02351615
-0.002529694
0.09104944
-0.08426465
-0.1905528
0.1247921
0.05093058
0.1094179
0.006837579
-0.07595571
-0.1087559
-0.1350352
-0.1859377
-0.1339259
-0.1741445
-0.0826487
-0.2335952
-0.001019791
-0.09482367
-0.04636947
-0.1424224
-0.1705263
-0.1432169
0.1087493
0.02868797
0.4033253
0.1087274
0.5150698
0.1549719
-0.03602121
0.1084852
0.02274543
0.007766329
0.3714056
0.1967923
0.0364836
-0.115187
-0.1152441
-0.194418
-0.05466673
-0.1317697
-0.1106678
0.02039797
-0.03842178
-0.121538
0.361095
0.2323708
-0.02134109
-0.05726328
0.1766464
0.005459683
-0.1675718
-0.02046981
-0.0234561
-0.1256732
0.004953002
-0.02496993
0.09760387
0.1473672
0.03578757
0.006573953
-0.1809255
0.01904014
0.1310424
0.01200599
-0.01528828
0.1115914
0.264359
-0.09675779
-0.2414557
0.2619675
0.1984323
-0.1890316
-0.07855467
0.1477289
-0.166501
-0.006145375
-0.07566053
0.2164947
0.0633126
-0.03512919
-0.1634819
0.05031019
-0.1083196
-0.132953
-0.1764611
-0.1203983
0.1434741
0.1257013
-0.1435469
-0.1708127
-0.2696298
-0.182095
0.06670845
-0.006340225
-0.06896324
-0.1025503
0.08038428
0.156407
0.02049442
-0.01633973
0.1480375
0.07562439
0.2554852
0.1777109
0.1559944
-0.02559095
0.03373504
0.01701831
0.006847615
0.1736816
0.02486746
0.1091352
0.1677327
0.3595294
0.1972334
0.231677
-0.03346584
-0.295132
-0.0288272
0.0492753
-0.2177509
0.2283736
-0.08965982
0.04300414
0.296451
0.165543
0.01526184
-0.04953608
0.1909105
-0.2292693
0.1232312
0.1057908
0.05839511
-0.2156796
-0.06187771
-0.06640674
0.2287045
0.2530695
0.0817001
0.1519908
-0.0821111
0.0875208
0.2761566
-0.02043672
-0.1248307
-0.1230217
0.1183407
0.004317201
-0.2860086
0.3927959
0.3763672
0.008331725
-0.211908
0.1196923
-0.1385045
0.08607965
0.45165
0.6123664
0.3274439
0.2898196
0.3541985
0.3770383
0.2660012
-0.04094051
-0.1731959
0.05007915
0.4323371
0.1929716
0.2441738
0.3718983
0.3866929
0.2900709
0.3163611
0.4508744
0.3714909
0.1769884
0.06810638
-0.308211
-0.04706854
-0.4598203
-0.2446225
-0.4058196
-0.4547561
0.1506209
-0.2490502
-0.1994973
-0.04489824
-0.07411435
0.2064061
-0.3041184
-0.2516116
-0.01995242
0.1016305
0.1307331
-0.1734808
0.1121144
-0.04486827
-0.2016922
0.110518
-0.1177381
0.003762152
0.4854969
0.2432533
0.1729775
0.242489
0.1152908
-0.003108466
-0.03871203
0.07164169
-0.09050574
-0.2958085
-0.235977
-0.1317992
-0.4417965
-0.1040659
0.02448145
-0.2743604
-0.07424286
-0.174506
0.1234943
-0.2969537
-0.2245502
-0.3383662
-0.290272
-0.3321775
0.1238853
-0.3031415
-0.3656327
-0.1862461
0.02479362
-0.08375622
0.2910205
0.009375505
-0.008989053
0.1175395
0.387446
0.1798767
0.1464183
0.370548
0.1879933
0.03962112
-0.181555
-0.1987006
-0.01138514
0.2646426
-0.03553181
-0.101979
0.03543353
-0.01549528
0.1144317
0.04944456
0.1898216
-0.02344665
0.2819067
0.2096998
-0.08886221
-0.0003525411
-0.1526133
-0.1116132
-0.1863311
-0.2054579
0.0158414
-0.247686
-0.2316572
0.07574852
0.1209804
0.2087702
-0.06212269
-0.2037595
-0.2145013
0.0331508
0.1090071
-0.007571773
0.06184302
0.04290026
-0.0644401
0.1202322
-0.0839149
0.2603079
0.3425555
0.4712863
0.1648597
0.1725537
0.04060273
0.2322837
-0.003712535
-0.02395239
-0.07368324
-0.3293163
-0.2623178
-0.2014865
-0.3134576
-0.1849129
0.1762659
-0.02768952
-0.001163256
-0.2123329
-0.04721495
-0.3119509
-0.0349011
-0.1786886
-0.3524639
-0.4879936
-0.02534846
-0.3724938
-0.3491172
0.02434847
0.214319
0.1070957
-0.09188134
-0.2709631
-0.2939135
0.126276
0.1856471
0.2554221
0.2867603
0.2235457
0.05567448
-0.05845633
-0.06351167
0.1695724
0.33435
0.07437587
0.0168265
0.03701333
-0.02177948
0.03683101
-0.05342849
0.1172162
0.01686686
0.1876478
0.0005969812
-0.1521181
0.01418696
-0.1660207
-0.1311391
-0.2721253
-0.2310445
0.1701278
-0.1197903
0.02673632
0.07173115
-0.1593011
0.1324835
-0.1171725
-0.06701822
0.06262384
0.1327227
0.2308725
-0.07664701
0.2634531
-0.0905636
-0.1818213
-0.09756899
-0.1695801
-0.07556653
0.3136605
0.1713791
0.1193894
0.1017949
0.1405529
0.2590991
-0.0404082
0.1461738
-0.03554168
-0.2174658
-0.1832296
-0.1104316
-0.2486251
-0.1657245
0.2044864
-0.1891521
0.03262644
-0.1910311
-0.0440557
-0.1481648
-0.178889
-0.2364038
-0.2412983
-0.285739
0.03183971
-0.4550266
-0.3613469
0.03418473
0.1973621
-0.07146343
0.01065627
0.06029291
-0.09166965
-0.09658264
0.05587653
0.1606929
0.02403067
-0.04989408
-0.1127224
-0.06106972
0.04799206
0.206465
0.05759582
0.1094584
0.2758613
0.297483
0.2087098
0.2222373
0.2833058
0.2873266
0.118528
0.03974807
-0.1427392
0.18124
-0.2144826
-0.07151773
-0.1880513
-0.1217505
0.03729124
-0.3323598
0.07140089
0.1649334
-0.2810206
0.173342
-0.1638035
0.08181381
0.02358882
0.1080934
0.002803267
-0.1816199
-0.191693
0.03203951
0.09811609
0.03658347
-0.01413108
0.02776593
0.1968667
0.1216507
-0.1588004
0.03221963
0.08674274
0.1584724
-0.1295607
0.3266607
-0.1160075
-0.1242379
0.01978606
0.1910722
-0.03300879
-0.1382674
0.1587513
-0.001487037
-0.1422887
-0.09882219
-0.1089023
-0.154501
0.1330757
-0.1027577
0.01027407
-0.04193652
0.1592855
-0.2451838
-0.06680971
0.07204388
0.1029856
0.07479446
-0.04653141
-0.1339792
0.1216924
-0.1130875
0.110078
0.00760004
0.1019337
0.2173101
0.09557399
0.1625093
0.0533213
0.204608
0.1305104
-0.01226725
-0.08413071
-0.1899019
-0.1767885
0.0649812
-0.04149922
-0.1082888
-0.1322568
-0.04404571
0.03094566
-0.2855182
-0.06017524
0.079157
-0.02072627
-0.3413003
-0.104365
0.07063601
0.2312871
0.07462882
-0.08898689
0.0499185
-0.0580656
0.1376049
-0.02844302
-0.1691755
-0.4031674
0.1627874
-0.04253317
-0.3429485
-0.08238752
0.1732091
0.1778216
0.3987988
0.2247378
-0.05629264
0.1163066
0.3401244
0.3870701
-0.1196195
0.08096317
-0.4620117
-0.1920785
-0.2975144
0.1182893
0.08997994
0.1073922
0.05844338
0.1055625
0.1290129
0.1032964
0.1918342
-0.003712833
-0.3329095
0.1663599
-0.1661786
-0.1512382
0.1325543
-0.1043551
-0.07303364
-0.06133509
0.07325859
-0.054308
0.1511965
-0.06896143
0.005438944
-0.08756092
0.2448755
0.2269307
0.01440376
-0.04875767
-0.08164727
0.2185707
0.1226672
-0.005650075
0.1513049
0.05819718
0.1913534
0.1874183
0.2202364
0.1051265
-0.07877824
-0.1403101
-0.4264793
-0.1488204
-0.4130268
-0.3199794
-0.2087974
-0.2821808
0.02456436
-0.2581266
-0.1642062
-0.362767
-0.1878091
0.05710249
0.02637845
-0.02946307
0.06400299
0.02841985
0.2541203
0.1440675
0.1043152
-0.2058035
-0.1810168
0.1936696
0.07554263
0.1888432
0.5280239
0.3323164
0.2544291
0.2417628
0.210934
0.04068808
0.08046583
0.1351165
-0.1958137
-0.2453114
0.02452829
0.08666022
-0.3954425
-0.3315005
-0.155113
-0.3401755
-0.2039196
-0.4471949
0.05503164
-0.2268826
-0.08791088
-0.1925755
-0.4509196
-0.2199809
-0.09647276
-0.5313911
-0.1925213
-0.2833097
-0.1297072
-0.3116536
-0.02304455
0.01870467
-0.2155155
0.1391241
0.7216727
0.4861219
0.2566572
0.4037308
0.602128
0.4671429
0.1786422
0.3141513
0.2347866
0.2866949
0.3332895
0.3136432
0.24005
-0.009569503
-0.2570091
-0.1556191
-0.1559635
-0.2106103
-0.2876235
-0.1656104
-0.06772048
-0.00680087
-0.1074541
-0.1661943
-0.02982991
-0.07059049
0.09528085
-0.3030658
-0.2215648
-0.05939185
0.05364634
0.1128213
-0.06969975
0.34846
0.03575457
0.03887155
0.2371602
-0.1912339
-0.07497755
0.21567
0.1742008
0.02369927
0.00198584
0.04598274
-0.2423848
0.2927103
-0.05679728
0.1193423
-0.2343138
-0.3088686
-0.3197626
-0.3191746
-0.1187295
-0.04494823
-0.3483831
0.1316965
-0.1789167
-0.09524763
-0.2503017
-0.2920033
-0.3170859
-0.2392548
-0.1154652
-0.00748302
-0.1127186
-0.183601
-0.2006075
0.05808277
-0.137847
0.1936242
0.03951377
0.06622502
0.07192752
0.4030235
0.2315897
0.2453681
0.5189732
0.4995245
0.2897195
0.3263404
0.2083751
0.1983243
0.3806341
0.2896834
0.2663152
-0.1250424
-0.2514938
-0.2242062
-0.1991069
-0.2955984
-0.3124454
-0.1187876
0.01021662
-0.1422894
-0.1829037
-0.2739958
-0.213598
-0.1122496
0.08672931
-0.3425282
-0.3076645
-0.1930206
-0.1470563
0.05642136
-0.04030905
0.3033939
-0.003422617
0.03861506
0.3173498
-0.007909183
0.1124066
0.3047112
0.293455
0.03236745
0.1101774
0.1247663
-0.2581746
0.2743094
-0.07980645
0.07515265
-0.2191733
-0.2516418
-0.09592674
-0.2995034
-0.01839469
-0.217402
-0.315259
-0.02673572
-0.2378318
0.04945194
-0.08880376
-0.2884463
-0.2538808
-0.03768709
-0.09894232
-0.04224725
-0.027131
0.02737051
-0.3598295
-0.1370572
-0.2341922
0.3381826
0.1634253
0.03417716
0.2871668
0.6950662
0.2754952
0.2144625
0.5780697
0.09558383
-0.04169327
-0.08140286
-0.2736996
-0.2053334
-0.2561324
-0.2085584
-0.2027983
-0.3527752
-0.1298589
-0.3661216
-0.204215
-0.2991091
0.06499015
0.2183825
-0.2025581
0.0113215
0.4230108
0.24884
-0.07923659
-0.03973116
-0.1299984
-0.07538801
0.2417525
-0.02348875
-0.09723899
-0.1015704
0.0243779
0.07736485
-0.1871955
0.002658087
0.2612198
0.190351
0.1600064
-0.05824168
0.09295152
0.1267671
0.08198241
-0.09177109
0.05691927
-0.1440775
0.07449669
-0.1880601
-0.1654047
-0.2766691
-0.05724958
-0.133496
-0.2360517
-0.3571651
0.1732307
-0.0437693
-0.1707687
-0.1393521
-0.08520335
-0.08289067
0.1470155
0.2799488
-0.04958311
-0.01663589
0.06227419
-0.2137801
-0.04762991
-0.08392529
0.07343276
0.04738809
0.1081822
-0.01023036
0.1084953
0.1158318
0.4606576
0.1316817
-0.08029815
-0.09649516
-0.2103521
-0.08341755
-0.2536818
-0.1408534
-0.1360255
-0.2341994
-0.1411788
-0.3722599
-0.1226389
-0.2019767
0.1838974
0.3752483
-0.3593817
-0.1269943
0.242957
0.1495752
-0.09332222
-0.07007635
-0.05253308
-0.08915755
0.09857394
0.1112442
-0.09839623
-0.0991889
-0.1137968
0.1436278
-0.02398214
0.1140039
0.193236
0.2195552
0.1243509
0.04161687
0.008824881
0.08848998
0.2512903
-0.08981589
0.03821523
-0.2894627
0.04414119
-0.09719222
-0.09351129
-0.1653293
0.03368762
-0.1148274
-0.1566625
-0.2889696
0.08641212
-0.1777048
-0.1755787
-0.1546425
0.1534266
-0.05591421
0.1585704
0.283123
-0.05607164
0.05692866
0.118876
-0.02109194
0.06334468
-0.09502145
0.0584126
0.1938847
0.2369518
0.09022229
0.3946866
0.3605937
0.309257
0.1676014
0.1610912
0.2049196
0.154554
0.2804897
0.2483377
-0.1420172
-0.1028116
0.1377258
0.08310306
-0.03796322
-0.09667813
0.0872149
0.01870789
0.01230278
0.01422207
0.1450156
0.1781278
-0.1750267
0.07944128
-0.1324394
0.03065189
0.09908105
0.03125168
-0.06455587
-0.03893159
0.2185942
-0.05048696
-0.01854964
-0.0878934
-0.1800415
-0.08939258
-0.06141496
0.08649547
-0.1092646
-0.04188588
-0.1964098
-0.1516987
0.09709318
0.06053851
-0.1310968
0.0194252
-0.2007161
-0.0748717
0.1054948
0.02263937
0.1069307
0.1291214
0.2409095
0.3205184
-0.0121884
-0.06782736
-0.238569
0.1471886
-0.1632185
-0.1081123
0.04284529
0.05107498
-0.03852182
0.09939534
0.2751651
-0.1438494
0.05602822
-0.04993007
-0.06182277
-0.03169153
0.4733445
0.3401085
0.3231018
0.2614746
0.3326772
0.3120871
0.3312114
0.3039727
0.1379421
-0.005677657
-0.1660486
-0.003305826
-0.212395
-0.1988156
-0.1741003
-0.1550806
0.1745023
-0.128202
-0.2028842
-0.06994075
-0.1439932
0.03464597
-0.4060599
-0.1572375
0.02364913
0.03951153
0.06551975
-0.1087399
0.1360237
-0.1347385
-0.03122689
0.1874061
-0.2035156
-0.04243824
0.2972123
0.11931
0.2134055
-0.1248217
0.02047323
-0.135171
0.3091798
0.01803174
0.1940122
-0.01012117
-0.1986571
-0.2778795
-0.2648805
-0.1257641
0.05146117
-0.143103
0.1980583
-0.04796404
-0.1737
-0.2380971
-0.3185673
-0.3193001
-0.1179899
-0.291408
-0.08991064
-0.195572
-0.2412182
-0.0313528
0.1935567
-0.04121159
0.08920508
-0.007978913
0.05779824
0.08569655
0.5363484
0.4142777
0.3176341
0.1406692
0.1647746
0.222179
0.2794248
0.02840813
-0.09808687
-0.05729342
-0.0743997
-0.3952629
-0.396282
-0.1676566
-0.09681989
-0.1540511
-0.1783775
0.04664812
0.1149909
-0.200365
0.08191598
-0.2965716
-0.3577212
-0.04165195
-0.1772423
-0.132838
-0.09634559
-0.01486071
0.01317499
-0.1056854
0.06229708
-0.03148638
0.05996243
0.228287
0.1651232
0.0939192
0.04831884
0.07569179
-0.2308488
0.2020108
-0.03187928
-0.02810706
-0.1348359
-0.3101855
-0.2317157
-0.1336523
-0.05444062
-0.255223
-0.3144967
0.06067374
-0.006983886
-0.0789637
-0.1889109
-0.2392497
-0.1921412
0.07618768
0.01095223
0.01192137
-0.01339792
0.0325827
-0.1823655
0.01915385
0.01561719
0.1834689
0.08809182
0.3024674
0.1777953
0.6489151
0.6577023
0.4594291
0.442746
0.5221973
0.5807334
-0.04223769
0.09822908
0.1233026
0.2589185
-0.3742622
-0.2201051
-0.307954
-0.2787819
-0.1066311
-0.1219616
-0.168524
0.007811088
-0.2283662
0.04532594
-0.1432567
-0.3462056
-0.1526232
-0.2113275
-0.06491721
-0.1932918
0.05336542
-0.1171744
-0.1832675
0.009887809
-0.273044
-0.1347837
0.06350889
0.08465318
-0.1499073
0.0995014
-0.2057517
-0.4229609
0.06806498
0.2296712
-0.02849828
0.05415572
0.02025448
0.08814237
-0.1966034
0.06126566
-0.1599811
-0.2189192
-0.01929322
0.1355222
0.1676247
-0.08045813
-0.2285038
0.12833
0.05548843
0.02755944
-0.1005769
0.1977225
0.06856613
-0.1228512
-0.17167
-0.02204966
0.3885939
0.1059852
0.153541
0.2187446
0.8259812
0.6219218
0.6268627
0.6703831
0.6966627
-0.08079433
0.0424781
-0.05919041
0.2783027
-0.4976854
-0.2790883
-0.5022167
-0.3772238
0.108388
-0.065542
-0.2199753
-0.01491989
-0.251113
0.2122981
-0.3655001
-0.3147819
-0.1586325
-0.1250114
0.01101164
-0.2637438
0.08879289
0.1509917
-0.0006249457
0.1137551
-0.2849176
-0.2554397
0.07294124
-0.05154349
-0.05597076
0.1440504
-0.2583907
-0.3760474
0.1731215
0.4201149
-0.1438059
0.02459826
-0.0889488
-0.08882334
-0.2047921
0.07849227
-0.2544169
-0.2003091
-0.1257868
-0.07853063
0.1118574
-0.1715327
-0.2583037
-0.03672344
-0.005358285
-0.001823064
0.04099456
0.09552588
0.08953388
-0.1641768
-0.1786593
-0.02051489
0.3634914
0.06965776
0.08348953
0.1012732
0.6445669
0.7199721
0.751211
0.8096124
-0.02516845
0.141612
-0.1229071
0.2506277
-0.51902
-0.3686919
-0.4567644
-0.3984056
0.06514458
-0.1973063
-0.2869036
-0.02793584
-0.2271308
0.2561792
-0.4172275
-0.2560285
-0.1712774
-0.06100317
-0.00548699
-0.2213913
-0.04478372
0.1084423
0.1111399
0.08404459
-0.2354326
-0.1145579
0.1318964
-0.001988187
-0.01021215
0.2165622
-0.2334607
-0.4380411
0.0561213
0.3531035
-0.06340273
-0.03370262
0.02436459
-0.09169557
-0.1632454
0.08970181
-0.2023501
-0.1939937
-0.1802543
-0.04704949
0.04347387
-0.2637297
-0.1164647
-0.01593045
0.007987075
0.06794819
-0.01373437
0.1345763
0.05996878
-0.1638352
-0.1688969
0.02773362
0.4258517
0.04899099
0.1588442
0.1022772
0.8432153
0.7297037
0.7401752
0.003500091
0.1259511
0.01718148
0.2528899
-0.1039976
-0.1749431
-0.1885898
-0.1781879
0.04463632
-0.3214532
-0.504475
-0.3155729
-0.1796738
0.09800715
-0.2727005
-0.2732642
-0.1606314
0.1278644
0.1032621
-0.0665502
0.0909898
-0.01508498
0.04217845
0.009213867
-0.4013772
-0.1669156
0.03086966
0.189611
0.006679633
0.1890662
-0.2149742
-0.4113827
0.3036422
0.1944848
-0.04914742
0.04795762
-0.02254241
-0.00661778
-0.3128029
-0.02603086
0.03306561
-0.07474803
0.01105345
0.02911251
0.05571037
-0.1227444
-0.06992863
-0.03678209
-0.274291
-0.1667551
-0.05029624
0.02987961
-0.08567869
0.1249218
0.1034191
-0.1300034
0.1825797
0.1897004
-0.07964703
0.1999497
0.7769908
0.8126265
-0.04016679
0.05006671
-0.1807795
0.07366693
-0.2675758
-0.2178623
-0.1983361
-0.1459177
-0.05758673
-0.3318551
-0.5464266
-0.3471642
-0.1531293
0.2054446
-0.3632509
-0.2474095
-0.2721651
0.08993743
-0.05452136
-0.06904537
0.03529568
0.070453
0.2019882
0.2652608
-0.2295769
0.001231534
0.1517159
0.2320015
0.05953298
0.2837917
-0.06257512
-0.4673101
0.3220098
0.1485968
-0.0841833
-0.02973951
-0.04309814
0.008414935
-0.2634861
-0.004358895
-0.1150043
-0.1292018
-0.1866786
-0.1614711
-0.01258182
-0.1570628
-0.02114121
-0.1423813
-0.2214272
-0.1122384
-0.01095807
0.08956429
0.01345665
0.0174199
0.008072568
-0.2050967
0.363723
0.2433811
0.03388527
0.2535464
0.8602274
-0.0209803
0.1166754
-0.06251254
0.2848024
-0.417279
-0.2659186
-0.2802606
-0.4009305
-0.05449124
-0.2905567
-0.4128434
-0.1799009
-0.176904
0.1578349
-0.3169533
-0.3532094
-0.17609
0.03729773
0.0573449
-0.2400715
0.1846825
0.01036272
0.09256384
0.08374645
-0.4271198
-0.09756637
0.2495247
0.2517706
-0.05355401
0.1995029
-0.07588763
-0.2755588
0.2291302
0.2864036
-0.2629363
-0.1650585
-0.1077742
0.04054284
-0.1826906
0.07496556
0.04458201
-0.004759388
-0.1604745
-0.09390648
0.1069677
-0.206495
-0.1756953
-0.08264651
-0.1950074
-0.243573
0.1052359
0.006378676
-0.157489
-0.06465701
0.06754701
-0.1492504
0.3998251
0.1086016
0.02790815
0.2358784
-0.09383672
0.08151223
-0.1837159
0.2096812
-0.3963486
-0.2607764
-0.2258884
-0.3268624
-0.06158152
-0.2963619
-0.469758
-0.2559851
-0.3035019
0.06071525
-0.3144845
-0.2604699
-0.1383731
-0.01447023
-0.01343312
-0.1541899
0.093677
-0.01230755
0.1148825
0.03747662
-0.3411713
-0.1122369
0.1850568
0.12589
0.02749957
0.194395
-0.07306603
-0.3807957
0.1932687
0.2614431
-0.1067875
-0.007376846
-0.003271106
0.04110282
-0.09918108
0.06515471
-0.1289315
-0.05795847
-0.1827847
-0.03278674
0.09376355
-0.1992133
-0.1299502
-0.02071328
-0.04006632
-0.006381039
0.0857875
0.1462224
0.04071816
-0.1350803
-0.03152425
-0.08940785
0.3971161
0.1893148
0.1952247
0.1840346
0.582037
0.1984621
0.08058854
0.1162603
0.04140345
-0.06270691
-0.02625307
0.1463848
-0.1005981
0.03984299
0.2822445
0.2973358
0.1257512
-0.1429202
-0.1404736
-0.2006376
0.03227048
-0.2660402
0.1521156
0.03823254
0.2080214
0.2107126
0.2047403
0.06415793
0.04501057
-0.1230575
0.1341565
0.08052464
-0.01142249
0.09280973
0.08328567
-0.1321308
-0.1283648
0.05008156
-0.02718851
-0.2465972
-0.2446963
-0.1521388
0.02536057
0.1311764
0.04870132
0.02250416
-0.1176593
-0.2966785
-0.1278904
0.06720054
-0.2043578
-0.03664872
-0.2106589
-0.1670637
-0.0675489
-0.2207919
0.04979841
0.06842753
0.2155979
-0.3077255
-0.05345626
0.09014001
0.09983407
0.3188439
0.2815352
0.09768988
0.05950259
-0.009364048
-0.1665338
0.1606421
-0.09608761
-0.1014004
0.1102023
0.2808703
0.2724647
-0.2170815
-0.1554007
-0.2088479
-0.05455658
-0.1064114
0.09714171
0.01985529
0.03960977
0.05961059
0.1531998
-0.05083504
0.00851241
-0.0862555
0.1201178
-0.1373913
0.04896595
-0.05564713
-0.05211398
-0.1898832
0.00885636
-0.002457747
0.1921486
-0.2771072
-0.1911939
-0.1258862
-0.08174981
0.01163574
0.145837
0.01783764
-0.02070151
-0.009764612
-0.09165782
0.1400361
-0.1414723
-0.1055718
-0.2721359
-0.2099484
-0.07504273
-0.1269293
0.04228834
0.1145257
0.3493007
-0.2099516
-0.1863347
-0.08757535
0.2026174
0.4572897
0.5257312
0.165397
0.1882447
0.06855839
-0.1766903
0.09475119
0.1679882
0.3888166
0.2630419
0.02032918
0.04805956
-0.1797709
-0.1335763
-0.09339395
-0.1520919
-0.002423808
0.05442794
0.1128423
-0.1330159
-0.19354
-0.2590723
-0.1829606
-0.49205
-0.09469987
-0.4077019
-0.2014591
-0.2913266
-0.09645119
-0.08059732
-0.02391246
0.1057321
0.1586105
-0.1149781
0.09783063
0.02809197
0.2016117
0.2109361
0.2234753
0.3437367
0.4644377
0.0874822
0.1931095
0.007771791
0.2058687
-0.02639302
-0.1335584
-0.1205335
0.1936061
-0.0684757
0.2012932
0.1713291
0.2589904
-0.2265056
-0.1773454
-0.04559974
-0.02359102
0.1370693
0.2445044
-0.1436026
-0.1976028
-0.01226201
0.1556506
-0.1318679
0.2430317
-0.01917477
-0.1190228
-0.06634644
-0.09237512
-0.05038772
-0.1811362
0.02289431
-0.1398436
0.05965618
-0.1136391
-0.06006825
-0.3087544
-0.3926387
-0.4567914
-0.3453419
-0.1562365
-0.4286228
-0.1984192
-0.2176098
0.0592115
-0.01383831
0.4898822
-0.08052996
0.1891113
0.01799841
0.1568171
0.05206659
0.1718949
0.2020765
0.2762038
-0.05074846
0.2725165
0.09585964
0.2155824
-0.06866554
0.2839295
0.1124502
-0.03137603
0.03952983
0.08806823
0.07071644
0.1481346
0.0451985
0.1896737
-0.02664054
-0.05703973
-0.05460792
-0.1310131
0.6109793
0.3948932
0.4167597
-0.09983061
0.2476073
0.02951844
0.07648388
0.2180908
-0.200218
0.2609567
0.1951347
-0.1844991
0.06741825
-0.01922643
0.2678571
0.05494707
0.03050915
0.07476916
-0.1309403
-0.01873691
-0.06865807
-0.516563
-0.1639185
-0.3287415
-0.3099963
-0.1901035
0.07713884
-0.1078056
-0.2424064
0.2480328
0.2545928
0.08187924
0.1075069
0.2314051
-0.006021362
0.2845361
0.2704591
0.2967675
0.2907911
-0.04812435
0.3448358
0.06941023
0.1243645
-0.02451556
-0.1036416
-0.08737133
0.1895444
-0.0515344
0.3710306
0.1808417
0.1304911
-0.3565439
-0.1074192
-0.1687133
-0.162109
0.1286018
0.262179
-0.03012782
0.5435088
-0.06485133
0.09210714
0.1530163
-0.2383058
0.2566528
0.2149379
-0.1841366
0.01166701
-0.06138642
0.137417
0.08837312
-0.0921241
0.01720706
-0.07306276
-0.1187869
-0.2259832
-0.4254318
-0.1309349
-0.4185344
-0.3032515
-0.06850049
0.235681
-0.1323012
0.04640842
0.007569865
0.2718066
0.2003542
0.1890196
0.3266476
-0.00780771
0.2351625
0.3604673
0.0008987618
0.1913358
0.02695365
0.5037255
-0.0693205
0.1443204
-0.02147439
-0.1587615
0.0817064
0.1785129
0.04486196
0.336725
0.04306817
0.1566904
-0.1034596
-0.02439228
-0.1205268
-0.1644792
0.5966798
-0.226186
-0.1554964
0.1065611
-0.09723602
0.2435913
-0.2606439
0.3138649
0.2783763
0.1629637
0.1825642
-0.1919383
-0.0525979
-0.009256091
-0.1831559
0.04989024
-0.1146429
0.344881
0.3050403
-0.1810054
-0.04978274
-0.05556635
-0.08199055
-0.0001498484
-0.02741698
0.08693544
-0.3661524
0.07075708
0.07801347
-0.07834638
-0.05478256
0.1802578
-0.1349298
0.04659236
0.2361352
0.1228883
0.1659866
0.03004221
0.214975
0.1252775
0.1987914
0.0004798342
0.03190402
0.1034098
0.2279389
-0.001325754
0.2044588
0.2845995
-0.07962209
-0.2791602
-0.04463711
0.0560365
-0.1629668
-0.3090188
-0.06541652
0.1811413
0.02761933
0.1216575
-0.2012856
0.2311471
0.3244036
-0.1141373
0.1473705
-0.217994
-0.02143368
-0.05473433
0.009378518
0.1236692
0.04957436
0.305843
0.2516713
-0.265257
-0.03512334
-0.06638993
0.08112546
-0.04018925
-0.0549447
0.08999781
-0.2813512
0.08205119
-0.09643115
0.07391819
-0.05239535
0.2144588
-0.1050613
-0.02967087
0.1682503
0.0677561
-0.0002476558
-0.146013
0.2328954
0.1725709
0.2056911
0.1310389
0.1747089
-0.087114
0.1823414
0.111691
0.2123476
0.1708461
-0.07688903
-0.2873527
0.05271437
-0.008177345
-0.2174303
0.2675288
0.1844808
-0.08303757
-0.0712204
0.1568583
-0.1305227
0.1211374
0.201525
0.03968603
0.1703731
0.1233284
-0.1140105
-0.2630143
0.1400669
-0.008735764
-0.1615225
-0.3258086
-0.1165153
-0.3799203
0.2757596
-0.1369035
-0.1574026
-0.05154956
0.1067543
0.181637
0.02920666
0.233175
0.01378139
-0.1812082
0.02076015
0.02645488
0.03713285
0.1129466
-0.04829651
0.04850315
-0.2587695
0.04527414
-0.007885779
-0.1818513
0.005466569
-0.04159352
0.08960684
-0.0661418
-0.1082166
0.1436393
0.03460403
-0.03270379
-0.09766263
-0.1278647
-0.0738199
-0.05577073
0.2262922
0.2599935
-0.01765148
-0.1126229
0.1513218
0.1532006
-0.0003177286
-0.09231678
0.06629563
0.0626546
0.09279454
-0.06831992
0.05219446
0.01027645
-0.1976906
-0.3301236
-0.4446105
-0.5298785
-0.1218999
-0.3349715
-0.1468923
0.119162
-0.07991436
0.1052647
0.01566439
0.3213608
0.200585
-0.06318648
0.396933
0.1329768
-0.09035229
0.160682
-0.02307611
0.181409
-0.120581
0.2752459
-0.2920852
0.1170343
0.2539372
0.1451381
0.1001643
0.3031496
0.1151317
0.08073263
-0.2281221
0.05765706
0.1486002
-0.007171724
0.02273217
-0.1522449
0.5628924
-0.04639368
0.05226646
0.0711781
0.1553829
0.3690933
0.06749948
-0.0579779
-0.02989974
-0.1252902
0.08371782
-0.0977795
-0.1575265
0.1785779
0.04725434
-0.2018705
-0.3475224
0.00112828
0.02426344
-0.1117249
0.1263346
-0.1158583
0.01203662
-0.08541829
-0.000111685
0.02349545
-0.04252018
0.249767
0.1237135
-0.02828745
0.06404271
0.0652104
0.1451223
-0.1435695
0.02251499
0.1808665
0.1537434
0.298303
0.3507561
0.1670375
0.07303422
-0.08158491
0.06539564
0.02719195
-0.07607716
-0.2223459
-0.07853766
0.06573751
-0.1593418
0.1199032
0.08147668
-0.1138364
-0.09105658
0.03302416
-0.0898878
-0.1710619
-0.1677677
-0.08687248
0.2888887
-0.0832858
-0.1585392
-0.05814505
0.007442989
-0.2731567
-0.1558975
-0.2002566
0.03313536
0.02279711
0.2978818
-0.287451
0.1318481
-0.137994
-0.08497973
-0.1297667
-0.10949
0.2411236
0.2903884
0.09869026
0.1277828
0.05850614
0.1665286
-0.1568128
0.09136979
0.08428395
0.1505142
0.1525115
0.1715934
0.1508177
0.122759
-0.0974377
0.1246416
0.06317628
0.2408904
-0.1326584
-0.23509
0.09455803
-0.1907447
0.115007
-0.01243263
-0.05152291
-0.08387978
0.04920346
-0.2821266
-0.03805456
0.0683507
0.2879836
0.2105626
0.07433263
0.1978857
0.08725047
-0.2003746
0.05874266
-0.2168476
-0.03180142
0.01055915
0.1579333
-0.1451354
-0.2018865
-0.1641326
-0.1273884
-0.3318885
-0.2194207
-0.02868482
-0.03897058
0.1236386
0.1935637
0.08743283
1.769627e-05
0.05311477
0.1849271
0.001874756
-0.1144276
-0.2123505
-0.2863041
-0.2383186
-0.02238348
-0.08304868
0.1347001
0.09821212
0.2725904
-0.1430851
-0.3314583
-0.1677386
-0.1617892
-0.3760089
-0.1248889
-0.1678144
0.08713347
0.06725643
0.06947092
0.0002401089
0.2232323
0.1130843
0.1939337
-0.0238724
0.1987564
0.1318065
0.2762166
0.02488727
0.2456974
0.02909074
-0.08892945
0.07686402
-0.07716892
-0.05441042
-0.1643426
-0.2367646
-0.1294225
-0.137961
0.01587806
0.109988
0.01784008
-0.1377445
-0.1630879
0.06195818
-0.2085483
0.1065784
-0.1738831
-0.1946224
-0.1792353
0.1083603
-0.2092183
-0.2790622
-0.004217697
0.1676024
0.1333028
-0.05270358
0.01008725
-0.1544077
0.1218577
0.4239394
0.02284505
0.04654294
0.0916401
0.1566747
0.03054116
-0.1681033
-0.04136135
-0.06865961
0.06934735
-0.005684437
-0.2277298
-0.1500668
-0.1334371
-0.2338645
-0.150001
0.03449546
-0.2673806
-0.1353182
0.02485478
0.03058817
0.276977
0.1531855
0.1439681
-0.1828063
-0.03724789
-0.09210334
0.0244825
0.03701265
0.06811977
0.08666215
-0.06556733
0.2918404
0.03524263
0.08113642
-0.06512668
0.133152
0.1425886
-0.02502962
-0.191124
-0.01292356
-0.07601226
-0.0359881
-0.05004491
-0.3353105
0.1943296
0.1971711
0.02980671
0.162726
-0.06013647
-0.1142044
0.1745586
0.008342184
0.2347359
-0.07411864
-0.211141
-0.2764433
-0.02498499
-0.3206257
-0.1387589
0.03389803
-0.1974948
-0.01090632
0.01585906
0.1477856
0.2352788
0.06862216
0.2893575
-0.18171
0.02846405
0.1822466
0.04396755
0.1125242
-0.05869812
0.02157621
-0.01719918
0.2378405
0.1110257
0.2817837
-0.1548928
0.04511197
0.2376546
0.09315955
-0.04625194
-0.02966528
-0.2415566
-0.1786449
0.05598044
-0.434463
0.3057664
0.1867407
0.008291167
-0.02128201
-0.1187042
-0.2492621
-0.3075525
-0.05241747
-0.2475097
0.003787607
-0.3632144
0.1700956
-0.1127074
0.1507642
0.1565927
0.1282323
0.02381558
-0.003134416
0.1925123
0.0740175
-0.1203721
0.03769228
0.03444757
0.1553141
0.08987333
0.09217445
0.2717028
0.04717121
-0.05083922
0.1314476
0.1145269
0.1113277
0.1785363
0.1999096
-0.002691353
-0.1063758
0.04698767
0.1879243
-0.2133165
-0.04145979
0.1792896
0.03988074
-0.05190712
0.104629
0.03044701
0.04982253
-0.0153712
0.00684139
0.1104073
-0.03788033
-0.04056334
-0.02719527
-0.06303104
0.1067228
0.08244652
0.1081008
-0.1507218
0.1413698
-0.322694
-0.006178506
-0.08018948
-0.04660471
-0.3182186
-0.04302873
-0.1321247
0.3166594
0.08352169
0.1211532
-0.005171684
-0.1736732
-0.1141825
0.09159605
-0.1484963
-0.1386639
-0.09361577
0.1265315
0.02816108
-0.1541989
0.2790142
0.3350572
-0.06765354
0.02191976
0.09313031
0.1956363
0.06649616
0.03897774
0.1198371
-0.3215527
-0.0962987
-0.1345233
-0.3564
-0.1278138
0.07444587
-0.02176524
-0.005806211
-0.04891004
-0.1448397
0.08012914
-0.03454576
0.0568926
0.1001567
0.01812742
0.2389998
0.1414624
-0.2279025
-0.05728793
0.1037632
-0.09309351
-0.0221213
0.01251101
0.3408101
0.03132422
-0.01243204
-0.0357904
-0.08739608
-0.05568438
0.160945
-0.2562833
-0.3409524
-0.001325113
0.05543248
-0.05422656
0.04156381
-0.004580435
-0.214065
0.01493599
0.03189217
0.04142705
0.1612968
0.1457787
0.009414544
0.006932269
-0.2297115
0.06667354
-0.0172901
-0.1443692
0.06929572
-0.1519865
-0.0120721
-0.2245022
0.2860274
0.1740295
0.08837721
-0.03595211
0.03090091
0.09106731
0.0287355
-0.05338639
-0.116339
-0.06396102
-0.1250038
-0.08000089
0.1071928
-0.05658546
-0.1004072
-0.04938958
-0.2033439
0.08467878
-0.03083474
0.009279896
-0.0947738
-0.1008254
-0.156564
0.08457137
-0.1078537
0.2167629
0.04001457
-0.03972279
0.04512651
-0.1573363
-0.06068129
0.00668728
0.07990941
-0.1962177
4.364043e-05
-0.02014567
-0.03158404
0.1554165
0.005196758
-0.05250191
0.01080302
-0.1307612
-0.1511468
-0.1261528
-0.04794353
-0.01285293
-0.2065524
0.1205027
-0.1334722
0.1467275
0.07477703
-0.3773785
0.01916254
-0.1228351
-0.1626077
-0.170041
-0.003127315
-0.06796877
-0.1764255
-0.1474389
-0.295476
0.05448115
0.09062649
-0.1608089
0.04115459
0.257357
0.0892827
0.2005178
0.09675651
-0.1474533
0.0672851
-0.1812498
-0.01784946
-0.01820676
0.04971847
-0.1222463
-0.1139792
-0.0953061
-0.1755839
-0.205998
-0.2039236
0.05989267
0.1710198
0.03199874
-0.01762359
-0.008009607
-0.1183477
-0.1273238
-0.2040066
0.007010465
0.008510924
0.07741785
0.05999711
-0.1386817
0.07387744
0.1233831
-0.0783263
-0.1021961
0.1577137
0.05316922
-0.05783231
0.04566048
-0.09061933
0.2358125
0.05993708
-0.02339251
-0.2335526
-0.1249227
-0.07085546
-0.2915524
0.01134702
-0.0646454
-0.02179712
-0.023072
-0.06915123
0.01366505
-0.02645668
-0.1436069
0.2764428
0.02547276
-0.04135894
0.1435639
-0.2799704
-0.2607537
-0.3207239
-0.07507615
-0.01154124
-0.1689635
0.2686958
0.1161227
-0.2293239
0.1924698
0.1745356
0.05546437
-0.07832658
0.1016287
0.01899543
-0.1071573
0.2218356
-0.1353843
0.1391126
0.2982779
0.1723669
0.06671944
0.1183423
0.02123452
0.1821317
-0.1524868
0.04135369
-0.2060265
-0.06981674
-0.005277801
-0.1661984
-0.1733464
-0.07540383
-0.07996772
-0.28472
-0.1995034
-0.1354532
-0.26839
-0.1558184
-0.2405714
-0.005126396
-0.3985139
-0.1173629
-0.2053055
-0.1869712
0.04594617
0.009995518
-0.1425372
-0.1597933
-0.1663371
0.1016969
0.01608893
0.1029017
0.2401495
0.5358271
0.2287235
0.06161671
0.121324
0.1709282
0.07516058
0.03722781
-0.1559205
-0.2240188
-0.01107878
-0.1357714
-0.08004069
-0.0588573
0.0009436279
-0.1359444
-0.2585516
-0.1581119
-0.08461035
-0.2427378
-0.1285904
0.008884349
0.006303941
0.05259251
0.008745105
0.05413676
-0.1549478
-0.09241769
0.2132235
-0.1939588
-0.1880481
-0.05606242
-0.1993332
-0.2141859
0.005070579
-0.1423604
0.4244358
0.3849837
0.2097361
0.3840428
0.2002625
0.05685862
-0.04976967
-0.3724776
-0.08526842
-0.3327236
-0.097652
-0.002801473
-0.08780965
-0.0964024
-0.1836267
-0.1346665
-0.07777468
-0.2430963
-0.0632456
-0.08127516
0.1297793
-0.03954724
-0.1122954
-0.1539827
-0.04277765
-0.1287445
-0.1825543
-0.112385
-0.04515895
-0.1455356
-0.1787902
-0.1055497
-0.1094074
0.1170962
0.4674664
0.3177287
0.3134576
0.4170853
0.1756898
0.05759558
-0.05904141
-0.1429639
-0.2645999
-0.1563196
0.0911416
-0.3266652
-0.1626508
-0.1478896
-0.2690249
0.03601541
-0.376453
-0.005244623
-0.3839316
-0.1059804
-0.299613
-0.219773
-0.2499693
0.05162242
-0.4482633
-0.1745622
-0.3641291
0.01000957
-0.1647183
0.1190767
0.1033615
-0.04158547
0.1953518
-0.04369148
0.2937265
0.2721805
0.04673478
-0.000918168
-0.2000945
-0.1456572
-0.3465684
-0.2085404
0.2294334
-0.346671
-0.1037917
0.2114856
-0.003017827
0.06379395
-0.2285798
0.2130325
-0.1775091
0.03008098
-0.08386876
-0.4462058
-0.3487239
0.002430941
-0.3935695
-0.222734
-0.03540068
0.2347169
0.05406419
-0.02323778
0.04776615
-0.1695757
0.2529096
0.3494937
0.1671319
-0.07632375
0.2845672
-0.1504484
0.1412305
-0.01525045
0.05561035
-0.294984
-0.1625676
0.04472759
-0.122361
-0.06675687
0.003050134
-0.13532
-0.243894
-0.3088405
0.06543892
-0.1033651
0.007897629
0.0878342
0.03519102
-0.1098174
-0.08651709
-0.04830936
0.08705005
-0.1570814
-0.07239078
0.2332887
0.0338761
0.1124037
0.002846193
-0.1393718
0.04026492
0.02809208
-0.2063294
-0.3911687
-0.03637402
-0.06059293
-0.2664839
-0.03634739
-0.161606
-0.1491186
-0.1594231
-0.3043994
-0.01367807
-0.01986701
0.1907123
0.06533713
-0.3300115
-0.06166433
0.09473832
-0.2461067
-0.1841519
0.05263671
0.08581829
-0.1942405
0.06325443
0.1587093
-0.3298958
0.2161619
0.4193925
0.06288439
-0.1691297
-0.2079209
-0.09737993
-0.2302127
0.08987369
0.06718841
0.1912055
0.162175
0.0901342
-0.1443895
-0.2956132
-0.1727162
-0.1532859
0.1317226
-0.2831743
-0.02889049
-0.06009176
0.1280885
-0.09462364
-0.05703916
-0.1394181
0.0563451
-0.135703
-0.03000042
0.2358941
0.2243211
0.2451346
-0.2824049
0.2311479
-0.3411955
-0.02870677
-0.004573878
0.2673757
0.2427376
0.1256309
0.269457
0.3156869
-0.08716358
0.01447948
-0.032331
0.1313877
0.05636945
0.01817193
-0.02188751
-0.1764832
0.1981184
-0.2569029
-0.1328392
0.09581995
0.1544818
0.1129888
-0.181583
-0.1272556
-0.1510908
-0.1535555
-0.09536227
0.09748773
0.03373669
-0.199393
-0.2491726
-0.1064068
0.1373498
0.05451062
0.03307503
-0.02416432
-0.05145993
-0.04606643
-0.0274357
-0.03334624
-0.1323322
0.05996508
-0.04316808
0.2017457
0.1075404
-0.09906627
0.1008471
0.2343755
-0.3301551
-0.05434185
0.2320803
0.008877385
0.2270804
-0.2538738
0.1419327
0.2207742
0.2439263
0.008447172
0.06672879
-0.09919068
0.039713
-0.2628828
-0.03079387
-0.004197719
0.1414972
-0.03617675
0.1434617
-0.00656355
0.067251
0.07450835
-0.1614593
0.1222888
-0.0003066189
-0.1272022
0.05757662
0.1108319
-0.0775144
-0.2214967
-0.1730858
0.2040609
0.1916941
-0.2238715
-0.1583516
-0.1058703
0.01920198
-0.267669
0.2169042
0.03766066
0.01394135
-0.1435451
0.1630625
-0.07490302
0.2035947
0.151657
-0.1342538
0.1704016
0.08110903
-0.1419799
0.003125557
0.2313111
-0.02110195
0.1569507
0.1554826
-0.01284382
0.1665815
0.107327
0.1924858
0.1336181
-0.06215065
0.1446176
0.21045
0.3721232
-0.03325327
0.06356206
-0.002352202
0.1896136
0.2141035
0.1681335
0.07800885
0.4089692
0.2193227
0.1709578
0.001203346
0.03245055
-0.04001822
0.24923
0.09292473
0.02673753
0.3869769
0.1020388
-0.002797576
-0.003811237
-0.03423084
-0.1871491
0.06456407
0.07289757
0.272876
0.2292548
0.3101219
0.1626073
0.3072846
-0.08809706
0.07532484
0.1366262
0.0571722
-0.1494121
-0.008854694
0.08835535
0.1383616
0.07446857
-0.1845489
0.06570358
0.126884
0.1097363
0.2287906
-0.06980953
0.1927867
0.3070473
0.2556885
0.1309158
0.324067
-0.04436894
0.06086399
0.1195084
-0.05884418
0.07477098
0.02046108
-0.08696566
-0.0848649
-0.06429003
0.06384028
-0.06455485
0.02050269
0.3542155
0.1793839
0.443228
-0.01860774
0.2716929
-0.1385891
0.1733601
-0.03995135
0.2559165
0.2951979
0.217495
0.1157953
0.4428022
0.2482951
0.27408
0.03078054
0.04425324
-0.004917914
-0.09983087
0.1634341
-0.09613092
0.2453215
0.368165
-0.050904
0.3278616
-0.04239305
0.03265347
-0.0472053
0.2731479
0.1940608
0.09080491
0.236841
0.4307021
-0.07878709
0.1329614
0.0002192078
-0.181719
0.08320158
0.1248936
0.05524914
0.2086838
0.5209273
0.2480022
0.2992878
0.04387586
0.05425805
0.1029582
0.1485397
-0.1363454
-0.2631452
0.1846233
-0.01602407
-0.308725
0.5119051
0.5913433
0.1994625
-0.1617078
0.004554958
-0.07138862
0.02015933
0.03913689
0.4452718
0.003884913
0.1598766
0.06818909
0.333633
0.02480795
-0.06117291
0.2549914
0.1875499
-0.1250201
0.4427629
0.492341
0.2056803
-0.1553619
-0.1019174
-0.03781891
-0.01636842
0.4195243
0.02519362
-0.1687269
-0.1664181
0.06602914
-0.04124991
-0.1116373
-0.1157413
0.02817714
0.02464424
0.1972395
0.2050769
0.2333145
-0.1784327
-0.02829033
-0.07228466
-0.08103095
0.1588254
0.1816371
-0.05332789
0.4077158
0.1026899
0.0464631
0.1431189
0.3607685
-0.0130199
0.3467947
0.2240502
0.09768376
-0.04676233
-0.06389454
0.05656776
-0.02258132
0.124312
0.03083093
0.145358
-0.1805062
-0.04023372
0.09891109
-0.04857838
-0.07880999
-0.1201416
0.01036915
0.009112844
0.09157151
-0.06390159
-0.1987586
-0.03229912
0.09466892
0.1096258
-0.06613841
-0.02419252
0.1273516
0.004351423
0.073283
0.2445157
0.01754666
-0.003258359
-0.1147146
-0.1126854
-0.0725887
-0.1647703
-0.08675725
0.08164308
0.2373116
0.05726083
-0.05576283
0.06192828
0.1637981
0.2157318
0.08807352
-0.2578026
0.1361008
0.03169486
0.1880998
0.1168322
0.2657752
0.08342788
0.3509746
0.1702659
0.19286
-0.01710319
-0.08246531
-0.07176634
0.03485083
-0.13195
-0.2172179
0.5844185
0.006883572
0.4973565
0.3918933
-0.1778564
-0.3196031
0.0561104
0.03769253
0.2093522
0.4460673
0.002819993
0.07003065
0.3989526
0.4189709
-0.1570652
-0.3272953
-0.009081973
0.04971417
0.1921503
0.4332793
-0.1750593
0.168783
-0.2347745
0.1571901
0.3081792
-0.03677208
0.1430774
0.2012041
0.09534206
-0.004276138
0.3358021
0.09877702
-0.1486359
-0.05840721
0.2482591
0.2167177
0.3876724
0.1179488
-0.1691342
-0.3821944
0.1051872
0.1058692
0.02877425
0.3169473
-0.112096
0.5685651
0.06437032
-0.1703261
-0.04296327
-0.1277391
-0.07866888
0.215462
-0.1536212
0.009105908
-0.07574346
-0.03335949
-0.02803473
-0.2633476
0.205039
-0.2450902
0.1942094
0.1659176
0.1602979
0.1091016
0.2736361
-0.01566973
