0.7034546
0.4529014
0.5638374
0.518686
0.007671669
0.5383108
0.5468321
0.05016278
-0.1001236
0.4824393
0.369094
0.3431547
0.3047462
0.1678321
0.2927411
0.4706198
0.461722
0.5103875
0.6300535
-0.3562589
0.2100768
0.3755584
0.4428096
0.4456508
0.1112373
0.1330934
-0.1179242
0.4185814
0.4528813
0.3851619
0.3792152
0.6172116
0.6202222
0.2566161
0.2807956
-0.02220418
-0.136334
0.1412709
0.1182669
-0.01458724
0.1076742
0.3526524
0.365188
0.3967095
0.3950895
0.3588542
0.3829786
0.3592081
0.2571898
0.1171808
0.2607853
0.1812651
0.1078896
0.324452
0.1950523
0.6718436
0.622062
0.3082445
0.2809386
0.2959904
0.255084
0.3705201
0.4575867
0.1057845
0.187618
0.4251848
0.4324912
0.5867654
0.6533888
0.2713864
0.2406133
0.4861953
0.2994077
0.1138791
0.1219502
-0.03079917
0.07777275
0.3117214
0.2439423
0.3838845
0.2854514
0.1553191
0.3488621
0.4957111
0.2545165
0.1610032
0.02623403
0.4458733
-0.03260926
0.3080751
0.03399866
NaN
NaN
0.05778912
0.1395383
0.07305849
-0.2385136
0.06292042
0.2942945
NaN
NaN
0.1099458
0.1472765
0.2531826
0.1685293
-0.189654
-0.1633963
-0.2348423
0.02092493
0.1761736
0.0805362
0.1938996
0.2167758
0.1516166
0.118967
0.3607875
0.5236889
0.4001615
-0.04972884
0.4796413
0.5918422
-0.02624362
-0.0798891
0.4968555
0.4095784
0.1601511
0.3403409
0.08940242
0.2862356
0.6166302
0.682893
0.5507283
0.7184873
-0.3004838
0.2755309
0.3425133
0.4995235
0.514418
0.328005
-0.02534779
-0.08334587
0.3281895
0.6958692
0.5572354
0.4889617
0.6728099
0.7646803
0.1252523
0.1210953
-0.07804318
-0.1185094
0.1472723
0.05649012
-0.00636219
0.1418378
0.4109697
0.4265764
0.4294064
0.4874875
0.4719365
0.4200234
0.4291585
0.3035633
0.06788883
0.2225531
0.0504568
0.02834226
0.1453795
0.01570728
0.7534892
0.8540854
0.3131527
0.3281484
0.07079998
0.3666142
0.5191039
0.7098007
-0.03625905
-0.01017222
0.3516989
0.3974503
0.6720312
0.7220987
0.3620045
0.219522
0.3001909
0.2861889
0.1003819
0.1003413
0.01911123
0.2086335
0.4189685
0.4867079
0.4319787
0.3837782
0.05474223
0.4399874
0.302366
0.2827356
0.0444196
0.03895862
0.2007662
-0.01265048
0.3646909
0.08541034
NaN
NaN
0.0377489
0.1203756
0.1300783
-0.04922197
0.2632544
0.4070889
NaN
NaN
0.08305405
0.05199722
0.2129943
0.3470191
-0.2281439
0.003408044
-0.1901785
0.08112246
0.08334777
0.2045449
0.3510655
0.1971392
0.2497927
0.1028015
0.6720278
0.6543175
0.4113578
0.7768382
0.5207032
0.1611598
0.2955915
0.5660457
0.5428707
0.6506436
0.5833038
0.4515581
0.5339513
0.3602413
0.2041015
0.4492547
0.3622822
-0.08837171
0.1320853
0.8948145
0.7755103
0.6058822
0.4631194
0.2773417
0.03584168
0.5852397
0.255738
0.564908
0.6080834
0.6130194
0.545876
0.5784044
0.1388475
0.1803607
0.1390008
0.2661752
0.3911566
0.03386396
0.1707758
0.2979964
0.3603107
0.4458194
0.3656959
0.366168
0.5176846
0.523225
0.4370307
0.3164263
0.4582681
0.2850984
0.3623656
0.3501609
0.3923853
0.344749
0.2421744
0.3620022
0.3237884
0.4159727
0.2178352
0.3891544
0.3947381
0.5114479
0.4525153
0.6033576
0.5931798
0.3001186
0.4290716
0.4078532
0.2274156
0.4601535
0.2698512
0.2755885
0.09831139
-0.2404874
-0.3319307
0.07531133
-0.01783492
0.2714455
0.3548462
0.3712915
0.3270399
0.4515571
0.5124484
0.2840093
0.3264174
0.245204
0.3613443
0.5554958
0.2297089
NaN
NaN
0.02405163
0.07520558
-0.0930768
-0.1420288
-0.01382524
0.3140835
NaN
NaN
0.4307863
0.3176908
0.405148
0.2423377
0.05696602
-0.04961328
-0.1271259
-0.01408107
0.2471228
0.08360914
0.3970436
0.4880367
0.385236
0.3116911
0.5076959
0.06132118
0.7557913
0.8766103
-0.06960549
0.04151913
0.4632849
0.5488015
0.544638
0.643243
0.1203917
0.2873035
0.321891
0.2021349
0.4688006
0.5716422
-0.2506951
-0.06520754
0.7205948
0.8127213
0.4422105
0.3187105
-0.07641674
-0.09251825
0.2878877
0.3005401
0.4584501
0.7218431
0.507239
0.5792981
0.2873672
0.0666297
-0.1623469
0.008106437
-0.006478341
0.07388994
-0.1041868
-0.07798001
0.200782
0.2054486
0.2923333
0.3720657
0.3817263
0.413247
0.4224117
0.35092
0.2524912
0.4199084
0.250572
0.3621539
0.2591458
0.2358552
0.3443007
0.3753879
0.2101512
0.2908987
0.3164032
0.4662224
0.2967378
0.4127629
0.221899
0.5103187
0.3654155
0.3816641
0.3636514
0.4388265
0.3073591
0.2586862
0.3617366
0.3353626
0.2382101
0.03017747
-0.3000254
-0.185082
0.251439
-0.1026539
0.3167229
0.1549548
0.09650354
0.2339309
0.4351075
0.3447879
-0.003113378
-0.01588553
0.2716883
0.1144106
0.441817
0.1792365
NaN
NaN
-0.1073465
0.09352442
-0.1687071
-0.3480961
0.06806606
0.2575941
NaN
NaN
0.09642893
0.2004615
0.3316048
0.2562474
-0.01268607
0.01287348
-0.2909448
-0.0207089
0.1675649
0.08009261
0.3216991
0.3575501
0.3348483
0.1883128
0.2179685
0.650509
0.4824319
0.2272959
0.1507221
0.4799643
0.3542031
0.4286131
0.2767283
0.470978
0.4417185
0.4111615
0.3229542
0.1338921
0.2285692
-0.3081884
0.4026504
0.5995157
0.6247623
0.5640335
0.3318835
0.2986658
-0.1219205
0.4444257
0.2819815
0.438592
0.4094089
0.5046917
0.430875
0.4917369
0.1999814
0.09892169
0.03580509
0.3741083
0.3957142
-0.1848251
0.1079186
0.3638057
0.3840273
0.5041187
0.4303215
0.4203921
0.4886761
0.5253697
0.4802122
0.3860337
0.5264761
0.3220942
0.4574812
0.3592004
0.446841
0.441594
0.3847433
0.3294014
0.2270073
0.2399296
0.2449227
0.3204448
0.4716406
0.4068492
0.4656821
0.5811626
0.5599383
0.2467863
0.5001261
0.3510615
0.1534338
0.4333273
0.2898075
0.2001029
0.01484007
-0.1181306
-0.2805072
0.1286969
0.1881254
0.2929447
0.3819934
0.3256354
0.2491496
0.5485972
0.4816818
0.501657
0.3023857
0.4877758
0.2683889
0.4902068
0.2223968
NaN
NaN
0.04536165
0.03099942
-0.1052428
-0.3166583
-0.1758042
0.2702004
NaN
NaN
0.3510241
0.2369636
0.3649355
0.3882416
0.04151442
-0.0533917
-0.09108427
0.06133906
0.2027248
0.01696289
0.4037127
0.5261291
0.1898158
0.2744342
0.1416582
-0.124035
0.3662763
0.702876
0.310572
0.2256509
0.04922708
0.06835113
0.5794816
0.6710792
0.01046416
0.09275701
0.08735286
-0.1536337
0.2003122
0.2770911
0.4946607
0.2552858
0.4516288
0.3722984
0.4188726
0.3593587
0.5105592
0.195333
0.3229404
0.2764272
0.2606772
0.09298669
0.5068185
-0.2144556
0.3425577
0.2376601
0.5227451
0.5450689
0.2648946
0.2370638
0.3249753
0.294195
0.392266
0.2673597
0.1920374
0.3639959
0.3658554
0.3610079
0.3804925
0.3574978
0.07406791
0.3862435
0.2300763
0.4830556
-0.04011613
-0.07066631
0.4348795
0.3308307
0.1731677
0.05285841
0.375692
0.2194624
0.4402135
0.1781713
0.4614801
0.4676918
-0.08638754
-0.07974979
0.2857031
0.1124983
0.4036497
0.1617715
0.4088746
0.2175254
-0.2028836
-0.27158
-0.3140939
0.09729181
-0.06890316
0.2518553
0.3618384
0.07797336
-0.02635251
0.4178996
0.3220918
0.6997278
-0.219324
0.7147408
0.4750551
0.3425317
NaN
NaN
-0.1134489
-0.1143108
0.01066126
0.165441
-0.1130538
0.2575619
NaN
NaN
0.4355422
0.2630693
0.2640001
0.2727018
0.202927
0.03888405
0.1624884
-0.06997805
0.2554241
0.2587407
0.2424542
0.5226487
0.175943
0.3269579
0.7246549
0.2188352
0.1448796
0.6107486
0.4469864
0.6145775
0.5736676
0.3872646
0.4214664
0.3246798
0.2375008
0.464212
0.4499738
-0.1395081
0.1630068
0.7188412
0.7149036
0.417124
0.3087677
0.01291575
-0.08465559
0.4211546
0.3387075
0.5335884
0.6072273
0.5405639
0.5989504
0.2332023
0.05407911
-0.001100813
0.1248783
0.08710077
0.2600518
-0.1584107
0.06040737
0.120867
0.2354052
0.2976815
0.260288
0.305006
0.4091439
0.3065862
0.2450967
0.108038
0.2484422
0.1216119
0.2834876
0.1490241
0.2018982
0.340935
0.3208536
0.1157742
0.1136292
0.2258312
0.2569501
0.2837226
0.4914387
0.1778696
0.3967863
0.3154269
0.4005919
0.2952814
0.4288824
0.5062848
0.3398099
0.4287907
0.3559665
0.2734647
-0.0955282
-0.2803091
-0.2107646
0.2394601
0.1331392
0.3429379
0.3058912
0.3387898
0.3038857
0.463677
0.3674342
0.2886322
0.0929688
0.3839332
0.08362706
0.5647845
0.2019202
NaN
NaN
0.01955486
0.1875043
-0.08120009
-0.2053949
0.09567197
0.3841963
NaN
NaN
0.3496976
0.2169336
0.3669365
0.1887859
-0.02220419
-0.01276633
-0.2074153
-0.003003627
0.1496392
0.05175549
0.4606203
0.4969687
0.2569604
0.2449828
-0.1461768
-0.1115503
0.4479825
0.4253119
0.4606652
0.6044083
-0.06632804
0.1460595
0.2829561
0.2020418
0.3724483
0.5537458
-0.3801432
0.001202003
0.536524
0.6712242
0.3841852
0.2009067
-0.1913801
-0.2717022
0.1145609
0.2644296
0.3425202
0.608768
0.4223898
0.5407688
0.001969654
0.04847799
-0.2998157
-0.1382504
-0.1631327
-0.046675
-0.2819119
-0.114235
0.1047349
0.1293955
0.2720813
0.3041528
0.3143573
0.2982453
0.2903499
0.2274712
0.1122632
0.2837397
0.2013489
0.1593306
0.1113464
0.04068188
0.3984944
0.4415177
0.1533462
0.1627478
0.2643734
0.4388708
0.2363918
0.4747421
0.01682282
0.3795205
0.2434576
0.2757822
0.353866
0.4483025
0.3424211
0.2616535
0.2017748
0.2794615
0.1039391
-0.1072163
-0.1768809
-0.08664884
0.3071194
-0.02762158
0.255043
0.02184367
-0.1146559
0.1431294
0.3876519
0.1757199
-0.04315051
-0.1972217
0.3288873
-0.1346825
0.3549015
0.1322553
NaN
NaN
-0.06747546
0.1907322
-0.03971849
-0.3734241
0.2941729
0.3308052
NaN
NaN
0.08458809
0.1524898
0.2945605
0.2233255
0.02206818
0.09245695
-0.2047285
0.04988329
0.2152422
0.1434186
0.3226723
0.2741955
0.2614238
0.1404677
0.6091318
0.1978357
0.0360642
-0.04885575
-0.1021178
0.6999061
0.4286987
0.07614815
0.1867045
0.09803505
-0.0208319
0.1939776
0.5165393
0.1379651
0.1190272
0.1396595
0.2432649
0.4109135
0.2037123
0.3232906
0.2348902
0.1425733
0.09098639
0.07890138
-0.01835137
0.175986
-0.2134387
0.1392434
0.3099088
0.4411459
0.5317756
-0.00389105
0.3521301
-0.06422498
0.05233779
0.06238153
0.0405399
-0.1389355
0.08484242
0.1383768
0.1144915
-0.003848419
-0.04869111
-0.3163871
0.1310025
-0.2188031
0.02224616
-0.0701626
-0.03088443
0.1498849
0.1840068
-0.1364239
0.1088755
0.1993588
0.214156
0.1629474
0.1566024
0.1420776
0.1993695
0.03159929
-0.06633097
0.4147514
0.2166779
0.3322163
0.3014503
0.3054944
0.0650816
-0.08086062
-0.1179927
-0.08086517
0.2542167
0.08532538
0.3455215
0.3725074
0.2473449
0.1021074
0.1715816
0.5948318
0.5636813
0.03696669
0.2635878
0.2746791
0.268812
NaN
NaN
-0.03306805
0.07978068
0.2177174
0.2523498
-0.1446563
0.1709069
NaN
NaN
0.4329832
0.2031006
-0.1913426
-0.1671737
0.06179806
-0.2751079
0.3104122
0.03675209
0.188566
-0.04701475
0.2582082
0.4554179
-0.3252859
0.01120412
0.2968554
0.2856376
0.03991502
0.09065126
0.6673839
0.6851612
-0.01888176
0.03766169
0.07139695
-0.05878542
0.1975324
0.4343181
0.3909379
0.2318859
0.2944109
0.3882677
0.3110834
0.312059
0.3380579
0.1404682
0.1564565
0.2872726
0.1447492
0.00448138
0.3151113
-0.3550797
0.1782234
0.1880583
0.4140706
0.5785062
0.01849101
0.3035047
0.03519812
0.09685829
0.1439568
0.09107221
-0.005313678
0.2092739
0.3049996
0.3072861
0.3502899
0.290068
0.01916186
0.3423566
0.07434774
0.3820601
-0.2047015
-0.04566158
0.3961979
0.3000502
0.08807328
0.1437857
0.1799222
0.1410369
0.4477965
0.2704605
0.2797253
0.358022
0.02252203
-0.0675548
0.3169953
0.1683496
0.4002013
0.2297982
0.2815875
-0.02337625
-0.1975761
-0.2263273
-0.1956114
-0.01258681
-0.05276167
0.2285526
0.3115036
0.07682251
-0.03962252
0.357089
0.3071119
0.6510075
-0.2481757
0.7068186
0.4241948
0.3428293
NaN
NaN
-0.2984647
0.0002700913
0.09169331
0.1473912
-0.04733047
0.1865902
NaN
NaN
0.3796573
0.1982865
-0.03609143
0.02507183
0.2209312
-0.1368366
0.2506663
-0.1526532
0.2526794
0.2987119
0.1269894
0.5418296
-0.04502021
0.1183122
0.4786246
0.4757618
0.4512296
0.3842626
0.5853463
0.4186509
0.4559455
0.5264924
0.4013469
-0.1108514
0.2790738
0.5488916
0.5717209
0.4893258
0.4171512
0.2389005
0.1587821
0.6176719
0.5060114
0.4778269
0.5319402
0.5426506
0.5310432
0.1872915
-0.1699042
0.1777487
0.06119484
0.3318069
0.4342218
0.1317031
0.2509374
0.2784828
0.3442299
0.2567606
0.2045822
0.3415989
0.3913152
0.3743293
0.2889071
0.2066978
0.3343768
0.1427302
0.2657928
0.2678571
0.3174581
0.408253
0.3362659
0.2950891
0.2518344
0.0769366
0.2938357
0.5356981
0.4607932
0.2576148
0.3188947
0.2657291
0.3747706
0.2576663
0.3079802
0.3969703
0.03783218
0.3219823
0.3285401
0.2939877
-0.03844428
-0.1542832
-0.1296358
0.2102559
0.3670692
0.4138851
0.4487722
0.4598464
0.4951652
0.449344
0.6298557
0.3633154
0.3831729
0.2495637
0.352839
0.4184174
0.1317222
NaN
NaN
0.08703689
0.1618262
0.03716714
-0.06800148
0.04339077
0.2202529
NaN
NaN
0.4107587
0.06684493
0.3099959
0.2181972
0.006902933
0.1382093
-0.06860372
0.004593837
0.3239249
0.2842628
0.3723498
0.3969257
0.170471
0.2154847
0.6612718
0.7637038
0.3436016
0.5785694
0.1864645
0.2993333
0.3978841
0.4068462
0.08466347
0.02465709
0.6388618
0.5852743
0.4753087
0.4918469
0.06585942
0.01680143
0.450756
0.3533545
0.405288
0.4863192
0.4595707
0.5180488
0.4660252
0.09898436
0.1118803
-0.1126642
0.1250481
0.2160703
0.2078541
0.3884949
0.3040631
0.3095828
0.279748
0.4307277
0.3296907
0.394165
0.4797632
0.4967126
0.4488414
0.472296
0.3792913
0.3521978
0.353096
0.326942
0.1891028
0.2974064
0.3860479
0.3770568
0.430354
0.3419532
0.3804687
0.4162055
0.4197707
0.3218858
0.4507763
0.4546763
0.1184501
0.3072986
0.2665803
0.2436628
0.3056649
0.4283544
0.05770257
0.05048468
-0.2727645
-0.08819226
0.1081857
0.06740574
0.1569972
0.4120964
0.2146358
0.3399161
0.4355003
0.5140911
0.06114743
0.2121474
0.1233067
0.3985658
0.2536227
0.1025144
NaN
NaN
-0.3095061
-0.1279977
-0.1576786
-0.2172517
0.1040514
0.1195937
NaN
NaN
0.08937739
-0.02160354
0.3137075
0.2892557
-0.1433329
0.003971232
-0.168067
-0.2020919
0.2714503
0.3937351
0.2344973
0.4048804
0.4080786
0.2445321
0.6479246
0.2906826
0.3934661
0.1000933
0.0374332
0.2645146
0.1760167
-0.01528345
0.006463938
0.6336509
0.5792568
0.4067258
0.3098632
0.1047699
-0.02982224
0.4332185
0.04707584
0.356026
0.4066538
0.3563717
0.3235358
0.3586486
0.1900607
0.1369229
-0.06510958
0.04912986
0.1785979
0.07846384
0.2042335
0.2175323
0.2397138
0.2210093
0.181816
0.3311398
0.347573
0.3132985
0.3390277
0.3155851
0.3949796
0.4923276
0.3654621
0.4501531
0.3755041
0.1661158
0.05581105
0.1579296
0.06059087
0.4897589
0.1088421
0.1804204
0.1274172
0.4404939
0.5214844
0.3299077
0.3048662
-0.03680832
0.1947219
0.1617385
0.1615545
0.3413015
0.295947
0.05040399
-0.02742335
-0.2906387
-0.204936
0.03415942
-0.08221417
0.2511494
0.2878812
0.361086
0.3011361
0.5811122
0.4721453
0.1751696
0.001715242
0.4508211
0.190607
0.2439645
0.09428456
NaN
NaN
-0.1231648
-0.0737554
-0.1965185
-0.329264
-0.001519778
0.1172864
NaN
NaN
0.1274908
0.09861519
0.355819
0.1026184
-0.0195096
-0.01848868
-0.1511997
-0.1169115
0.2628419
0.2619127
0.179223
0.3265274
0.2772156
0.1877166
0.02447271
0.3130596
0.1639019
0.1936694
0.4412694
0.4140102
-0.05239543
-0.2174375
0.6055414
0.6026242
0.2815046
0.3438073
-0.08775009
0.06551052
0.3397345
0.2918547
0.4081254
0.575868
0.3872397
0.540155
0.1901986
0.06458272
0.1100758
-0.1060192
-0.07934087
0.05801598
0.1604961
0.1668349
0.1639363
0.1775256
0.1705528
0.2938843
0.2556555
0.2572423
0.2997171
0.3213915
0.2325757
0.3172049
0.3178755
0.218726
0.237971
0.1899171
0.146224
0.1581893
0.134856
0.2383508
0.3959394
0.3588532
0.2605196
0.3142526
0.1686521
0.34841
0.2472458
0.2785136
0.1054264
0.1446023
0.2139865
0.2459261
0.1423294
0.3067145
-0.03675691
-0.02440248
-0.2962418
-0.09201683
0.2232807
-0.03647338
0.177775
0.2851312
0.1396493
0.248017
0.2821874
0.3850479
-0.04303341
-0.03418523
0.09592039
0.1909317
0.1911054
0.05242097
NaN
NaN
-0.1927891
0.05370069
-0.2761274
-0.3286431
0.08603163
0.08617977
NaN
NaN
-0.06963796
-0.02864576
0.3247985
0.2391312
-0.108863
0.1080385
-0.2948785
-0.171738
0.2087464
0.2305466
0.1210905
0.2281607
0.3964763
0.1956121
0.7643812
0.2032807
0.2431554
0.09778595
-0.02290624
0.2732846
0.5759272
0.465573
0.3838565
0.5042066
0.5096136
0.4243611
0.1883772
0.5656258
0.2984375
0.4124866
0.2803353
0.3184324
0.1616722
0.5373217
0.0193586
0.2790542
0.2040809
0.5205031
0.6331701
0.02998118
0.449238
0.2536544
0.3234669
0.3839723
0.2830449
0.2065638
0.3863278
0.3948136
0.3883704
0.3369705
0.2924583
0.09867735
0.4313906
0.1859474
0.4154884
0.05261627
0.0811335
0.3783604
0.2056324
0.1182414
-0.03428729
0.3016739
0.288313
0.4832101
0.2256363
0.438796
0.4586113
0.01814937
0.1356093
0.4304149
0.1675938
0.5437122
0.3487806
0.3796408
0.1673867
-0.1359962
-0.1638617
-0.09937947
0.2235613
0.1719204
0.5055022
0.5346251
0.3550843
0.2811866
0.4747607
0.6525121
0.6873464
0.1068478
0.5658556
0.5153726
0.4147922
NaN
NaN
-0.1321132
-0.1443484
0.06957066
0.126087
-0.1593008
0.2722652
NaN
NaN
0.5030084
0.2530474
0.1285973
0.09595122
0.08481815
-0.1088401
0.2023541
-0.0900547
0.2235074
0.1052106
0.4205588
0.568672
-0.05242724
0.2395998
0.2590121
0.3743309
0.2567626
0.1177079
0.1001645
0.5263679
0.6180265
0.5198708
0.704921
0.6342947
0.307522
0.1741097
0.5605852
0.5086566
0.5264866
0.4686666
0.5083285
0.3538554
0.5450751
-0.07759399
0.2572367
0.03996161
0.5226911
0.6933044
0.1592137
0.5076961
0.4368425
0.4487261
0.4855745
0.37007
0.3531877
0.5110423
0.5196093
0.498323
0.4153781
0.4733357
0.1902575
0.4790703
0.3272552
0.5427233
0.1951621
0.266096
0.540822
0.2970561
0.2351342
0.1000915
0.4687206
0.4534546
0.5194291
0.289499
0.5750943
0.5978924
0.111064
0.2707186
0.3785618
0.126059
0.5053983
0.375568
0.3581739
0.1477461
-0.2455688
-0.1932056
-0.03415396
0.2953665
0.1417824
0.5326072
0.5214186
0.4711021
0.2388906
0.5987244
0.4642913
0.69554
-0.03294337
0.6859492
0.578843
0.3637239
NaN
NaN
-0.22813
-0.06880607
-0.06728656
0.01180305
-0.05765937
0.3312631
NaN
NaN
0.4212278
0.1530721
0.2802302
0.2841932
0.0484118
-0.00114457
0.1613851
-0.1680383
0.2737112
0.3693575
0.4886295
0.5752131
0.1901009
0.224471
0.7359158
0.397596
0.4286049
-0.1113458
0.2451088
0.231588
0.4620928
0.402056
0.329742
0.2426577
0.1670067
0.4516717
0.6440598
0.5604661
0.4747715
0.6202892
0.6324667
0.2683292
0.1962448
0.05770923
-0.182464
0.1996322
0.125523
0.04154201
0.1383204
0.4779394
0.5918214
0.4639405
0.4223654
0.5804238
0.5359136
0.4888408
0.328169
0.08286067
0.3015667
0.1043904
0.1774888
0.1706155
0.203179
0.7878586
0.6701206
0.2236809
0.3964027
0.03234008
0.3393531
0.55038
0.5134771
0.1118084
0.1483936
0.4594994
0.4349643
0.5604108
0.6084382
0.1495523
-0.06554498
0.2294555
0.1876409
0.1352491
0.06569536
0.1393697
0.07998149
0.6541071
0.5327408
0.6836221
0.6608549
0.2343022
0.5175509
0.3698698
0.4262992
0.1903078
0.1465503
0.2001626
0.08097019
0.2954803
0.009416086
NaN
NaN
0.1091834
0.03019418
0.007649854
-0.03667313
-0.1559259
0.1689331
NaN
NaN
0.1658043
0.0241618
0.1781394
0.2312391
-0.1766982
0.02937637
-0.1292462
0.1307679
-0.01566476
-0.1140756
0.4316448
0.1107467
0.1492142
0.1787847
0.4283906
0.4032046
-0.05324497
0.2920674
0.1477768
0.3838525
0.3810246
0.3555491
0.3360288
0.1968451
0.428924
0.8200769
0.5991779
0.3343117
0.6316935
0.671286
0.2121204
0.1601403
0.1261295
-0.1434077
0.3079585
0.1491949
0.0692831
0.3597043
0.5737864
0.6610603
0.5165721
0.5127949
0.5306098
0.5200279
0.4469255
0.3311768
0.1107203
0.1953387
0.01971609
0.1143441
0.1720117
0.1713928
0.748511
0.6851063
0.2269995
0.3626222
0.02033667
0.334777
0.6065904
0.6491291
-0.02832432
-0.009147868
0.3764556
0.4353777
0.43286
0.45659
0.2042747
-0.06516992
0.1500999
0.2768054
0.1484862
0.1529703
0.07256033
0.1543189
0.4541906
0.7264659
0.5190798
0.7411724
0.2420512
0.644305
0.1836169
0.3874946
0.2192606
0.234502
0.03792058
0.1410204
0.1956465
-0.04276715
NaN
NaN
-0.04776426
-0.0952904
-0.05087682
0.04262721
-0.09850706
0.2433993
NaN
NaN
0.1356336
-0.1508905
0.1553092
0.3339821
-0.21757
0.09568958
-0.06359111
-0.03612817
-2.008832e-05
0.03271463
0.3443724
0.1556105
0.09378547
0.1239709
0.7590388
-0.09583482
0.0149822
0.3986891
0.4024892
0.2045767
0.06538424
0.05509547
0.2709206
0.5083878
0.5455747
0.418591
0.4420105
0.6630085
0.6835713
0.07368805
-0.08648802
0.09238687
-0.03384657
0.1517471
0.1441331
0.2345624
0.1436832
0.08615417
0.206861
0.06409565
0.2047016
0.08108606
0.1515467
0.1225371
0.03164593
-0.1545624
-0.03799961
-0.09959078
-0.1713728
0.03315451
-0.05510355
0.4022005
0.312702
0.1158966
0.196282
0.05119719
0.2538601
0.4822555
0.3908118
0.005643401
0.09293458
0.1681677
0.2747129
0.5138713
0.2808096
0.1884239
0.1030074
0.3355311
0.2087727
0.07921003
0.09019455
-0.1090138
0.1823195
0.1784349
0.2884157
0.4027203
0.3057648
0.2233413
0.4361565
0.2212628
0.2689156
0.03957572
0.1455053
-0.001309519
0.04616722
0.1229188
-0.1453227
NaN
NaN
0.08907207
0.1660833
0.1087479
0.117068
0.07586464
0.154082
NaN
NaN
0.08008668
-0.04870584
0.09188816
0.05117196
-0.2951334
-0.02016359
-0.2138323
0.1267274
0.1754591
0.1571793
0.0333451
0.1745122
0.2125159
0.05551688
-0.2497555
0.02663068
0.3387734
0.3837845
0.2043042
0.1529354
-0.02619937
-0.01341241
0.2980602
0.5134591
0.2794445
0.4386261
0.5053815
0.7136394
0.03901357
0.07048831
-0.06684581
-0.1684544
0.03786967
0.03394632
0.0104006
0.08553116
0.04786089
0.103128
0.1037972
0.2935045
0.1256571
0.1206026
0.2014129
0.09737077
-0.0286421
0.08408467
-0.03655853
-0.07514094
0.04754047
-0.1067819
0.4713116
0.5457721
0.1765748
0.2850923
0.1060639
0.3689355
0.3075592
0.4182069
-0.06110776
0.104336
0.1737192
0.2386749
0.6729661
0.5336873
0.1912698
0.144593
0.2138207
0.3102234
0.0625673
-0.001450781
-0.07357035
0.1576654
0.3291194
0.1286757
0.2835752
0.1548767
-0.02714408
0.3424214
0.3330874
0.1263361
-0.05837631
-0.009374095
0.1942585
-0.08494286
0.2254804
-0.06127114
NaN
NaN
0.01185979
0.2585255
0.1937557
0.02071309
0.2559224
0.1903037
NaN
NaN
0.05180468
-0.05656849
-0.02707557
0.03388877
-0.11323
-0.1212331
-0.2755246
0.1296671
0.1668316
0.1192039
0.1110927
0.1344615
0.145669
-0.09508003
-0.2019555
-0.04780074
-0.05360513
-0.06843047
0.1476341
-0.05357633
0.355252
0.1075094
-0.04980935
0.07778242
-0.0569832
-0.08733478
-0.06948007
0.1695857
0.1064102
0.2380662
0.01530024
0.1469585
0.08249534
0.3791996
0.3091536
-0.0524575
0.06369502
0.005039025
0.0529047
-0.07782844
-0.05274486
-0.1081893
0.002771262
0.06977592
-0.1280559
-0.05977541
0.05674727
-0.1182359
0.005941832
-0.2243869
-0.2804919
-0.04086772
0.009269239
-0.07350355
-0.07687985
0.08164741
-0.07456265
0.002547814
-0.1720245
-0.03848437
0.07118658
-0.2975002
-0.3314197
0.08587982
0.004775546
-0.04779562
0.06860078
0.2081152
0.1503103
-0.156792
0.06322059
-0.1071816
0.02377503
-0.0151317
0.1472398
0.1839089
0.2053315
-0.09177813
0.03422757
0.1699736
0.1884152
-0.1684901
0.193876
-0.1396608
-0.1228329
NaN
NaN
-0.01142614
-0.3653089
-0.0264147
0.1757837
-0.09011224
-0.1790373
NaN
NaN
-0.04505663
-0.1855317
0.03869759
-0.07048153
-0.1310914
0.08235585
0.0110756
-0.01683766
-0.08304361
-0.03028318
0.08862325
-0.06282812
0.1073782
0.2054199
0.1130402
0.1815593
0.4360644
0.3071545
0.238446
0.128252
0.2796093
0.3010926
0.1937955
0.119752
0.1891068
0.0388378
0.1662695
-0.1642173
0.08019232
0.01010202
0.5222508
0.5394624
-0.1343887
0.2741893
0.2337948
0.2412815
0.3431208
0.1669849
0.1712972
0.2384357
0.3107794
0.3180852
0.1924574
0.2390289
-0.005825693
0.2427017
0.1046834
0.2552216
0.187836
0.3550823
0.3983365
0.1635598
0.0370562
0.08238697
0.2589393
0.3533555
0.3200914
0.1986469
0.3308676
0.3796769
0.1283965
0.2943234
0.4411055
0.1978172
0.3844949
0.1434382
0.08604644
-0.1287302
0.1020598
-0.01575512
-0.01501915
0.4043324
0.1941398
0.3528747
0.3013056
0.2806483
0.2340811
0.373927
0.5957662
0.5157759
0.149363
0.372738
0.4498437
0.4149508
NaN
NaN
0.0316552
0.08915205
0.2717353
0.1632383
0.04521093
0.3433774
NaN
NaN
0.4316375
0.2302537
-0.1030435
0.08042932
0.1276199
-0.00747318
0.329915
0.1460609
0.2183628
0.2130076
0.290873
0.4714046
-0.222905
-0.04229529
0.8206302
0.6461154
0.5521673
0.221542
0.06625249
0.5614151
0.2735856
0.6249567
0.7170169
0.5967742
0.520406
0.5630117
0.01336528
0.1784288
0.1544311
0.2614499
0.4231293
0.05235189
0.2028132
0.351858
0.3639344
0.4471772
0.4427103
0.3846068
0.5141769
0.5708358
0.4941396
0.4518582
0.5247796
0.3290921
0.497937
0.3136001
0.4332951
0.207677
0.1819988
0.4020812
0.3123797
0.341303
0.2615055
0.4144933
0.4149319
0.5432693
0.4537581
0.5871888
0.5782715
0.2238624
0.3583716
0.4224875
0.212703
0.5018497
0.3415994
0.3204242
0.1669006
-0.3446937
-0.2902575
-0.04942657
-0.1029191
0.1700948
0.2714048
0.2828832
0.2754524
0.3876736
0.5503766
0.2177817
0.3893935
0.1167938
0.499047
0.5407574
0.2839506
NaN
NaN
-0.1069092
-0.00789578
-0.160181
-0.1439022
0.03334104
0.3123305
NaN
NaN
0.380557
0.3358042
0.3893157
0.3303562
0.1368719
0.03020459
-0.04747029
-0.1068035
0.3331663
0.2135269
0.4183495
0.5946198
0.4034323
0.3178691
0.6412773
0.5909287
0.1354871
0.09544383
0.4921286
0.4442777
0.6644606
0.7827288
0.6243348
0.5908946
0.4576805
0.09443112
-0.003770289
0.02230449
0.2500975
0.3481394
-0.02528886
0.1705074
0.3963337
0.4521344
0.4971677
0.5046792
0.5314163
0.5756827
0.6256557
0.5756079
0.4392647
0.5373872
0.3365369
0.5281273
0.3161235
0.41407
0.3867363
0.3932277
0.3380725
0.380191
0.2610565
0.4478894
0.4906919
0.5368801
0.4128181
0.5143339
0.5611705
0.5899913
0.2691091
0.422483
0.4725554
0.2647144
0.4091467
0.3429578
0.2716911
0.07196639
-0.1951774
-0.159596
0.2367411
0.1092299
0.3846124
0.4603467
0.2977635
0.4534116
0.412501
0.6431645
0.2470924
0.2808624
0.159106
0.4021626
0.4915496
0.2390525
NaN
NaN
-0.08930629
-0.01818774
-0.2198858
-0.2393149
-0.06495369
0.2993704
NaN
NaN
0.2394678
0.1357452
0.3931459
0.3921403
0.07077028
0.1014893
-0.02148967
-0.01562062
0.222101
0.119792
0.4654381
0.4767866
0.356272
0.3153007
0.6736894
0.1910076
0.07658436
0.4667437
0.4417419
0.6409958
0.5013775
0.6115785
0.4460484
0.6103544
0.2140795
0.1742566
-0.06448186
0.4850906
0.4769562
0.131887
0.2976919
0.6057281
0.5587491
0.6886237
0.5631208
0.5702378
0.6295893
0.6475201
0.624544
0.4183075
0.5991039
0.3569207
0.4612616
0.3498393
0.4868735
0.4620188
0.525481
0.625929
0.3997574
0.2504857
0.1725349
0.5380814
0.5904798
0.5199334
0.2451741
0.7533301
0.7116684
0.2762843
0.5235404
0.4226067
0.1935148
0.5156212
0.3230085
0.2866377
0.2473731
-0.1102298
-0.1011341
0.08491202
0.1704784
0.2461742
0.4251444
0.3113346
0.3918362
0.3430345
0.549454
0.391516
0.4807916
0.1423876
0.4979222
0.5791738
0.3990058
NaN
NaN
-0.1240063
-0.1110816
0.05941714
-0.07336377
0.0976599
0.4690425
NaN
NaN
0.3175714
0.2731417
0.3611808
0.3529491
0.09501117
-0.02857406
0.1095517
-0.05216562
0.3907632
0.3892887
0.5528174
0.483688
0.2699078
0.2618046
0.2044543
0.1736131
0.3859281
0.4713944
0.5489782
0.523839
0.2647442
0.3257363
0.4700736
0.03629912
0.2731932
-0.03520384
0.3893172
0.450998
0.1663405
0.4508682
0.4718896
0.4559305
0.465092
0.4181326
0.4464734
0.4901471
0.5825993
0.551977
0.4728599
0.4899316
0.2177658
0.5839664
0.209783
0.3589414
0.2131586
0.3432405
0.405524
0.3798612
0.07517853
0.1597933
0.362749
0.4103604
0.4036606
0.2352146
0.4750445
0.4549513
0.1202646
0.3183604
0.3563414
0.0488413
0.2049147
0.3544126
0.338246
0.1116101
-0.1812586
-0.1805078
0.08877343
0.0933977
0.08527808
0.511398
0.2671124
0.3642945
0.2198649
0.5503482
0.309016
0.5018744
-0.03279444
0.5431738
0.4707329
0.3816745
NaN
NaN
-0.2436005
-0.1294884
-0.03168232
0.1550126
0.04904492
0.2962699
NaN
NaN
0.3054021
0.1428275
0.09752188
0.2098484
0.1873505
0.1136935
0.1670466
-0.07656575
0.2638004
0.3025991
0.5446404
0.4092396
0.1188743
0.07051577
0.1954112
0.3866918
0.1758313
0.151561
0.05616641
0.1377033
0.04552836
0.3926436
0.06280934
0.3653858
0.1617926
0.3601922
0.4328816
0.1014777
0.3066738
0.3264999
0.400836
0.3274209
0.2777094
0.2568843
0.3885449
0.3645052
0.2728466
0.2403697
0.240369
0.06770172
0.2601306
0.2405964
0.3340396
0.2093309
-0.00447527
0.2353435
0.3242085
0.09061354
0.01551409
0.2531866
0.08419067
0.3058531
0.1956567
0.3267505
0.2701616
0.04245447
0.0110376
0.002787612
-0.1710612
0.1414484
0.06439493
0.3140838
0.1168607
-0.1300282
-0.3149461
-0.1256118
0.1237733
0.06939644
0.3776342
0.2798967
0.3051161
0.2277936
0.3282518
0.4179192
0.4501288
0.1742499
0.3218275
0.1071148
0.0609742
NaN
NaN
0.0635215
-0.01648111
0.01082858
0.1206815
-0.4067177
0.1190065
NaN
NaN
0.4710486
0.167561
-0.0337151
-0.007966996
0.1812818
-0.120872
0.2275451
-0.005146252
0.1737098
-0.08311961
0.1047425
0.2962102
-0.132079
0.05323832
0.2952357
0.1884168
0.2408798
0.2237009
0.1328971
0.07991915
0.1664193
-0.2439109
0.432296
0.01403215
0.3609742
0.2080223
0.4884962
0.1742446
0.1395346
0.268152
0.1344827
0.1520649
0.07130396
0.09794453
0.1333788
0.1584303
0.07261791
0.1167265
-0.07427858
0.09514918
0.05955334
0.2283395
-0.05367597
-0.05485719
0.1215413
0.2394578
-0.05736092
0.1113803
0.2625088
0.04336233
0.202865
0.08315143
0.08883257
0.1636683
-0.06372045
-0.2041493
0.1289217
-0.03451472
0.130053
-0.007237909
0.1464709
-0.01992059
-0.135302
0.04752405
-0.1183201
0.1387746
0.1914906
0.3542435
0.3359302
0.2579516
-0.05503566
0.3899942
0.2560443
0.3753844
-0.1788407
0.4583603
0.07750858
0.08386508
NaN
NaN
0.05280479
-0.05067717
0.0564763
0.2403005
-0.2427409
-0.02591092
NaN
NaN
0.05739271
-0.03949193
-0.0585027
0.05726949
0.020993
0.1131118
-0.1493028
0.1681189
0.1787651
0.1302155
-0.1280087
0.1936812
-0.0238143
0.003553412
0.4926486
0.5912276
0.4158712
0.6095124
0.51544
0.5106778
-0.0006763721
0.3918364
0.07869328
0.5274616
0.4465762
0.3007412
0.2863596
0.3861737
0.3917483
0.378081
0.3455633
0.2997097
0.357156
0.3952389
0.389513
0.3200862
0.3107621
0.2062033
0.3145997
0.3382996
0.4055157
0.3619108
0.2270767
0.3561734
0.3800105
0.2585068
0.2414727
0.647923
0.3949682
0.3704401
0.3100489
0.476485
0.5104224
0.1976829
0.1817773
0.3581025
0.1305174
0.4758858
0.3363924
0.2592381
0.3285344
0.02253834
0.02855459
0.08990578
0.3808292
0.4937568
0.5526143
0.5637005
0.4656918
0.3834684
0.5955742
0.4599474
0.517006
0.1298641
0.484634
0.3712505
0.2332152
NaN
NaN
0.06909516
-0.1483528
0.03694554
0.06024682
-0.1300434
0.1442533
NaN
NaN
0.3418338
0.1635278
0.2256869
0.2126018
-0.05888231
0.1030671
-0.06134955
0.02547666
0.3124667
0.09995545
0.2424055
0.4462813
0.1500695
0.275128
0.6672957
0.4644515
0.6575243
0.739232
0.1967469
0.1108379
0.1827133
-0.1139964
0.3277454
0.3310784
0.1676921
0.3786927
0.4359007
0.5033104
0.426618
0.4824479
0.4069199
0.3901271
0.4149385
0.30797
0.07598986
0.1688823
-0.02803765
0.15363
0.06780047
0.139299
0.6312077
0.6205208
0.263994
0.3373851
-0.004364902
0.3432371
0.6832006
0.6965769
-0.07485215
0.03347091
0.3649375
0.4362516
0.5289739
0.4594299
0.2513897
-0.0128556
0.2291748
0.3041611
0.2089013
0.2035421
-0.003078137
0.2116798
0.3953636
0.6694516
0.4759719
0.6909226
0.3166456
0.6804334
0.08739023
0.3911017
0.2280261
0.3090258
-0.09296822
0.2139853
0.3557009
0.04509543
NaN
NaN
-0.05656532
-0.01885053
-0.004242899
0.08332946
0.02284245
0.2722198
NaN
NaN
0.1073538
-0.06665474
0.1574636
0.3228576
-0.1936247
0.05782045
-0.03884668
-0.03903547
0.05363364
0.08744936
0.4363849
0.240605
0.2371514
0.07695855
0.6626854
0.7741655
0.6793632
0.3773292
0.1315259
0.2894563
0.08518468
0.3072372
0.2577671
0.1576795
0.2684
0.5766968
0.6217474
0.5382698
0.4915173
0.5205004
0.532178
0.4783505
0.3580457
0.2006693
0.2699026
0.2057084
0.3032015
0.2127084
0.2657347
0.5249658
0.4433079
0.1895558
0.1953567
0.01281372
0.1970146
0.6309277
0.5417859
0.1122773
0.1044893
0.4529378
0.4405045
0.2887309
0.4084457
0.4080458
0.06022241
0.4038795
0.2791156
0.2626246
0.3559603
-0.04178242
0.1513048
0.233955
0.4012853
0.468638
0.6105018
0.2933236
0.523948
0.1883753
0.533417
0.2574262
0.3233575
-0.02543216
0.3267042
0.389916
0.1570487
NaN
NaN
-0.1066
-0.2607772
-0.2018871
-0.0518162
-0.0558873
0.2956839
NaN
NaN
0.1647743
0.1411525
0.4593807
0.5299205
-0.1327832
0.07294763
-0.09127572
-0.1366582
0.06240561
0.007558741
0.4770966
0.3310594
0.4120305
0.3808659
0.5571003
0.567362
0.2778169
-0.06910478
0.08180977
-0.04301382
0.03903536
0.2459739
0.03946904
0.08344217
0.3911905
0.4085383
0.3940668
0.4195938
0.4951529
0.4708059
0.5249364
0.4344301
0.2897798
0.4503772
0.2382092
0.3834822
0.184374
0.319842
0.3460983
0.354142
0.2361267
0.3392636
0.09654446
0.3930667
0.4431179
0.4253125
0.2518971
0.4001792
0.3762252
0.3954902
0.3622338
0.4100504
0.3214088
0.1442091
0.381579
0.3442589
0.3179822
0.05187875
-0.2102604
-0.02281203
0.2651758
0.08102783
0.3132711
0.3841548
0.05608253
0.3218948
0.2801494
0.5339222
0.1123968
0.2599052
0.02704063
0.3782742
0.4001268
0.2111696
NaN
NaN
-0.1556763
0.008900445
-0.1262912
-0.1689843
0.03362686
0.2853229
NaN
NaN
0.1260119
0.2669337
0.3407339
0.3489634
0.1021514
0.1559006
-0.1420204
-0.06589343
0.2614102
0.1449529
0.4106439
0.4198604
0.3402424
0.3233077
0.8281055
0.3789377
0.1541676
0.1009815
-0.09598393
0.2962971
0.2406697
0.062657
0.2245315
0.4916944
0.5822633
0.5387755
0.53023
0.4550511
0.5010582
0.5029663
0.3485329
0.1845424
0.2918202
0.2240267
0.103612
0.2839267
0.2619028
0.7116556
0.5394542
0.3646069
0.2552169
0.2221343
0.2835887
0.7103948
0.624623
0.2070235
0.1179112
0.6003095
0.5907164
0.5551749
0.567116
0.3246653
0.1314883
0.5679288
0.3335789
0.1098134
0.307903
0.02674395
0.2171759
0.292372
0.4679958
0.5718277
0.5107759
0.2497383
0.4796562
0.2967499
0.4109506
0.1097484
0.2307537
0.07808494
0.2152306
0.3083501
-0.06472846
NaN
NaN
-0.001125936
-0.09323054
-0.003476248
-0.1274947
0.04060707
0.2782799
NaN
NaN
0.1100247
0.06851514
0.3986436
0.4196127
-0.2402359
-0.05988172
-0.1601715
-0.01619082
0.1459163
0.1704507
0.2965401
0.3189739
0.4234953
0.2936723
0.2363997
0.2332146
0.07827731
-0.2310495
0.1573412
0.1195311
0.04804649
0.2353237
0.3785563
0.4900172
0.4357909
0.5475493
0.4309335
0.4262428
0.418996
0.3086274
0.1422475
0.2418291
0.1689572
0.09779197
0.2074415
0.1183276
0.7174414
0.5846432
0.2186072
0.2940626
0.2003817
0.4003819
0.6117794
0.6654368
-0.006313616
0.1299474
0.4460098
0.5188887
0.6102601
0.6051609
0.2745963
0.1286182
0.3709875
0.4521777
0.03621828
0.1250323
-0.09282316
0.1487389
0.4498857
0.4316185
0.5058371
0.5268038
0.1865905
0.4764355
0.3241107
0.3289735
0.01480789
0.05556167
0.1405568
0.08193194
0.3080013
-0.1379216
NaN
NaN
0.02546668
0.06639452
0.008720343
-0.1070886
0.1237604
0.1928863
NaN
NaN
0.03281322
-0.05697475
0.2964992
0.3252979
-0.2149173
-0.03602343
-0.2835591
0.02008405
0.07403202
0.129013
0.2830296
0.2233749
0.4345225
0.1450953
0.3488667
0.3752504
0.03743041
0.4848132
0.4504382
0.3066078
0.2675015
0.4956535
0.4352023
0.5462059
0.5294243
0.4216057
0.5616795
0.613142
0.6375194
0.5249583
0.6220536
0.3443783
0.5102149
0.4503636
0.6042664
0.2223394
0.2389897
0.551423
0.5556306
0.4832361
0.1813854
0.3966371
0.3002859
0.708268
0.387355
0.8041822
0.6903691
0.08861681
0.3254622
0.1450027
0.08881932
0.3409613
0.1644219
0.310118
0.2860597
-0.1734292
-0.3246853
-0.1103732
-0.005532425
0.1059121
0.4188633
0.4493512
0.3712534
0.345113
0.5093241
0.4019296
0.5457721
0.142833
0.5932775
0.3898937
0.2881477
NaN
NaN
-0.08216011
-0.2354473
-0.1178409
-0.1037787
-0.2857119
0.1554118
NaN
NaN
0.2835353
0.2035125
0.2578065
0.2459743
-0.02268537
-0.091443
-0.0091825
-0.05041876
0.2124006
0.08168159
0.3346957
0.4058826
0.2987487
0.2498689
0.04173278
-0.3042284
-0.1073196
-0.1008069
-0.04468616
0.191918
0.2275397
0.1991072
0.2755772
0.3549474
0.2805869
0.2314951
0.1064642
0.2158207
0.09654082
0.1392236
0.3971371
0.1116918
0.1278668
0.08954012
0.3315091
0.1772338
0.04309511
0.1174607
0.3062168
-0.05438147
0.03991008
0.1108011
0.07154422
0.04207461
0.3503627
0.3384727
0.1967497
0.3052015
-0.1578872
-0.002545521
-0.003283912
0.05949075
-0.1229293
0.1122958
0.01538087
0.02676045
0.2049254
-0.03316209
0.09704479
0.1872106
0.02625428
0.2635022
0.1633655
-0.04430119
0.03739366
-0.2121572
0.2534546
-0.1746278
-0.06807245
-0.1220673
NaN
NaN
-0.02378807
-0.1802008
-0.09197584
-0.2040594
-0.02403081
0.05847275
NaN
NaN
-0.2823833
-0.07636551
0.1296485
-0.01240178
-0.1406566
-0.1584386
-0.02796574
-0.1874088
-0.003579317
-0.1010946
0.1171415
-0.2533079
0.1387638
0.04400188
0.04220565
0.4635699
0.3934094
0.5714804
0.2444719
0.3896813
0.2887384
0.256257
0.2414408
0.1961042
0.1904462
0.2048432
0.2828106
0.222977
0.2257625
0.1567038
0.1724629
0.3680507
0.4404752
0.0003934562
-0.06555099
0.2315121
0.2158946
0.1340579
-0.09087955
0.2912119
0.02476454
0.1679414
0.01507178
0.2147138
0.2007688
-0.03303664
-0.01031909
0.0172793
-0.1607849
0.1254272
-0.1254214
0.1976335
0.2771418
-0.03423689
0.04966548
-0.2184928
0.1033387
0.0658638
0.3555062
0.3883288
0.2783841
0.06869909
0.3694243
0.4239992
0.4500954
0.08128695
0.4682052
0.1135478
0.07262152
NaN
NaN
0.1927697
-0.1370775
0.02218174
0.1567993
-0.2688973
0.002287934
NaN
NaN
0.138567
0.1448312
0.04500824
0.1652732
-0.162806
0.1776499
-0.1171052
0.1424623
0.1122142
0.1193212
-0.02559578
0.2461341
0.1297447
0.05637434
0.1917725
0.2251989
0.01796084
0.03024834
-0.1380248
-0.07331282
-0.1694565
-0.2375768
-0.1665258
-0.02267487
-0.01408832
-0.1761432
-0.1358403
-0.208196
-0.3335567
-0.01005086
-0.1185045
-0.06542511
-0.242352
-0.2018923
-0.1544467
-0.08807704
-0.2447335
-0.01819033
-0.05070055
-0.133373
0.05654592
-0.0361265
-0.1700798
-0.2079832
-0.1409517
-0.2162574
0.169356
0.07232268
0.02469269
-0.1529905
0.2668027
0.0505515
-0.1809906
-0.2578552
-0.1835916
0.0002027913
-0.009319523
-0.0529285
0.1840547
-0.02889519
-0.03399342
0.01600623
0.2175072
0.2437776
-0.08474306
0.08285805
0.1817981
0.1915114
NaN
NaN
0.09492345
0.1233933
-0.1749448
0.1725329
-0.2002073
0.005240041
NaN
NaN
0.2906226
0.2154603
0.1374897
0.09843909
0.0152911
-0.1671736
0.1006056
-0.1246325
-0.1990648
-0.3223834
0.08361971
0.1279066
0.01057862
0.2561917
0.6662724
0.3210762
0.353635
0.3656496
0.2786445
0.3249907
0.2561939
0.1822211
0.2780123
0.3616196
0.4288364
0.3685507
0.3520653
0.05333958
0.375004
0.3758914
0.4814529
0.1810564
0.1799318
0.451709
0.3231575
0.08885071
0.2253861
0.4824824
0.2915493
0.3998707
0.2691218
0.4611716
0.5018286
0.06091419
0.1157269
0.3057925
0.0108091
0.3959741
0.1582229
0.3016663
0.2509605
-0.02660641
-0.1066189
-0.1461333
0.3595384
0.2488273
0.4341872
0.5865433
0.3620349
0.2803143
0.5102759
0.6586941
0.7181747
0.1376394
0.6026692
0.3571923
0.2239784
NaN
NaN
0.1605984
-0.07677226
0.04810089
0.1737031
-0.3111987
0.04996839
NaN
NaN
0.3192477
0.07368196
-0.01245771
0.1860902
-0.01367799
-0.03960384
0.1668722
0.2532817
0.08219777
0.1822839
0.1809676
0.3768172
-0.016415
-0.0210818
0.1453327
0.5455355
0.1954257
0.1850028
0.2864896
0.1749183
0.1192135
0.258345
0.3691753
0.3862406
0.30157
0.3116073
0.01998151
0.3927274
0.2132375
0.4734303
0.04130847
0.03439881
0.4257613
0.2282003
0.06985056
0.1484928
0.3738205
0.2799353
0.4243063
0.3035945
0.4280232
0.4334503
0.1498931
0.1300594
0.2699539
0.09121866
0.3239965
0.2532541
0.2503064
0.1248798
-0.1684102
-0.2225203
-0.1539018
0.1662702
0.07726761
0.394052
0.5424286
0.4251527
0.2212827
0.5154683
0.6774978
0.767629
0.09823806
0.6033426
0.4489027
0.2614429
NaN
NaN
0.05612049
0.2242793
0.002386979
0.06012074
-0.2251723
0.19608
NaN
NaN
0.4322291
0.1511867
0.05733037
0.08229804
0.2716722
-0.1322827
0.3145667
-0.02164318
0.2669802
0.1574748
0.3484593
0.5152351
0.03914175
0.07809877
0.1241187
0.1660654
0.07007655
-0.03283354
0.03945767
0.009392291
-0.06361297
-0.01397989
0.04312557
-0.03082805
0.06602103
-0.1371007
0.01329299
0.106013
0.1072636
-0.04573881
-0.02021032
0.1260856
0.190168
-0.001573806
-0.05574978
0.1938813
-0.04863077
0.1365456
-0.05119468
0.09867827
0.09928653
-0.125421
-0.103697
-0.0799511
-0.07303078
0.03848412
-0.1321668
0.1390004
0.2347985
-0.08491599
0.1001288
-0.1002604
0.1353713
0.04117678
0.2104249
0.3934613
0.3262098
0.00260181
0.2915958
0.1613058
0.3217242
-0.09614323
0.3241399
0.0006063714
0.003115852
NaN
NaN
0.218481
-0.1261364
0.0306203
0.1558307
-0.1977251
-0.1101859
NaN
NaN
-0.01941776
-0.05159951
0.1294149
0.07917787
-0.3701057
0.08745464
-0.1509461
0.188263
0.02988205
0.1218263
-0.04831008
-0.05554859
0.1768048
0.1495884
0.1942235
0.2674897
0.1923426
0.203542
0.0715172
0.1649783
0.2407645
0.236042
0.2428458
0.05971983
0.1034925
0.1420397
0.05787401
0.1098816
0.1375813
0.1045705
0.193353
0.1446199
0.1301906
0.0999018
0.2574913
0.2315434
0.2223732
0.03104079
0.2808662
0.2819074
0.04965378
0.04514311
0.1723344
0.04711184
0.1128411
0.3696811
-0.01711285
0.0729854
-0.1311425
0.001566349
-0.07510016
0.2882673
0.03993821
0.4717654
0.2679436
0.4869133
0.1615154
0.3193854
0.3648753
0.3985013
-0.03434075
0.2760961
0.03654385
-0.06878115
NaN
NaN
-0.1155827
0.04889702
-0.08171118
0.126368
-0.05857766
-0.01333291
NaN
NaN
0.1927422
-0.1891807
-0.06175491
-0.02446222
0.07844688
-0.2453063
0.3341095
-0.1817079
0.1242911
0.1398109
0.2680852
0.1341144
-0.08300277
-0.04231412
0.850672
0.7961146
0.7250357
0.8570984
0.7918183
0.7015397
0.6777794
0.539851
0.6258085
0.503064
0.514703
0.5712541
0.643179
0.579387
0.4577006
0.5001598
0.4256108
0.2552046
0.1408513
0.5394595
0.4351109
0.3365373
0.1062138
0.6298704
0.5709414
0.1812712
0.3885119
0.05728116
-0.0432413
0.3087596
0.1337967
0.2906421
0.3057385
0.00363605
0.003719682
0.1406584
0.3117093
0.3705401
0.5229554
0.1709779
0.3546555
0.2634433
0.5090347
0.2248109
0.3328143
0.1432026
0.461843
0.2491598
0.1782233
NaN
NaN
-0.1142522
-0.3496444
-0.1682199
-0.06582972
-0.1242524
0.382638
NaN
NaN
0.07498319
0.1865076
0.3767134
0.5271635
-0.1025606
0.2851481
-0.05400708
-0.1050929
0.1663151
0.2143512
0.3395954
0.3282102
0.2774596
0.3082814
0.8174368
0.7317061
0.8081702
0.8428218
0.7217863
0.5750528
0.4103606
0.4764319
0.3929077
0.38943
0.432601
0.515813
0.6614036
0.4553603
0.3838433
0.3768985
0.1760424
0.1375465
0.5736003
0.4934109
0.2978432
0.06254082
0.5878249
0.5716751
0.236568
0.3905296
0.1674568
-0.04888434
0.3223759
0.1603749
0.2563073
0.1468852
-0.1418265
-0.09209776
0.2399168
0.3882127
0.4425309
0.6429461
0.1872061
0.4380469
0.2996109
0.4670984
0.2550936
0.2912918
0.1542551
0.3485773
0.2292415
0.03701934
NaN
NaN
-0.09745571
-0.2892722
-0.1290225
-0.02068078
-0.1765872
0.3421615
NaN
NaN
0.159525
0.08566475
0.3766652
0.4364238
-0.1294283
0.1942613
-0.07353143
-0.07419286
0.125236
0.114579
0.3583248
0.339851
0.3335652
0.3276087
0.8459903
0.7658194
0.7843804
0.771144
0.7014256
0.5202203
0.5925698
0.4076825
0.4460202
0.436334
0.5791502
0.5816931
0.4893032
0.6361729
0.4683902
0.430646
0.1700721
0.5642533
0.6191368
0.3637103
0.07779057
0.7575078
0.7174842
0.2758392
0.4366907
0.342577
0.1587355
0.361204
0.1971091
0.3344503
0.2494897
-0.05239364
-0.05852354
0.1271995
0.2539726
0.3091625
0.4814345
0.1413628
0.3487307
0.257552
0.407969
0.3251314
0.3140674
0.1945508
0.3867396
0.4365099
0.2452663
NaN
NaN
-0.1384324
-0.2391062
-0.004319605
-0.09390816
0.02184299
0.5492549
NaN
NaN
0.256634
0.2547973
0.3567701
0.4512269
0.05130559
0.2115666
-0.0384622
-0.03309439
0.2979944
0.2207514
0.4324903
0.4838534
0.3118741
0.3008266
0.7395501
0.7471213
0.7763453
0.7764011
0.6009518
0.6427071
0.4479532
0.4835924
0.3502809
0.4984231
0.512966
0.477597
0.6229346
0.6204447
0.40472
0.3903962
0.6019017
0.6947831
0.3141452
0.1329914
0.7256031
0.7387317
0.3301585
0.4086521
0.3083152
0.1993954
0.2811219
0.252183
0.2642442
0.2454654
-0.1060918
0.008638632
0.121845
0.2007225
0.2980402
0.4518254
0.09755254
0.4052448
0.3199113
0.4110769
0.199045
0.2596481
0.1705647
0.3729063
0.2905712
0.1113647
NaN
NaN
-0.1362294
-0.2393864
-0.005812329
-0.1196804
0.02221444
0.4259446
NaN
NaN
0.1133935
0.08258702
0.2375216
0.4456997
-0.100039
0.1660406
-0.1248858
-0.00212978
0.3039334
0.2446281
0.3482478
0.4578137
0.3558982
0.1910377
0.8794907
0.7536977
0.7340244
0.5411969
0.6963021
0.5752853
0.6009147
0.5394939
0.6513233
0.6138641
0.5539501
0.437337
0.4711694
0.2643406
0.2843407
0.4550029
0.5116291
0.3228831
0.2207423
0.5738552
0.5763252
0.2430608
0.4424338
0.1103554
0.08458367
0.2302269
0.1570209
0.3029811
0.124955
-0.115635
-0.1221194
0.3484647
0.2753941
0.439161
0.5166705
0.1730266
0.3887241
0.3696345
0.5474845
0.1524843
0.1452434
0.2600855
0.3635486
0.3565199
0.1321108
NaN
NaN
-0.1490564
-0.2442024
-0.172567
-0.2040461
-0.07112319
0.4172764
NaN
NaN
0.08908136
0.07553706
0.4018895
0.4598652
-0.04857137
0.2126621
-0.1280412
-0.1046526
0.1368493
0.1874235
0.4331626
0.3632071
0.3136948
0.3092568
0.7971373
0.7308426
0.5230688
0.6745452
0.4709441
0.5978092
0.4443241
0.6451386
0.5593585
0.4854412
0.4887589
0.5487396
0.2922155
0.2897486
0.5110383
0.580509
0.4483259
0.294401
0.6838394
0.6928262
0.2311682
0.4383528
0.2355881
0.0851798
0.2986237
0.1979487
0.3834291
0.09500818
-0.2309358
-0.3185219
0.2156417
0.2092242
0.3814339
0.562139
0.2513252
0.4026515
0.4241186
0.5417326
0.2472783
0.3118586
0.2506018
0.4151374
0.4574601
0.2365507
NaN
NaN
-0.1569441
-0.1872781
-0.1431378
-0.0976763
-0.1331504
0.4739687
NaN
NaN
0.312411
0.2109067
0.3289736
0.3714522
-0.005378856
0.1309323
-0.08781944
-0.07932878
0.1884468
0.1579285
0.5027559
0.5098543
0.2934649
0.2784718
0.8448293
0.7279515
0.801982
0.5014269
0.6309044
0.4992795
0.6572339
0.488942
0.4895704
0.6898552
0.6798259
0.4220954
0.4726535
0.5570974
0.5745534
0.5811009
0.3418861
0.7639412
0.6988505
0.3358735
0.4969488
0.3284386
0.1517349
0.3750771
0.2597284
0.2777443
0.1232587
-0.09031554
-0.1812904
0.1663463
0.1588455
0.3420187
0.5421068
0.192011
0.3696591
0.4426561
0.6131556
0.2504322
0.4193552
0.1719725
0.5702261
0.4293868
0.1794745
NaN
NaN
-0.1594023
-0.1336318
-0.07568549
-0.1833333
-0.1006996
0.3230902
NaN
NaN
0.3027871
0.1768255
0.2547126
0.3982171
0.04946662
0.0146631
-0.01040218
-0.06021238
0.2268278
0.2317735
0.4019244
0.5290971
0.3736719
0.203522
0.826137
0.8872401
0.6110832
0.7280556
0.5570169
0.7758556
0.3017797
0.4106875
0.731663
0.7352811
0.4957
0.4794898
0.4821646
0.5415763
0.5742611
0.4420548
0.7486076
0.7628545
0.1664246
0.3542024
0.3081287
0.2810041
0.3468763
0.3077886
0.2519256
0.1126323
-0.05616868
-0.1557746
0.0993392
0.1093789
0.2502978
0.4745675
0.3087877
0.3392985
0.3839037
0.6272688
0.3321408
0.4313778
0.1835638
0.6612494
0.3987663
0.2491647
NaN
NaN
-0.2234626
-0.2183565
-0.1603177
-0.2706404
-0.1142715
0.2792956
NaN
NaN
0.1690317
0.09506723
0.1984103
0.3624164
0.08039739
0.1308127
-0.01562406
-0.09174438
0.2884388
0.3447394
0.3594452
0.5412242
0.2525613
0.1388782
0.8355466
0.7221537
0.7783739
0.6189503
0.7439861
0.09308066
0.1640573
0.6316518
0.5484524
0.5307588
0.3990526
0.2861411
0.2625886
0.5835575
0.4290349
0.591027
0.5767308
-0.04387568
0.1420239
0.228342
0.1800464
0.2875157
0.2646824
0.1826861
0.06972205
-0.01118897
-0.1385059
-0.05398831
-0.07699117
0.1147076
0.2621854
0.1864164
0.1278817
0.3599127
0.5495275
0.1856285
0.3754044
0.1318207
0.6768695
0.2371645
0.1497879
NaN
NaN
-0.2472347
-0.2849673
-0.2141413
-0.269351
-0.08953523
0.08845179
NaN
NaN
0.1758999
-0.01763026
0.1400601
0.3311638
0.1561958
0.131351
0.03809661
-0.143662
0.2158563
0.3091385
0.1814106
0.433261
0.2121767
0.0893374
0.6531536
0.7933446
0.6349103
0.8257096
0.2662679
0.3606021
0.7188089
0.6780232
0.5097102
0.4651348
0.3359957
0.3983073
0.6667319
0.5739328
0.7260799
0.6955605
0.1258904
0.3802176
0.15665
0.1287377
0.3033044
0.2089872
0.2771346
-0.01542567
-0.116813
-0.2973846
0.09526131
-0.06074236
0.2252578
0.327847
0.2947254
0.2368024
0.4618832
0.6338298
0.2165472
0.3790029
0.263161
0.670146
0.4525534
0.2883968
NaN
NaN
-0.1812516
-0.1492982
-0.1738337
-0.3675173
-0.1197621
0.2475328
NaN
NaN
0.1952906
0.1358629
0.2662618
0.3875656
0.1189043
0.1311138
-0.1128206
-0.08864753
0.2768918
0.3638166
0.3187079
0.4915359
0.2969831
0.1518605
0.5400467
0.6407315
0.6178511
0.2088283
0.1055114
0.3391655
0.2446742
0.5176636
0.1716583
0.1724903
0.09736687
0.421051
0.374948
0.4381523
0.4041261
-0.03549325
0.1450175
-0.0773
0.04015
0.2521607
0.1245166
-0.08850225
0.02380856
-0.008557512
-0.05418579
0.09275248
-0.1620567
0.2402901
0.1852185
0.02755642
0.07332095
0.3910451
0.4077414
0.03740042
-0.01767711
0.273665
0.333186
0.03229984
-0.004194893
NaN
NaN
-0.2030694
-0.3344849
-0.2190909
-0.4173383
-0.004355243
0.04767505
NaN
NaN
-0.1245673
-0.02074386
0.235942
0.2391264
0.09124113
0.07364814
-0.06684447
-0.2100115
0.1832153
0.2431338
0.01682845
0.1822197
0.2649495
0.1028603
0.427924
0.7337716
0.07550685
0.1380288
0.4358435
0.4450106
0.2560291
0.3509334
0.2029551
0.2658611
0.5238463
0.5706805
0.5103436
0.5508086
-0.06916519
0.1362936
0.1895531
0.1317989
0.2639027
0.2898882
0.3424983
0.01215422
-0.2492014
-0.3652669
0.05791439
-0.1100503
0.1965462
0.3541037
0.3843295
0.257448
0.4205123
0.6121834
0.3366547
0.4051464
0.2113964
0.6507791
0.4558207
0.3540152
NaN
NaN
-0.2468975
-0.270144
-0.3281163
-0.2600223
-0.2301091
0.2336326
NaN
NaN
0.2412352
0.1245565
0.2148176
0.2806979
0.2437842
0.09699328
0.02977375
-0.2182895
0.1925637
0.1674318
0.4373333
0.5068358
0.1206403
0.1771004
0.7641542
0.3022947
0.2142305
0.4573142
0.2840193
0.5333576
0.1175195
0.23985
0.04799153
0.4227238
0.3170324
0.4207566
0.3336736
0.03541819
0.2531676
-0.03619281
0.04525939
0.3331509
0.04354537
0.1493322
0.1321106
-0.03677494
-0.1131475
0.02753462
0.04847419
0.2338951
0.2384488
0.3258186
0.1531443
0.3379582
0.443135
0.1600839
0.183981
0.3360001
0.4739591
0.2009556
0.03641578
NaN
NaN
-0.0156161
-0.1257805
-0.2215056
-0.3030329
-0.2125974
0.02198558
NaN
NaN
-0.05759355
-0.03170067
0.3312981
0.3968905
-0.1118967
0.1116063
-0.2037045
-0.04739417
-0.06048559
0.2215454
-0.1205301
0.1805464
0.3347878
0.09911379
0.1600431
0.1728731
0.6056676
0.477751
0.451795
0.2309053
0.3072476
0.2267104
0.599176
0.4600858
0.586093
0.6001559
0.0129501
0.1753621
0.07216995
0.04889378
0.3658095
0.07973296
0.3228282
0.1386411
-0.1386681
-0.2729485
-0.02161503
0.01064806
0.2434263
0.3751691
0.471781
0.2419433
0.3030291
0.6325855
0.3844379
0.4805483
0.2062968
0.7647246
0.4371623
0.2808991
NaN
NaN
-0.170388
-0.2074919
-0.2936999
-0.315001
-0.340667
0.1942974
NaN
NaN
0.1829897
0.1185327
0.3101834
0.3570236
0.1309094
0.1840421
-0.07896172
-0.1594057
0.1518362
0.2411093
0.1680937
0.4892405
0.2326494
0.2206528
0.7328003
0.2320053
0.2797724
0.1605713
0.2954866
0.5810767
0.5563155
0.01797281
0.06053045
0.4880659
0.4493087
0.6425422
0.6918105
0.107462
-0.03549512
0.2777757
0.2302375
0.09619542
0.1087732
0.09005303
0.1269573
0.5179079
0.5321888
0.5963887
0.5104644
0.06900239
0.4562255
0.3824773
0.2177749
0.09393752
-0.03560814
0.3446022
-0.09937338
0.1941803
-0.1513584
NaN
NaN
0.1342797
-0.01493742
0.09036447
-0.1129617
0.03654142
0.2924393
NaN
NaN
0.0205194
0.04263066
0.2926541
0.3085941
-0.2253148
-0.03539433
-0.203501
0.07761302
0.01878891
0.02759012
0.3288722
0.07367198
0.2971333
0.1563705
0.4076192
0.4635242
0.1381173
0.3820405
0.3891095
0.6860297
0.05527961
0.02050542
0.4466053
0.4615084
0.5939277
0.7466356
0.3190084
0.2372159
0.1868414
0.1775885
0.1766683
0.02127871
0.1372313
0.1611238
0.4776476
0.4577036
0.376755
0.3993157
0.08934885
0.4441329
0.233796
0.2713813
0.07450678
0.04561623
0.1284199
0.05989085
0.4080966
0.1301149
NaN
NaN
-0.05720558
0.06659677
0.1147761
-0.06735392
0.2277399
0.4100146
NaN
NaN
0.1210896
-0.03276562
0.1420151
0.3079208
-0.2005186
-0.0574858
-0.1762571
0.0408135
0.03617924
0.1468895
0.3834923
0.2036266
0.149612
0.06568419
0.7134652
0.5679881
0.3054292
0.4589223
0.5208567
0.5843732
0.2076405
0.7471909
0.7290621
0.2760252
0.3752026
0.2931859
0.2751467
0.3989361
0.1729999
0.3061222
0.1633503
-0.01433071
-0.09179376
-0.01870929
0.06326482
0.1899413
0.2013913
0.2773868
0.2714002
0.261702
0.4317944
0.2522491
0.5179104
0.09426593
0.6069214
0.4659023
0.3757402
NaN
NaN
-0.128665
-0.07337622
0.1511931
-0.09566407
0.173752
0.4296724
NaN
NaN
0.3178624
0.2337603
0.0683146
0.2114213
0.02226129
0.1233833
0.09823158
-0.002586341
0.3924527
0.5137679
0.2449821
0.468213
0.1504009
0.05227249
0.4414056
0.6628546
0.4770397
0.5342019
0.4565051
0.3892993
0.6395982
0.681088
0.2810862
0.3256345
0.2505612
0.236994
0.1419818
0.1369921
0.3159384
0.01918387
-0.04912187
-0.2066288
0.1893376
0.1009737
0.2597295
0.3844993
0.2517886
0.3625272
0.2861419
0.4846217
0.167236
0.4057108
0.0658936
0.5072416
0.341419
0.2646092
NaN
NaN
-0.1046479
-0.04335146
0.04680104
-0.07620021
-0.04306842
0.2467318
NaN
NaN
0.261523
0.1208281
-0.04180931
0.1237506
0.009083818
0.04670795
-0.02015135
-0.008039103
0.2708527
0.2399431
0.2605759
0.3596095
0.1020945
0.02995602
0.2517436
0.1989931
0.1656798
0.4912021
0.3928578
0.5818481
0.5082758
0.05696419
0.1764101
0.08460151
0.2849633
0.2689498
0.1344756
-0.01628404
-0.01524498
-0.03328297
-0.123765
-0.01567459
-0.1033865
0.1357224
0.1049996
0.1496934
0.1124362
0.3159388
0.1923948
0.0153718
0.01177839
0.2538865
0.2466572
0.2164885
0.1252971
NaN
NaN
-0.1310827
-0.08588337
-0.04094709
-0.3022004
0.1288172
0.1535868
NaN
NaN
0.07378784
0.1073616
0.094116
0.02724328
-0.04030364
0.01920299
-0.07189424
-0.05915386
0.2153731
0.2821608
-0.02060721
0.1960048
0.2102946
-0.05180067
0.4695548
0.5193732
0.1631489
0.5637313
0.357882
0.4430233
0.2711614
0.2455778
0.2748129
0.1597075
0.02324241
0.2069701
0.07180332
-0.108347
-0.05257623
-0.08642653
0.3136502
0.2042267
0.4032076
0.3145775
0.0899006
0.3267017
0.3870156
0.4025954
0.07445936
0.129137
0.1692615
0.217792
0.1853843
-0.02207461
NaN
NaN
-0.04588893
0.05282463
-0.1119001
-0.3176602
-0.04850952
-0.02441223
NaN
NaN
0.08252804
-0.0859215
-0.01614374
0.1722322
0.02122395
-0.07696565
-0.1117278
0.01559482
0.08668346
0.08256303
0.2194141
0.2747189
0.1746446
-0.01029011
0.6759971
0.181318
0.1680979
0.5797424
0.5783371
0.3757568
0.3642272
0.3557191
-0.0001736295
0.3471751
0.2330482
0.2275527
0.330709
0.03399382
0.1577807
0.1844875
0.5252612
0.5766942
0.6195437
0.2976475
0.5385778
0.323082
0.5349712
0.3119097
0.4060906
0.08104905
0.3378102
0.2206174
0.02417518
NaN
NaN
0.1407233
-0.1511187
0.1220037
0.06661762
-0.01411865
0.2038275
NaN
NaN
0.1666243
0.1326965
0.232031
0.3930433
-0.1513741
0.1666094
-0.00657358
0.1767058
0.2688465
0.2229398
0.3490693
0.3838964
0.3866183
0.2076521
0.1036548
0.08724668
0.5706956
0.6812799
0.4467813
0.5237794
0.5354838
0.3006161
0.2387744
0.30999
0.2747894
0.1288609
-0.06842604
0.04009292
0.2955271
0.4882394
0.4054481
0.506554
0.2270445
0.5175863
0.2807658
0.4109842
0.2400567
0.2529413
0.08864828
0.2041303
0.4808054
0.1872191
NaN
NaN
-0.02892388
0.01765822
0.1060288
-0.03211247
0.2191708
0.5054225
NaN
NaN
0.3276814
0.08478468
0.1591014
0.3485488
-0.07322984
0.09475356
-0.07688098
0.04744579
0.2495086
0.2601955
0.5343416
0.5283558
0.2425229
0.1270681
0.5359682
0.665518
0.5971171
-0.03422694
0.1810313
0.1379875
0.09170026
0.336983
0.09097895
0.1874085
-0.08108843
-0.2046166
-0.4326012
-0.1839493
-0.1473987
0.07943522
0.2170279
0.355688
0.1517714
0.3936037
0.5356486
0.2991938
0.5071554
0.1578375
0.6352992
0.3551084
0.3865826
NaN
NaN
-0.1219014
-0.04256253
-0.00233101
-0.06754286
-0.1168934
0.1810662
NaN
NaN
0.3115261
0.2165808
0.08666492
0.0422176
0.1443892
0.01942251
0.1771812
-0.05915686
0.3478302
0.3376197
0.1388642
0.4049354
0.06655479
0.09125719
0.4169765
0.4449723
-0.02923441
0.1394348
0.01280958
-0.03133594
0.212219
0.191083
0.100483
-0.2983553
-0.2672535
-0.479658
0.04367022
-0.1147412
0.2620993
0.2502765
0.3337633
0.2069503
0.537708
0.4840581
0.2658974
0.2445952
0.390325
0.3531678
0.3069419
0.2275742
NaN
NaN
-0.05209963
0.01344977
-0.2043329
-0.3705891
-0.269916
-0.04221774
NaN
NaN
0.1321164
0.1638661
0.03402073
-0.007969136
0.1537628
-0.0394083
-0.02554198
0.02803916
0.1861625
0.09640136
0.1652726
0.3381704
0.04437526
-0.03075036
0.8893842
0.3036924
0.5338125
0.2485866
0.1735253
0.4637955
0.2677764
0.2055154
0.1453328
-0.04010999
-0.17968
0.09114179
0.1442593
0.2963559
0.4681548
0.2973295
0.3690053
0.4285952
0.5027459
0.30366
0.4640767
0.2022846
0.4973157
0.4355618
0.241338
NaN
NaN
-0.07119968
-0.1376457
0.01509818
-0.1514927
-0.04379077
0.3665262
NaN
NaN
0.2646812
0.2268934
0.2526446
0.3098588
-0.003862261
-0.03439214
0.06991034
0.028384
0.3434897
0.2968514
0.4237544
0.4658076
0.316601
0.2116676
0.3144291
0.4705323
0.3451403
0.2191521
0.4505048
0.2905674
0.2351391
0.08332062
-0.1665935
-0.2291689
0.1464428
0.2265739
0.3667642
0.5084991
0.3948092
0.4637216
0.4151346
0.5588031
0.3676402
0.4875209
0.1824727
0.5514422
0.4994723
0.2441966
NaN
NaN
-0.09182919
-0.1644508
0.002046227
-0.1472181
-0.01601047
0.390572
NaN
NaN
0.2984624
0.1803517
0.1810552
0.2155375
-0.03329924
0.06062918
0.03287484
-0.001936381
0.3366273
0.3367043
0.4297728
0.5052797
0.2395373
0.1696637
0.7534845
0.09332472
0.06082057
0.3203398
0.157042
0.06699278
0.1456779
0.06798115
0.198811
0.3432437
0.1789585
0.3278648
0.2312388
-0.02520015
0.2700907
0.1519509
0.03349288
-0.06983869
-0.0111856
0.08637433
-0.05648382
0.2066839
-0.1396544
NaN
NaN
0.06764328
0.2780383
0.2410319
-0.01047975
0.1543994
0.257617
NaN
NaN
-0.05003483
0.1313715
0.03529218
0.07409439
-0.09426487
-0.203561
-0.197077
0.02359906
0.07306487
0.1013417
0.1141776
0.0828097
0.2010311
-0.02238755
0.1784007
0.06679484
0.3513541
0.1860934
0.08580202
-0.01273587
0.08796795
0.05553133
0.3762839
0.224159
0.2988962
0.3545373
0.03051692
0.2901077
0.3990105
0.2312322
0.02186457
0.04798386
0.2944374
0.03338004
0.3633141
0.01845897
NaN
NaN
0.08825594
0.1684404
0.1516824
-0.119054
0.1542312
0.285548
NaN
NaN
0.06549481
0.1964883
0.2060052
0.2474066
-0.1527195
-0.1193538
-0.2041857
0.09112363
0.007168408
0.1466854
0.3305373
0.1738403
0.3308137
0.07065181
0.5529775
0.3261948
0.3036155
0.258447
0.06867592
0.1297526
0.1522649
-0.009600594
0.26035
0.09802945
0.2427378
0.2183232
0.1997401
0.1801981
0.3215996
0.3650082
0.2769952
0.02621826
0.2342913
0.4087406
0.2453121
NaN
NaN
0.03924641
0.04645343
0.1601474
0.09600505
0.2094609
0.3067382
NaN
NaN
0.4611044
0.0504474
0.1295425
0.2272497
0.02955327
0.008596803
0.04190076
0.13952
0.2205984
0.1258665
0.4004477
0.4762127
0.08940545
0.1594674
0.3518374
0.3791217
0.03356219
-0.05544046
0.0586258
0.1534105
0.06248557
-0.002047399
-0.03352686
-0.06793732
0.1159369
-0.01526255
0.05506148
0.04234811
0.04414695
-0.0177358
0.0432448
0.105492
0.2863613
0.2113307
NaN
NaN
-0.1300808
0.1794762
0.1017417
-0.06098204
0.3435736
0.3993141
NaN
NaN
0.06354215
0.0002052818
0.1331892
0.08595541
0.009317701
-0.2250712
0.03889555
-0.08349909
0.2087619
0.2302857
0.06946435
0.3152616
0.007654935
0.1366151
0.4696882
0.08196955
0.1915598
-0.05547765
0.1103046
0.0395432
0.1193107
0.3305444
0.257697
0.3038525
0.04684661
0.3331186
0.2812644
0.2777938
0.3302499
0.2111872
0.3720805
0.3404346
0.1398557
NaN
NaN
-0.01719996
-0.08814876
0.1243422
-0.07451059
-0.03466057
0.2158919
NaN
NaN
0.1324467
0.3563047
0.2108228
0.1081739
-0.03235372
-0.2053746
0.01781054
0.02493912
0.2190403
0.3042814
0.1352894
0.4162666
0.1085511
0.1893275
-0.03055276
0.03859025
-0.08541874
0.0368869
0.2185029
0.1498194
0.1372967
0.2893763
0.1524267
0.1168069
0.3346115
0.1624816
0.1306763
0.1919681
0.1908876
0.1376123
0.1989833
-0.01152632
NaN
NaN
-0.2396287
0.005630624
0.03173649
-0.1043996
0.1626279
0.08367347
NaN
NaN
0.06032685
-0.02876218
0.03615703
-0.04753472
0.1790292
-0.2399694
-0.03850297
-0.1286286
0.3346569
0.2149817
0.3602123
0.2926006
-0.01658159
-0.02159501
0.1368669
-0.2188939
-0.2121137
-0.1304185
0.02385131
0.03646657
0.1150287
0.225905
0.2618172
0.04164713
0.228803
0.3067853
0.3398408
-0.02493454
0.3224046
0.4468297
0.3532005
NaN
NaN
-0.05421052
-0.1005782
-0.05239916
0.1654757
-0.05524093
0.3944711
NaN
NaN
0.4116418
0.2903397
0.1397013
0.1735281
0.02246685
0.1587883
-0.05636423
-0.02408824
0.05549435
-0.028373
0.3858025
0.3793048
0.06134358
0.1633177
0.1190067
0.2561925
-0.138593
0.100072
0.06584269
0.05584287
0.1123231
0.1525223
-0.1157192
0.0521665
0.08393867
0.2124825
-0.1400104
0.1311243
-0.01467629
0.003932122
NaN
NaN
-0.06919641
-0.3623477
-0.04367932
0.002973383
-0.1130811
-0.006949766
NaN
NaN
0.007243892
0.1215671
0.1308737
0.1857976
-0.07619039
-0.00827629
-0.03692341
-0.05280041
0.05562667
-0.1105356
0.08428068
0.06586893
0.06600122
0.156946
0.6954957
0.09124756
0.2346204
0.0763766
-0.004531602
-0.1686582
-0.1352149
-0.1700854
-0.1030721
-0.1075068
-0.06288599
-0.1468952
-0.1503398
-0.1963959
-0.1295622
NaN
NaN
0.1252462
-0.06259279
0.1642213
0.07857854
0.1376816
-0.07810994
NaN
NaN
-0.07186583
-0.1621558
-0.006158193
0.1123071
-0.08122853
0.01505274
0.07989907
0.181223
-0.08523399
-0.1700863
-0.08980006
-0.2254196
-0.0588449
0.02480931
0.08815079
0.2866477
0.139569
0.01126001
-0.2596619
-0.0068765
-0.2522251
-0.1690205
-0.1940218
-0.2200396
-0.2450135
-0.206257
-0.3143488
-0.2769815
NaN
NaN
0.05018332
-0.1431983
0.1740718
0.1137119
0.249189
-0.04107695
NaN
NaN
-0.3327243
-0.2066971
-0.00626944
0.1496976
-0.2761469
-0.004413378
-0.06183776
0.09459205
-0.06798604
0.04107524
-0.2047586
-0.2289662
0.05224535
0.01331803
0.3910311
0.6184721
0.3881533
0.03567373
0.2828912
0.251315
0.1111476
-0.03642621
-0.1983361
0.2172863
-0.2112854
0.1247559
-0.08946527
NaN
NaN
-0.02958034
0.05445889
-0.1036345
-0.245187
0.04794761
0.0273411
NaN
NaN
-0.1257544
-0.0889154
0.06739889
0.00452048
-0.1301437
-0.001519727
-0.1518787
-0.1289709
-0.1550784
-0.1285907
0.2889972
-0.1493055
0.06072258
0.05519514
0.498458
0.6167278
0.3177877
0.4799782
0.08528707
0.2661073
0.2747018
0.2029767
0.03299146
0.01257416
0.1114861
-0.1330862
NaN
NaN
0.1596207
-0.06827097
0.03632963
0.08784038
-0.07536676
0.03277154
NaN
NaN
0.1055412
-0.2253894
0.103482
0.2540497
-0.3717917
0.09127484
0.02228546
0.1443595
-0.1793174
0.00537431
0.2844625
0.07170567
0.02982618
0.07986472
0.5441148
0.3398697
0.4690318
0.4642504
0.4044083
0.2481023
0.06846102
0.3537855
0.05755514
0.2440992
0.06189514
NaN
NaN
0.1776927
-0.1507404
-0.02665375
-0.1602415
-0.1064841
0.1284473
NaN
NaN
0.06707341
0.1589699
0.1432363
0.1489559
-0.2313598
0.1052989
-0.1839143
0.07170476
-0.03011981
-0.08692752
0.2358883
0.1691507
0.1206145
0.1560751
0.492264
0.6402404
0.3647168
0.6680567
0.4463029
0.4099597
0.1259889
0.3751594
0.2556383
0.002331116
NaN
NaN
-0.02028578
-0.1458015
-0.1378342
0.02038989
-0.348201
0.08258799
NaN
NaN
0.1939795
-0.0668455
0.1811733
0.2498481
-0.1441374
-0.01728599
-0.04239961
-0.01003622
0.01476532
0.01243463
0.4088622
0.2939392
0.1945939
0.1666869
0.5505603
0.2512173
0.5646115
0.570181
0.5233129
0.1762308
0.4948193
0.4192416
0.2275907
NaN
NaN
0.1650599
0.08097119
-0.1146502
-0.001279251
-0.3573767
0.04819384
NaN
NaN
0.294249
-0.08110156
0.1927261
0.09946468
-0.1301078
-0.01467331
-0.003708236
0.02498213
0.05651683
0.04877986
0.2310705
0.2954317
0.01142898
0.1115096
0.3133405
0.5255826
0.4589688
0.3668945
0.1103684
0.2499037
0.2728154
0.03912523
NaN
NaN
0.09171546
-0.04749935
-0.1259253
-0.04139097
-0.1435579
0.1830774
NaN
NaN
0.2190478
-0.141379
0.1605162
0.1949743
-0.2210509
0.006537839
0.003629837
-0.05070661
0.055533
-0.03551059
0.4213028
0.1657308
0.1738333
0.1086195
0.4954466
0.3767561
0.1644535
0.7912559
0.08635723
0.205175
0.0188831
NaN
NaN
0.1332477
-0.01330834
0.04774391
-0.2532222
-0.09985885
0.05584048
NaN
NaN
0.2905276
0.1511428
0.1145688
0.0151053
-0.02607409
-0.1337002
-0.1446885
0.2337805
0.2168106
0.1234951
0.2970082
0.3166122
0.09415257
0.07452438
0.4748763
0.5889073
0.1885173
0.7041836
0.383867
0.2365407
NaN
NaN
-0.07157369
-0.1138794
-0.1962357
-0.1292992
-0.2714334
0.1426532
NaN
NaN
0.3655761
0.01430763
0.2982677
0.3717501
0.07479344
0.1334474
0.07621192
0.009727626
0.2752306
0.2204741
0.3547853
0.4781694
0.1981672
0.2802689
0.6462095
0.3446457
0.4077175
0.3528505
0.3410675
NaN
NaN
0.1891507
0.002884807
-0.0002799414
0.01684203
-0.3440076
0.1408496
NaN
NaN
0.4568636
0.1910126
0.04126825
0.03176616
0.09431665
0.0278968
0.1959198
0.1189005
0.2042725
-0.09264305
0.3679947
0.4185372
-0.1455298
0.1207678
-0.0517701
0.7628828
0.4239704
0.3970357
NaN
NaN
-0.03574686
-0.05605341
0.01966429
0.1749747
-0.2490028
0.1768186
NaN
NaN
0.4937898
0.1623976
0.04283342
0.143115
0.1465863
0.07219189
0.2866675
0.03393844
0.2896612
0.144927
0.3452798
0.4699358
-0.02552299
0.1531352
-0.1831865
0.1533281
0.03297765
NaN
NaN
0.1941716
0.07513516
0.09558053
-0.3087721
-0.07661523
0.1312301
NaN
NaN
0.1241685
0.1833148
0.07565373
-0.06168275
0.004847912
-0.1037732
-0.2077715
0.2407382
0.1547796
0.0558085
0.1441658
0.1724947
-0.0463061
-0.02414433
0.4435012
0.3893346
NaN
NaN
-0.193845
-0.1697487
-0.1456807
0.0006370328
-0.2420275
0.1353146
NaN
NaN
0.288455
0.1154221
0.1856336
0.3227124
0.1560448
0.151254
0.1453876
-0.144755
0.2476654
0.3286201
0.1608549
0.5245114
0.1743381
0.2214407
0.6885214
NaN
NaN
-0.08963498
0.1503341
0.03536418
-0.01070771
0.1262371
0.5624416
NaN
NaN
0.5459062
0.4140434
0.2220955
0.2222654
0.1953963
0.002638161
-0.0408412
-0.03076052
0.1504483
0.09917084
0.5319755
0.6127125
0.1458768
0.1399838
NaN
NaN
-0.1449404
-0.003114119
0.05365332
0.1116439
0.12064
0.5450138
NaN
NaN
0.3984368
0.566411
0.001769116
0.07564856
0.3227036
0.2632935
0.1701722
-0.09087868
0.2923548
0.1040376
0.2895197
0.4273966
-0.2074127
0.08756481
NaN
NaN
NaN
NaN
NaN
NaN
NaN
NaN
NaN
NaN
NaN
NaN
NaN
NaN
NaN
NaN
NaN
NaN
NaN
NaN
NaN
NaN
NaN
NaN
NaN
NaN
NaN
NaN
NaN
NaN
NaN
NaN
NaN
NaN
NaN
NaN
NaN
NaN
NaN
NaN
NaN
NaN
NaN
NaN
NaN
0.3822074
0.3634489
0.2649269
-0.1107106
-0.1808112
NaN
NaN
0.08845085
0.05922394
-0.1134921
-0.08508203
-0.2172169
0.05700077
-0.1054314
0.6286882
-0.1358726
-0.2355079
-0.05481646
-0.09956994
0.04966229
-0.1222337
0.2970386
0.2111013
0.1288803
0.04946618
NaN
NaN
0.1110436
-0.04693828
-0.2173109
-0.2195365
0.1506286
-0.1967027
0.09144362
0.2098337
0.06185465
0.01437377
-0.1196163
-0.01213339
-0.1442814
-0.2990396
0.601114
0.5315258
0.2533922
NaN
NaN
0.1537026
0.178427
-0.3398464
-0.3139195
0.007922781
-0.1060333
0.09904486
0.5532549
0.4480076
0.3151808
-0.07988906
0.1851274
-0.2267686
-0.2101602
0.2597478
0.1872677
NaN
NaN
0.2183671
0.08497563
-0.3470151
-0.207347
0.02476816
0.05155313
0.268075
0.4038213
0.1850544
0.09057579
-0.01508743
0.07074048
-0.2488163
-0.1818693
0.4565507
NaN
NaN
-0.01627116
0.115828
-0.07015757
-0.07930713
0.06268322
0.04676447
0.02626424
0.0171082
0.4050453
0.422403
0.08233912
0.102288
-0.005324355
-0.07294189
NaN
NaN
0.3211493
0.4009826
0.2016892
0.2054808
0.1702223
0.1217132
0.08246387
-0.0925098
0.4404584
0.357519
0.3783695
0.5033154
0.004416409
0.2188468
NaN
NaN
NaN
NaN
NaN
NaN
NaN
NaN
NaN
NaN
NaN
NaN
NaN
NaN
NaN
NaN
NaN
NaN
NaN
NaN
NaN
NaN
NaN
NaN
NaN
NaN
NaN
NaN
NaN
0.3018036
-0.04380279
-0.06766657
0.3028718
-0.01985645
0.220011
0.149981
0.2415652
-0.07091101
0.5061932
0.5655169
-0.1560319
0.06506769
0.007580654
-0.03793888
0.2209741
0.1134082
0.005998091
0.01103797
0.2496928
0.0274576
0.1820802
0.379393
-0.0289238
0.1297788
0.7597946
-0.1134244
0.08347608
-0.1882072
-0.2178678
-0.03380995
-0.0237592
0.2353436
0.1274728
0.6757445
0.8543369
-0.1556347
0.2311291
-0.1771981
-0.08736557
-0.08092132
0.05317515
0.1762398
0.238969
0.6375681
0.63684
-0.07605578
0.3329991
-0.1948589
0.3487909
0.04654007
0.1440461
0.2287835
-0.2900368
-0.07268202
-0.09099745
0.0877141
0.09961864
0.126959
0.03157813
0.03082045
0.0762931
0.1310468
-0.05404202
0.1406441
0.1246752
0.09120941
-0.02305124
-0.3326653
-0.06093496
0.06065792
0.004322201
-0.04826981
0.07862417
-0.04414351
-0.1839547
0.5022619
0.2187791
0.5138818
-0.1746095
0.08142044
-0.053442
0.2824401
0.006775518
-0.08308936
0.4212846
0.1198244
0.2495397
0.08348551
0.2048257
0.4740364
