0.5114684
0.7212879
0.6275809
0.5915847
0.5241245
0.6146725
0.4160071
0.3908534
0.2338404
0.2818769
0.3894377
0.2662058
0.459752
0.5109459
0.5486863
0.4876329
0.5173906
0.3282268
0.01613971
0.2864563
0.2414417
0.2988477
0.5668488
0.04590379
0.1814283
0.2250748
-0.2055011
0.1107114
0.07871366
0.2888364
0.4213717
0.3565474
0.3536277
0.07487435
0.6031884
0.1921967
0.2406466
0.3750489
0.4489845
0.06173972
0.2149854
0.2806312
0.4062244
0.1777242
0.1646282
0.1049092
0.3076847
0.1447213
0.3771357
0.6957306
0.5198518
0.6990126
0.5825596
0.5424465
0.6339072
0.3645562
0.4391878
0.5905681
0.4081462
0.3171868
0.2585118
0.3925292
0.2400259
0.590659
0.4433251
0.4140064
0.5253515
0.370518
0.3383326
0.3062834
0.2336439
0.5141933
0.1710799
0.1780898
0.3160884
0.205047
0.01788387
0.2590615
0.1547843
0.1464147
0.4169527
0.3171397
-0.006085205
0.09630852
0.1470637
0.09215899
0.3967555
0.2795796
0.2699361
0.3825012
0.4080687
0.4058952
0.3276914
0.2481571
0.4616941
0.3758269
0.08476272
0.2549877
0.120202
0.6453372
0.5907349
0.3839541
0.2342349
0.3464639
0.02651147
-0.06152467
0.1973882
0.2064063
0.1616349
-0.04365706
0.4790406
0.4988349
0.51773
0.1753344
0.1512656
0.04948231
-0.3281602
0.206527
0.334483
0.06296831
0.2775419
-0.2690072
0.2313075
0.04920274
0.1616691
0.3606307
0.0307194
0.328586
0.2986795
0.2766291
0.3852464
0.2304532
0.3698979
0.2523721
0.2080683
0.4072792
0.3245557
0.240837
0.3253057
0.4212405
0.4530397
0.2755721
0.2746024
0.3077372
0.3741612
0.2076411
0.1922501
0.6260538
0.8300257
0.6626833
0.2728858
0.2455619
0.4666986
-0.02980671
0.0268103
0.2019867
-0.08089735
0.1456599
0.001308194
0.2052238
-0.06536494
0.6648376
0.4413459
0.3980705
0.07557958
0.09113827
0.02378892
0.08283983
0.09405208
0.2506748
-0.0831423
0.09909116
0.09581641
0.1719999
0.04884022
0.4003786
0.03898408
0.01257262
0.3125048
0.4381648
0.3184678
-0.002093007
0.2673672
0.1209617
0.4740356
0.4355191
0.2479896
0.388973
0.3374849
0.3341822
0.3432698
0.3304082
0.4374805
0.5596334
0.3183623
0.2951883
0.3607941
0.5939976
0.4916166
0.4616727
0.6031244
0.2157668
0.1107651
0.194842
0.1527949
0.1999145
-0.03634315
0.3798465
0.3212952
0.6208499
0.4669099
0.4482992
0.3618534
-0.03718533
0.3683479
0.2951362
0.2628376
0.4927746
0.04232309
0.09824981
0.1952214
0.07819093
0.303246
-0.04002461
0.2639924
0.3475253
0.3382678
0.3695191
0.2233867
0.4949845
0.2127135
0.176524
0.3810614
0.3753083
0.05360954
0.2681784
0.3924585
0.3636947
0.1692227
0.3428854
0.1825482
0.3948282
0.2462178
0.1611277
0.7234919
0.7056133
0.6495573
0.5213733
0.4960558
0.5933492
0.1996142
0.2182538
0.3154103
0.008965302
0.2846124
0.1969159
0.3773497
0.04016618
0.6613161
0.437207
0.3955357
0.364824
0.1769819
0.2308631
0.2550177
0.2029449
0.3598544
0.07694944
0.03352233
0.1838839
0.1056823
0.2073106
0.4909619
0.04828042
-0.02258482
0.4114789
0.5119711
0.0205296
-0.03720706
0.1747457
-0.006287048
0.417346
0.2915478
0.1552592
0.2586289
0.3956768
0.285386
0.4115876
0.330565
0.477039
0.5762381
0.2828947
0.3116867
0.1237983
0.538812
0.530802
0.7379406
0.2938484
0.2607985
0.09092886
0.2745183
0.3907959
0.1719494
0.5023848
0.7427329
0.781235
0.5093959
0.3243639
0.3516803
-0.1844389
0.4013774
0.02799076
0.130873
0.5633628
-0.1669666
0.221048
0.01243578
0.1722894
0.3316267
0.04917487
0.3493197
0.3769623
0.3228167
0.54764
0.1067365
0.639798
0.1461415
0.3282648
0.6600282
0.5028065
0.1875712
0.3390375
0.480862
0.5457823
0.1300763
0.1513933
0.3922328
0.5140462
0.04325697
0.326568
0.7659415
0.6818015
0.8167499
0.5892119
0.6026918
0.8512772
0.1733574
0.2834446
0.4339163
0.2667857
0.2544833
0.2313887
0.2628355
0.1791049
0.6673508
0.4912654
0.6918858
0.3645662
0.4364887
0.1889132
0.2518059
0.1036938
0.4562621
-0.01206957
0.4232448
0.3097692
0.2316014
0.2127107
0.4588062
0.2204265
0.05044395
0.3692418
0.401039
0.2558432
0.07921538
0.3297279
0.1053909
0.5113258
0.3737838
0.4369735
0.5604767
0.5228235
0.3675068
0.4366965
0.2418291
0.5636977
0.5347714
0.1880645
0.3289186
0.2484571
0.6913186
0.6261433
0.4432262
0.289798
0.3267739
0.423635
0.5011211
0.4565442
0.3233245
0.4118197
0.3106452
0.4413729
0.3548426
0.1173101
-0.03703846
0.2290783
0.08898411
0.1504843
0.4860366
-0.1006643
0.2580021
0.1044273
-0.03219038
0.06345764
0.2003081
0.1020305
0.4135362
0.1697236
0.2514915
-0.005578053
0.427823
0.005327279
0.08303839
0.2708321
0.3616379
0.1206367
0.1684243
0.1205047
0.2704101
0.05911469
0.08246828
0.07279302
0.3103273
-0.02185344
0.2640832
0.6726862
0.5135261
0.407534
0.7393263
0.6683365
0.5945964
0.2558611
0.2287271
0.3564816
0.1634143
0.36555
0.3097154
0.4130378
0.3694185
0.2774626
0.3594213
0.3080893
0.2789271
0.2216352
-0.01027285
0.2547266
0.101677
0.3356422
0.01301983
0.1900948
0.3335362
0.108584
-0.08944249
0.111732
0.001536031
0.03856108
0.1721577
0.1458211
-0.004776396
0.09459523
0.01250334
0.1450147
0.4059217
0.2921817
0.1968466
0.3256955
0.2808016
0.3315444
0.2018053
0.1167541
0.5399162
0.1330928
-0.002482891
0.3798244
0.1955974
0.7716534
0.58192
0.3606527
0.3650397
0.4617513
0.7391144
0.5371086
0.1709346
0.4240698
0.3613619
0.6488188
0.5574038
0.2928197
-0.08676955
0.5233263
0.1146983
0.2028422
0.5878321
0.02145096
0.1636259
0.2715749
0.1025582
0.1668189
0.01371291
-0.04268432
0.2297159
0.1562436
0.2108922
0.1144974
0.5081671
0.2033011
0.1051589
0.4064739
0.5025631
0.07191318
0.2360042
0.1321617
0.2873652
-0.07450288
0.1379997
0.1190358
0.6298491
-0.07574885
0.2540982
0.6106631
0.3924517
0.3957246
0.842351
0.8696919
0.6186825
0.387131
0.3960292
0.4475598
0.2947371
0.6241303
0.6085314
0.5566561
0.5756892
0.3208331
0.2628375
0.3303265
0.4667234
0.3272556
0.08375951
0.5368848
0.3239268
0.4918241
0.1308644
0.2730224
0.2136947
0.1536376
0.0760148
0.2479902
0.1843304
-0.09331467
0.2356412
0.25502
-0.09072619
-0.06988822
0.02247343
0.1463794
0.3975685
0.1185091
0.2466657
0.3412574
0.4371205
0.1642697
0.4188792
0.159322
0.6817624
0.1449428
0.09690933
0.3660922
0.1512268
0.5489884
0.4307895
0.2663583
0.4036219
0.5398432
0.3236466
0.3465769
0.5043973
0.6950733
0.7085563
0.6372132
0.5724854
-0.08907486
0.5776606
0.1097042
0.2815944
0.7864678
-0.04544076
0.2028695
0.1758591
0.05644954
0.2865091
0.01822595
0.2604771
0.3956704
0.2814934
0.5084929
0.280084
0.7364585
0.2190726
0.2431593
0.5717269
0.6001625
0.1221915
0.1748955
0.3401388
0.4496584
0.02236329
0.197601
0.2103381
0.5899015
-0.05697837
0.3571376
0.679579
0.4867814
0.6132843
0.8297914
0.8200643
0.8567056
0.3869899
0.5125586
0.5340832
0.3214576
0.5021004
0.5297778
0.4249332
0.3280185
0.4891857
0.4395352
0.5405831
0.5740848
0.5438128
0.1970299
0.5516759
0.3394594
0.6896346
0.1471473
0.4240152
0.4190854
0.1909537
0.1666368
0.4134009
0.1759729
0.01126268
0.359722
0.2811159
0.02131653
0.03122684
0.1914981
0.176607
0.6115704
0.2599159
0.3047752
0.48749
0.5152041
0.2790903
0.4772717
0.203723
0.6119647
0.3652692
0.1371912
0.2743626
0.2114619
0.7787604
0.5730459
0.6017264
0.6924083
0.724742
0.187131
0.3041771
0.1544695
0.5823131
0.6368271
0.483168
0.2181525
0.3971302
0.2745723
0.3384616
0.6312544
0.3567075
0.1891871
0.364389
-0.1081979
0.07138178
0.3410822
-0.001932709
0.2935509
0.3218573
0.1937086
0.1187735
0.474577
0.2538933
0.2054038
0.1777137
0.3311679
0.2915814
0.2418745
-0.04777769
0.1880696
0.001365196
-0.05815009
-0.05159255
0.2989215
0.05618316
0.5039739
0.2641401
0.0658857
0.1144502
0.5395889
0.5737143
0.4107945
0.5920212
0.6770403
0.5188405
0.6046182
0.5958568
0.761395
0.4520902
0.5180827
-0.06763973
0.2088981
0.2022564
0.5662131
0.5229087
0.183125
0.5843423
0.5283962
0.6172934
0.5244416
0.3405593
0.3568297
0.2253479
-0.1906035
0.09291125
0.1848334
0.1373937
0.1752937
-0.1503853
-0.02744216
0.240042
-0.1088672
0.2738967
0.2765763
0.2533264
0.2718222
0.2352211
0.1750628
0.2593969
0.1423188
0.004042438
0.4000268
-0.1821535
-0.03059291
0.2623562
0.199796
0.4853802
0.6327676
0.5533197
0.6492205
0.1847039
0.3361341
0.1836287
0.5154865
0.456355
0.6133663
0.4163438
0.2728972
0.2016618
0.4075721
0.5729717
0.4433828
0.2357024
0.3834403
-0.1960287
-0.07674857
0.2645187
0.03722944
0.2892367
0.271093
0.2059677
0.05945287
0.4402294
0.1007804
0.3384644
0.1377566
0.3106102
0.2048312
0.1290885
-0.03657499
0.2702209
0.07121209
-0.13419
0.007207173
0.1108118
0.02542383
0.4398842
0.1817587
-0.04038125
0.1593406
0.4126156
0.4157383
0.4303708
0.571344
0.6055327
0.5836852
0.8365043
0.4827641
0.630459
0.3771585
0.4676871
0.01517712
0.2533648
0.3063604
0.5264137
0.6806522
0.4183719
0.5020445
0.530394
0.6638602
0.660151
0.3997694
0.3540186
0.3925532
-0.2020388
-0.005133041
0.3260458
0.2523818
0.3212748
-0.1893313
0.002487705
0.3359814
0.02000811
0.313675
0.2500887
0.2071954
0.3421601
0.2252528
0.2445636
0.3243308
0.07088012
0.0666676
0.2521755
-0.09411812
-0.02965607
0.1853556
0.1693991
0.5796222
0.6245311
0.4844465
0.1684361
0.2578906
0.04646156
0.452993
0.2827536
0.2487093
0.1794218
0.4358248
0.5829793
0.4973312
0.4458839
0.341384
0.3115882
0.5556661
0.08606989
0.1415414
0.2775597
-0.07186096
0.3595985
0.28263
0.213869
0.1415726
0.2132839
0.06504977
0.1113587
0.04216426
0.2319465
0.4332647
0.3604425
-0.006087605
0.1173369
0.1898863
0.120539
0.0604495
0.08807729
-0.04676051
0.3646592
0.2384905
0.2356174
0.07280467
0.3410786
0.351002
0.2920943
0.4683611
0.4134367
0.3117629
0.315759
0.6715313
0.5834056
0.4886957
0.3164574
0.08076545
0.3656006
0.173561
0.3082306
0.3571526
0.2258427
0.5129623
0.5071155
0.4957937
0.453755
0.4188607
0.2306302
0.3619834
-0.1037236
0.1503946
0.1576818
0.09872144
0.218833
-0.06501074
0.1667232
0.292578
0.139555
0.157557
0.2629828
0.3735258
0.2428067
0.043314
0.2148748
0.2358629
0.1914591
0.2415632
0.1542424
-0.07811805
0.2613081
0.4645048
0.3642967
0.6228683
0.6434588
0.1374474
0.32364
0.1984265
0.4522593
0.3225937
0.2860296
0.07325096
0.2617342
0.3385978
0.3251478
0.4448765
0.1940353
0.2680009
0.3733
0.06280223
0.2042809
0.2143368
-0.01368902
0.2870591
0.2251426
0.2698096
0.1969613
0.394901
0.1709942
0.3197159
0.2571218
0.3758551
0.3547055
0.2841389
0.1285988
0.2709931
0.1174626
0.1182727
0.1830074
0.3664119
-0.01917847
0.4421418
0.3234288
0.2293473
0.2257567
0.4581416
0.4430613
0.4569129
0.3936804
0.4224559
0.4552802
0.5289354
0.6520632
0.5958174
0.5348814
0.6133493
0.1400409
0.3007786
0.3948089
0.3436549
0.4114299
0.2120549
0.4215689
0.4301182
0.5493282
0.3896631
0.3879489
0.2160665
0.3377001
-0.05592073
0.1467542
0.2304945
0.1393338
0.2733916
0.02152907
0.1703674
0.1786961
0.05374559
0.3718803
0.449329
0.3475733
0.3385279
0.3226058
0.3843635
0.2552877
0.2419621
0.1325602
0.4470113
-0.06773487
0.1810463
0.402962
0.2937242
0.6768668
0.022034
0.3708045
0.2317297
0.6802563
0.5057887
0.2852366
0.02569196
0.5865675
0.2515416
0.4107366
0.5695445
0.2747444
0.3185364
0.4376092
0.1809996
0.2538666
0.0420373
-0.1353026
0.2345953
0.3243397
0.3145762
0.1470928
0.4855746
0.2157656
0.2515554
0.3728161
0.5245852
0.2678321
0.3503621
0.1622666
0.3400442
0.03880954
0.2031819
0.1979161
0.4667756
-0.1263393
0.3576899
0.399318
0.2886334
0.2510697
0.5981451
0.6373558
0.4886907
0.4913119
0.4857331
0.5024914
0.4299741
0.7544961
0.7014917
0.6823448
0.5970293
0.2139692
0.3376798
0.3378447
0.4713958
0.4548657
0.1884506
0.5640211
0.5161267
0.5563873
0.339187
0.4461704
0.226098
0.3041327
0.1146692
0.3053326
0.2145852
-0.01603316
0.2389327
0.1865404
0.09688656
0.04700954
0.1337234
0.2295502
0.3692645
0.2493821
0.3593913
0.36094
0.4770483
0.2461033
0.4438557
0.2631599
0.5843261
0.04203486
0.2649917
0.4483448
0.292557
0.1641724
0.3297825
-0.09548697
0.3886113
0.270727
0.09405088
0.1944376
0.1591129
0.04258395
0.2745554
0.3045534
0.221154
0.2084489
0.2399375
-0.08365764
-0.1138389
0.3953109
-0.1234408
0.2779868
0.199934
-0.01541875
-0.09844072
0.2051665
0.04482175
0.208093
0.02659707
0.1893868
0.3193483
0.1539387
-0.1954624
0.08104901
0.02001196
-0.2302699
-0.02485409
0.1744332
-0.1301146
0.3621918
0.1404493
-0.02081253
-0.002586202
0.4891109
0.5278958
0.2888021
0.5055172
0.411316
0.3230158
0.5717953
0.5084332
0.6480314
0.5210749
0.7514656
-0.2119765
0.07261558
0.07990038
0.3651465
0.2919149
0.1077069
0.4752399
0.3288274
0.402978
0.4333591
0.308124
0.2636635
0.257755
-0.3044284
-0.1652139
0.1747306
0.2738444
0.1545292
-0.3023142
-0.03828452
0.2387053
-0.08594187
0.2683558
0.1139692
0.09756707
0.2656364
0.08637326
0.1855006
0.1913572
0.05580123
-0.05655563
0.3280237
-0.3374852
-0.07339763
0.3465146
0.1692456
0.6146057
0.5203541
0.1193028
0.0754021
0.1104975
0.04336203
0.07457454
0.2053467
0.1392672
0.2629388
-0.2098738
0.1511913
-0.09263974
-0.1560339
0.1020141
0.4640399
0.6062389
0.5774022
0.4174729
0.2844751
-0.001316745
0.4207135
0.1170028
0.3455942
0.3613956
0.2063063
0.4420385
0.3586301
0.3531021
0.3074409
0.3892573
-0.04997212
0.2866733
0.0709806
0.2126638
0.4539171
0.4600324
0.394005
0.6086427
0.2344088
0.2552708
0.441224
-0.02139577
0.1369684
0.2346867
0.246413
-0.1204025
-0.02073999
-0.01960438
-0.03187979
0.3814655
0.3936559
0.4156512
0.1597378
0.2105116
0.1854331
0.02172207
-0.1842141
0.2405398
0.0399033
0.1109457
0.3007692
0.1527251
-0.2222998
0.09529814
0.1079592
0.2967341
0.3529557
0.03526087
0.2144429
0.4060148
0.1855117
-0.0392094
0.3425891
0.4857644
0.3649999
0.3226488
0.1718351
0.3945703
0.07860469
0.1179122
0.1794754
0.3167996
0.02434652
0.2723378
0.2187118
0.5474528
0.3911063
0.2116146
0.1997303
-0.1016144
0.260433
0.1141943
0.158688
0.4341669
-0.1439614
0.200396
0.07230282
-0.1194218
0.005678736
0.1934389
0.297846
0.3564095
0.2385567
0.3128326
-0.07052601
0.5071034
0.06078479
0.2111279
0.4086173
0.3369727
0.2091711
0.2390011
0.2484602
0.3716187
0.01789703
-0.1860502
0.1648864
0.2458002
-0.06895249
0.4485673
0.5367856
0.4725613
0.6723387
0.4541492
0.440241
0.6620054
0.202869
0.3113806
0.4249124
0.3676009
0.162084
0.2230561
0.1786551
0.2567189
0.4375816
0.4893534
0.5610128
0.3034038
0.4909056
0.2521336
0.2478573
0.07717407
0.4257545
0.108649
0.4496796
0.3339104
0.3754635
-0.1375387
0.1478996
0.367799
0.3441953
0.3027449
0.173428
0.3209819
0.3557422
0.3531398
0.1108692
0.3636898
0.4390648
0.5040131
0.4266973
0.4211814
0.4197655
0.1642525
0.1107984
0.3068124
0.1664282
0.04600109
0.2557534
0.25741
0.5569412
0.3637551
0.5304307
-0.1099037
0.5133982
0.1399111
0.2105486
0.5788029
-0.08916472
0.1280272
0.04058013
0.1401982
0.430002
-0.1256267
0.5731501
0.3632161
0.3570305
0.6125723
0.3379893
0.764428
0.2156877
0.3263733
0.6875281
0.4654441
0.1419646
0.2516027
0.6419208
0.5251754
0.1504108
0.3406738
0.4101347
0.4120324
0.1819373
0.3373842
0.6613406
0.6058561
0.8332863
0.4422697
0.4131284
0.7543128
0.09300538
0.318398
0.4685801
0.1319824
0.1822521
0.1416975
0.1951437
-0.03801689
0.7620134
0.5553283
0.7683601
0.443613
0.50942
0.3409751
0.271638
0.135591
0.5161408
0.01399834
0.3482926
0.2590696
0.182883
0.3761663
0.5862009
0.2573502
-0.006486126
0.4712139
0.4511817
0.2052796
0.06899532
0.3701664
0.06980096
0.6738166
0.385377
0.3280912
0.506569
0.5035501
0.2732355
0.4864208
0.3042842
0.5090153
0.6572871
0.3327705
0.1615551
0.1779591
0.6315101
0.6311785
0.2333833
0.7266229
0.2533123
0.5323874
0.7656172
0.3852902
0.3990697
0.5685175
0.1877462
0.2911399
-0.144928
0.06560279
0.383763
0.4044451
0.5111354
0.2439155
0.5935196
0.2658178
0.3087005
0.4385068
0.5628229
0.1068279
0.209208
0.2686524
0.4456271
0.06025799
0.2869565
0.2535934
0.4654045
-0.03747824
0.3228569
0.5366326
0.3174339
0.3685555
0.6836573
0.6779554
0.708414
0.5857241
0.6344409
0.626115
0.3256214
0.6795753
0.6574587
0.5979006
0.4768674
0.3887517
0.444
0.5183048
0.735726
0.6739793
0.5328118
0.7636723
0.6191463
0.7247687
0.4392363
0.5640824
0.3981578
0.4598124
0.3154854
0.4009987
0.3686385
0.07118966
0.518509
0.2738118
0.01932328
0.1547718
0.3163376
0.1636422
0.5183045
0.2608128
0.3932845
0.3203608
0.5833051
0.2823441
0.4896566
0.3885705
0.5450871
0.2491579
0.3686169
0.256408
0.1929363
0.5732894
0.08747358
0.4326235
0.2905395
0.2918062
0.6093083
0.2433031
0.1332212
0.3854428
-0.1391115
0.1226927
-0.01890728
0.1081731
0.2340978
0.1608767
0.1830517
0.2512571
0.5932691
0.3631927
0.09555832
0.1869105
0.3842225
-0.08737058
-0.03061371
-0.03197783
0.2329644
-0.1258615
0.03186826
-0.09530099
0.3903822
-0.0306743
0.3032225
0.3020022
0.1039392
0.2515706
0.5047476
0.4708797
0.4545742
0.49522
0.6316183
0.6120329
0.269421
0.5113328
0.6011634
0.3687098
0.2640718
0.1820306
0.2730018
0.2321554
0.6565141
0.4935823
0.2521054
0.5654525
0.55303
0.603773
0.3644317
0.1446541
0.3392284
0.1524177
-0.00688876
0.1992403
0.2467607
0.1068237
0.2642565
0.1296976
-0.1961901
0.02102316
0.01015671
0.2300109
0.3054736
0.06328806
0.07355856
0.2527242
0.2687527
0.2362412
0.2117277
0.1155844
0.3571761
0.04950622
0.1570539
0.05883075
-0.009626918
0.2515162
0.5453009
0.2460799
0.3137203
0.6106171
0.3686109
0.04202649
0.2815231
-0.001557151
0.1516474
-0.06239183
0.2384434
0.1095256
0.1877531
0.292249
0.3902296
0.5651718
0.2547197
0.2211525
0.2569453
0.2759167
-0.007385294
-0.07376049
0.1473461
0.2779755
-0.08653775
0.06672096
-0.03693507
0.3383239
0.1283034
0.2194793
0.313597
0.09787847
0.3182643
0.3789108
0.4168609
0.5269238
0.307554
0.4924821
0.5638383
0.3763529
0.440213
0.4840192
0.2716365
0.07329844
0.2921536
0.3163193
0.5240145
0.5548297
0.7234265
0.4330729
0.5508419
0.5556918
0.6737476
0.466699
0.4257553
0.1984565
0.2069503
0.1838275
0.3400672
0.4266613
-0.001878466
0.4145039
0.0920339
-0.01559283
0.05453752
0.04564031
0.2787634
0.4913153
0.03942989
0.1374922
0.3190389
0.2033322
0.1127684
0.2196852
0.121931
0.3064709
0.2150034
0.2078
-0.07832815
0.07174398
0.04535105
0.07034717
0.5159767
0.1161494
0.7046192
0.3103589
0.4947439
-0.09895109
-0.147729
0.219568
0.1098977
0.3610695
0.2824494
0.04667519
0.07429969
-0.02304888
0.1811716
0.3284352
-0.1635564
0.03656332
0.05122011
0.1083957
-0.12133
0.08859394
0.3669485
0.01859144
0.05203704
-0.3027965
0.004682949
0.1767038
-0.1273316
-0.3558213
-0.2960142
0.0776638
-0.04120316
-0.003172224
0.1344745
0.1168521
0.140428
0.2611755
0.09669781
0.181897
0.007732287
0.1043977
-0.2392683
0.07182497
-0.06128476
0.1574068
0.2353763
0.5631065
0.1843511
0.2356071
0.1455546
0.5100524
0.04832146
0.3400637
0.372955
-0.06023076
-0.1445501
0.08148741
0.3140127
0.2860483
-0.2658028
-0.1440442
0.4370433
-0.04085834
0.09905093
0.0265665
0.07531897
0.1670763
-0.177709
0.03447213
0.2670839
-0.07362527
0.1339134
-0.1405765
-0.2099315
0.007868677
0.08483369
-0.1098713
0.3291701
0.4649882
0.6131718
0.3200348
0.1832295
0.444741
0.2896783
0.3533781
-0.262531
0.1239203
0.1930638
0.3485645
0.4158688
0.412258
0.4753196
0.3913345
0.1528609
0.484476
0.4171474
0.0840256
0.3313669
0.4214791
0.3711156
0.0765983
0.3761667
0.2476506
0.4699026
0.0244502
0.302882
0.43561
0.3516162
0.3283111
0.4695369
0.5343835
0.5140333
0.2836384
0.3608528
0.4055559
0.1276518
0.6269713
0.542488
0.4712623
0.1789027
0.4263226
0.3661777
0.5247684
0.4083542
0.5038819
0.3741052
0.5638741
0.5080453
0.5511402
0.2521648
0.5507049
0.1064112
0.373815
0.3821708
0.5517123
0.3619855
-0.04974166
0.4557624
0.3792887
0.2008716
0.02180185
0.2927609
0.156943
0.5448697
0.2839663
0.3171459
0.3858947
0.4495887
0.1497553
0.4767718
0.4558826
0.4799677
0.3217098
0.4404502
0.2592601
0.3910177
0.4087307
0.3015004
0.1804724
0.218394
0.409583
0.06734949
0.2859864
0.2494983
0.08122766
0.2457191
0.3122565
0.1846183
0.2426442
0.1524251
0.277226
0.1617326
0.09069623
0.1315932
0.3263788
0.3361616
0.1961549
0.215331
0.2749001
0.1949343
0.06708181
0.08716451
0.3274427
0.2223547
0.2684463
0.2260909
0.2233081
0.08158494
0.0386187
0.1184407
0.05976586
0.1492351
0.3036074
0.09365306
0.3896626
0.2075686
0.1843633
-0.02687911
0.2532399
0.397235
0.2941461
0.07154272
0.244604
0.1691439
0.1489872
0.3800246
0.2960502
0.2174184
0.1418433
0.01384906
0.2765846
-0.01148238
0.2962345
0.2003782
-0.01981115
0.1634222
0.260642
0.2451125
0.09833393
-0.02254947
0.02487593
0.227076
0.4730758
0.1749958
0.1529516
0.1658255
0.2335407
0.1359186
0.201161
0.1255101
0.1530798
0.4180299
0.3223477
0.4083606
0.5193508
0.5612993
0.5877598
0.7324119
0.06939729
0.1779706
0.1068863
0.04830589
0.5648835
0.6041268
0.4226604
0.1771968
0.2805281
0.2127308
0.4370891
0.1442992
0.4649508
0.2572529
0.4109042
0.2104616
0.4345708
0.4207999
0.3292527
0.3442359
0.01582158
0.01519056
0.3539271
0.1546109
0.1180786
0.09621532
0.3261875
0.2948622
0.3289924
0.3962721
0.260484
0.3009626
0.2527916
0.4503856
0.3290279
0.4283054
0.198128
0.1939094
0.4410732
0.227585
0.2755605
0.4130482
0.6336048
0.4162959
0.5087758
0.4902702
0.5357359
0.3303389
0.4347495
0.5955126
0.15505
0.2615878
0.1492512
0.3643634
0.5933824
0.144965
0.1191206
0.4287599
0.3410074
0.1380156
0.2634949
0.4064184
0.3858713
0.04923604
0.5094359
0.4416451
0.367601
0.5232417
0.1636648
0.1180398
0.356885
0.3941385
0.2531888
0.1877184
0.4035039
0.4896674
-0.03054298
0.2117867
-0.01307211
0.09442001
0.4420063
0.4380393
0.5955177
0.2630086
0.7443455
0.2343311
0.3409882
0.5104686
0.6496946
0.1452281
0.2974088
0.3172103
0.5165419
0.1099452
0.2954805
0.2294338
0.4218018
0.04509001
0.5016456
0.5282147
0.3909667
0.4954411
0.634375
0.6556947
0.7204923
0.5269943
0.5912882
0.54605
0.4017532
0.5716957
0.5321199
0.4472162
0.3017194
0.440793
0.5468017
0.4757215
0.5906817
0.6844874
0.3639659
0.6661813
0.532234
0.7970205
0.3715736
0.5116224
0.4928008
0.4449837
0.1548942
0.4528295
0.1924863
0.1223231
0.4749399
0.2638278
0.1290904
0.203446
0.3134415
0.2383222
0.5743877
0.4220083
0.3575496
0.474121
0.580528
0.3893944
0.4950871
0.3148418
0.5025518
0.3277242
0.1996604
0.2908093
0.3814873
0.1730237
0.6425749
0.0049887
-0.0370234
-0.03061227
-0.1177036
0.1120173
0.2362999
0.03369573
0.1956047
-0.01303041
0.2503303
0.2298973
-0.116104
0.09209534
0.002040393
0.151693
-0.0911564
0.09880475
0.1636809
0.07868883
-0.0342461
-0.07997668
0.139064
0.2137588
-0.1222043
-0.2278423
-0.269231
0.06995122
0.08680484
0.008698645
0.3368763
0.2893343
0.3023251
0.2516277
0.3507253
0.3941045
0.2253841
0.1331102
-0.1153792
0.1154266
0.04546639
0.2873129
0.3458858
0.6638803
0.3680517
0.5481681
0.2782817
0.7470157
0.1961493
0.1521451
0.4035647
0.1206356
0.1137331
0.2724597
0.1791961
0.35155
-0.04204269
-0.09525793
0.3090926
0.01904015
0.2113902
0.09614017
0.06504997
0.1802412
-0.1141546
0.0984142
0.1980908
0.03493688
0.2457185
0.06104831
-0.1852482
0.1781162
0.0516507
-0.03064699
0.6098942
0.1403663
0.2960524
0.2292718
-0.0174819
0.7045372
0.5698678
0.5931874
0.04682749
0.2507844
0.08323616
0.6141256
0.271756
0.5821675
0.4008291
0.4265019
0.2390113
0.6844127
0.5971238
0.3103266
0.5683659
0.06735892
-0.1118131
0.1953828
0.2246766
0.2685145
0.1596299
0.2837987
0.2471772
0.3823531
0.3152669
0.2658622
0.2099598
0.2088734
0.3092295
0.1288224
0.3096875
0.21861
0.1691724
0.4800081
0.1529519
0.1890705
0.2956101
0.4355273
0.317157
0.4089032
0.4473694
0.3244176
0.3667872
0.6786081
0.6893666
0.02842733
0.2211398
-0.06017736
0.3802742
0.5122847
0.1786052
0.2828043
0.5249684
0.5224941
0.06480945
0.2399972
0.4758377
0.5912532
0.2175719
0.5756919
0.6510856
0.4146074
0.556299
0.1545853
0.1558938
0.3000891
0.3495368
0.3370743
0.07579963
0.1250659
-0.05286646
-0.15722
0.4056217
0.4197504
0.3420057
0.2491275
0.1688046
0.297843
0.3920453
0.0875454
0.4820506
0.0757701
0.3468681
0.07153993
0.4227689
0.3707167
0.3216719
0.2631914
0.1193546
-0.02115477
0.2391406
0.1283417
0.06587608
-0.02948822
0.3162375
0.2836489
0.2506127
0.4597312
0.3760963
0.3080219
0.2600421
0.5647347
0.4581129
0.4299751
0.3195234
0.135571
0.3104668
0.08455743
0.3426008
0.3416692
0.6372169
0.5470083
0.687871
0.5135845
0.646229
0.2840242
0.4091545
0.7361775
0.1234783
0.2744641
0.1604234
0.2898273
0.5452035
0.1805239
0.07913614
0.3988639
0.3797491
0.2377988
0.2249444
0.2839965
0.3726886
0.03982162
0.4805478
0.433962
0.3470584
0.5553994
0.1783926
0.02722279
0.3436341
0.2773576
0.2206506
0.5987201
-0.164054
-0.03501887
-0.05650133
0.151221
0.314356
0.2962258
-0.1462444
0.2091327
0.1589778
0.2907745
0.1332179
0.2797618
0.2842604
0.3365127
0.144631
0.2056882
0.5233787
0.5015068
0.3631217
-0.05487667
-0.2222591
0.2390781
0.2349861
0.0006117387
0.1129732
0.1302084
0.1471709
-0.176142
-0.2743791
-0.2428643
-0.2395593
0.2844886
0.1192409
0.2137239
0.01443014
0.2333146
-0.02232093
0.2048188
-0.1820193
-0.1482519
-0.1092934
-0.01737314
0.03015418
-0.1174533
-0.1853124
0.07290025
-0.3142155
0.01272234
0.6540241
0.3613992
-0.09643688
-0.4808647
-0.01259618
0.3803189
0.267084
-0.3475216
0.2152636
0.05996044
0.2421454
0.004157701
0.1271277
0.1006399
0.182857
-0.2607136
0.4010509
0.2234379
0.3420219
0.4008804
0.4536921
0.3287263
0.1322807
-0.01339001
0.07272622
0.1866576
0.4726281
0.6388553
0.2372074
0.2505672
0.2590789
0.4356105
0.5054086
0.4568747
0.5455059
0.4354468
0.5929186
0.4502756
0.3259188
0.6630735
0.6563488
0.362086
0.1135612
0.1359314
0.3495332
0.4206493
0.2762678
0.1856287
0.2021176
0.3180847
-0.07049876
0.09086463
0.06744041
-0.04212489
0.3362899
0.06834394
0.2369867
0.07317981
0.4655708
0.3826299
0.333085
0.01528744
0.01737439
-0.03049512
0.05496773
0.1365643
0.249443
-0.1931434
0.1818769
0.04142843
0.001843261
0.5750552
0.7386294
-0.2036169
-0.364874
0.1802908
0.535521
0.2933164
-0.2243887
0.1954094
-0.1149804
0.3921454
0.3317445
0.3098097
0.2425714
0.4047428
0.07558883
0.614315
0.2835331
0.3642855
0.582542
0.570384
0.3650724
0.2868903
0.1868929
0.4454987
0.1834687
-0.03575563
-0.1385327
0.05624837
-0.04737683
0.266775
-0.1046093
-0.0858346
0.593675
0.2600114
-0.1906624
0.05305913
0.3018814
-0.3606734
0.04709324
-0.2033356
0.1450198
0.2768169
0.003525566
-0.03712772
0.02650774
0.02698775
0.02687176
0.07570074
-0.01393304
0.0441732
0.001439799
0.2840366
-0.04910941
0.09820394
-0.0846188
0.04847518
-0.331789
0.06388357
-0.0300379
-0.08672975
0.008360708
-0.094626
-0.02920655
-0.02688953
0.05670157
0.1785951
0.02989701
0.3201261
0.0937125
-0.5422723
-0.1925472
-0.07531468
0.3315645
-0.02426282
-0.3867817
0.1360682
0.4785916
-0.2004764
-0.0527947
-0.08700367
0.2880321
0.1932658
-0.02444179
-0.1535839
0.3134966
-0.1924869
-0.2289355
-0.1125175
-0.268939
-0.1886972
0.2756278
0.1725959
0.3608688
0.1686985
0.2498797
0.467874
0.3910217
0.4200982
0.1715315
0.3856417
0.05968847
0.07699331
0.1435282
0.4129476
0.2621926
0.3532985
0.03604649
0.1821091
0.1194958
0.1363956
0.1318536
0.3553417
0.2141204
0.4830327
0.1664444
-0.008011473
0.3340908
-0.2850883
-0.0304608
0.1772551
-0.02056818
-0.1838339
-0.08598087
-0.110388
-0.2690583
0.2954333
0.1276401
0.4407714
0.06269163
0.1416655
0.1908116
-0.1309355
-0.1848987
0.0460034
-0.07374161
-0.008599378
0.1408005
0.05022351
-0.04914664
0.08443562
0.1373755
0.1701931
0.2350867
0.03360352
0.2087232
0.2889989
0.1365746
0.1892495
0.4966621
0.2876364
0.1939833
0.3808832
-0.05542633
0.2378898
-0.02472773
0.19914
0.2064146
0.2862571
0.01975384
-0.03377847
-0.00373582
0.6207681
0.5378477
0.04329395
0.4056574
0.08005355
0.5652563
0.3051857
0.4753643
0.5136121
0.4438191
0.2925479
0.5653828
0.6694103
0.1896331
0.5073074
-0.03075829
-0.05952746
0.392709
0.3853329
0.3230173
0.3768229
0.3769559
0.3500768
0.5311885
0.309482
0.348339
0.3315335
0.2945237
0.200074
0.2172183
0.2256416
0.1725695
0.2241231
0.5477068
0.2729585
0.3462958
0.3059276
0.4575374
0.2909701
0.2268542
0.4610513
0.3157161
0.283849
0.7370912
0.5314597
-0.1748409
0.1575561
-0.03999931
0.4887584
0.5788886
0.0401936
0.1865181
0.6350743
0.4099909
0.02246507
0.3500057
0.5725034
0.5023501
0.1933152
0.4405719
0.7176681
0.3145359
0.4558319
0.1705696
0.2138089
0.2429071
0.4735547
0.2688857
0.6454185
0.02439225
0.3804083
0.2037112
0.6391645
0.3961673
0.6035446
0.5145403
0.5898649
0.5387305
0.5903595
0.5905203
0.4973204
0.56263
0.1127919
0.2243815
0.4022282
0.3297212
0.3442383
0.3140868
0.2029842
0.2717034
0.3279364
0.2043491
0.3043371
0.2316532
0.3314838
0.2750664
0.1605035
0.4101392
0.1807242
0.3571078
0.5207103
0.2879297
0.2718001
0.2582782
0.4385144
0.2131479
0.2796014
0.4013609
0.2572351
0.2415149
0.469124
0.4472122
0.238563
0.484532
-0.06556434
0.1567286
0.5257982
0.3886253
0.3067671
0.3806894
0.3541989
-0.06405646
0.3035888
0.5418481
0.5779471
0.2756475
0.5307937
0.5030744
0.5236015
0.46154
0.303002
0.4194686
0.3948119
0.440939
0.3383453
0.2717895
0.4989825
0.2835206
0.6547786
0.7489921
0.7437586
0.3967462
0.5114937
0.7056942
0.7972723
0.5456386
0.6255277
0.7172353
0.27451
-0.02115464
0.2212037
0.541574
0.4854815
0.5174824
0.4149663
0.3624606
0.636907
0.120572
0.2997893
0.2728394
0.1804681
0.2925417
0.1220495
0.2294695
0.0744862
0.5552503
0.543007
0.4712904
0.2814304
0.3511113
0.3152488
0.2224356
0.227938
0.5202547
0.04189597
0.3962064
0.5410588
0.4264889
0.3957287
0.660513
-0.1897425
0.02878649
0.4001075
0.4562299
0.4527803
0.2121659
0.5755452
0.06662694
0.592716
0.5984558
0.6629678
0.5089494
0.6730817
0.5242779
0.6448188
0.5434569
0.396743
0.5593712
0.3729981
0.3074326
0.33178
0.2721919
0.7137162
0.2357829
0.441865
0.2114866
-0.02617469
0.1709414
0.3801069
0.3452742
0.2340926
0.3813653
0.1254256
0.5039319
0.09009657
-0.06125292
0.2686595
0.1348734
0.1989099
0.2546916
0.1767302
0.2889629
-0.1749452
-0.08960119
0.08468728
-0.1814909
0.26124
0.2362984
0.1273974
-0.1341806
0.2353118
0.02716007
0.3455506
-0.003893405
0.1390223
0.1774598
0.1643029
0.2536558
0.1873562
0.1569726
0.06671492
-0.04263313
0.1246131
0.1959565
0.3597692
0.09399235
-0.1411108
0.2274471
0.1628477
0.1156192
-0.06692258
0.0949021
0.6137782
0.6944282
0.1414895
0.09915805
0.4459849
0.07633301
0.1211553
0.1736887
0.2761002
0.4333418
0.2163822
0.2903069
0.02770056
0.07460138
0.2236957
0.3172254
0.581751
0.5719095
0.1522118
0.2287115
0.4337517
0.4667678
0.07680007
0.2045533
0.2300537
0.4687435
0.07122491
0.4874942
0.5097273
0.464896
0.6886889
0.5091777
0.5157243
0.7010979
0.3160185
0.5390007
0.5907104
0.355023
0.3862461
0.39613
0.3804991
0.1646889
0.511114
0.5440088
0.6184572
0.5885258
0.6408336
0.2746241
0.4718374
0.3317393
0.6820335
0.1695557
0.3910837
0.434787
0.2377392
0.09082089
0.4211205
0.2361891
0.154437
0.4391979
0.2769479
0.158597
0.2034275
0.2686939
0.1295218
0.6183073
0.4156699
0.3119181
0.6004109
0.503896
0.3879952
0.4566742
0.257384
0.5110978
0.3413604
0.1834674
0.1944914
0.2478148
0.3111693
0.4841098
0.3368018
-0.01619287
0.3632844
0.3162442
0.4027708
0.298969
0.3058585
0.2221069
0.5216816
0.05690948
0.08831902
0.2557075
0.03013707
0.1367399
0.2809104
0.1875049
0.2059466
-0.1839517
-0.0419041
0.1146227
-0.04021796
0.2612932
0.2573712
0.1176256
0.04304243
0.1701048
-0.02106358
0.2227551
-0.02010865
0.03530968
0.14749
0.1022244
0.2184284
0.1185047
0.08795997
-0.06000199
-0.0006499984
0.1838495
0.1051508
0.2926198
0.04767798
-0.04402922
0.2349208
0.2180245
0.1476998
-0.002417887
0.0290894
0.5045263
0.4876922
0.2726311
0.2825176
0.4937446
0.1538107
0.2448439
0.163878
0.3621398
0.4303126
0.1358161
0.2469784
0.1266946
0.1155238
0.5774417
0.6347572
0.4923083
0.539458
0.4913917
0.7867536
0.6962106
0.3894157
0.685158
0.2018027
0.1309986
0.2739647
0.297567
0.2118492
0.3405492
0.2204255
0.2637298
0.4234683
0.0730474
0.1331674
0.1890468
0.3682571
0.1481713
0.07458579
0.1143574
0.1960548
0.2719265
0.3722122
0.371835
0.134451
0.2354609
0.4472172
0.1270487
0.2205997
0.390211
0.3224042
0.1826959
0.4702128
0.530889
0.105151
0.4675133
-0.06815399
0.2398187
0.4903158
0.2383057
0.3307955
0.370693
0.400034
0.2068022
0.4196485
0.4654994
0.6935171
0.3963311
0.5667747
0.6253314
0.4439916
0.3557791
0.367229
0.3355036
0.2969051
0.2967829
0.1586272
0.6711558
0.2576926
0.5580557
0.7926712
0.725789
0.3980993
0.4948113
0.6348598
0.6086208
0.03924843
0.2438923
0.6203261
0.4997458
0.6809207
0.4605525
0.4804752
0.6573776
-0.0280106
0.1489948
0.2570265
0.1577999
0.2251983
0.1297408
0.1581773
0.1189311
0.5859659
0.3583544
0.6216755
0.1989633
0.2782079
0.1670096
0.1288171
0.03582924
0.3539627
-0.1162561
0.2881789
0.2347009
0.2381376
0.3281795
0.6253457
0.003254662
-0.1120791
0.3145414
0.4906911
0.3809267
0.0190523
0.4336318
0.2096908
0.6758906
0.5163486
0.5911336
0.7613684
0.582845
0.3862733
0.5365153
0.4263708
0.6504598
0.5507443
0.303243
0.2587921
0.2551832
0.2518176
0.4997398
0.5230478
0.7532516
0.3890761
0.5563389
0.5852913
0.5233599
-0.03091868
0.3055108
0.4571981
0.4296054
0.4672496
0.5679143
0.5546371
0.6099074
0.2856091
0.3699659
0.3043965
0.2968285
0.4052974
0.2320864
0.3985923
0.3153071
0.5090028
0.495719
0.3749973
0.3540091
0.3386155
0.3148152
0.3481792
0.339598
0.5296489
0.1677261
0.3082477
0.5273232
0.445437
0.2889143
0.5560225
-0.09859521
0.03501051
0.468573
0.4612746
0.1793804
0.1717804
0.4798733
0.1964993
0.4959212
0.5089369
0.5622692
0.5545903
0.7792777
0.5247474
0.6745576
0.5351059
0.5254287
0.4393996
0.3023309
0.3016145
0.2088567
0.5470411
0.3169882
0.3042087
0.4661444
0.2313819
0.5394385
-0.003241907
0.1041383
0.4742282
0.125949
0.2236569
0.1744378
0.07016847
0.1859025
0.2429773
0.1215102
0.1880309
0.07806743
0.3100397
0.2107238
0.1521008
0.1907589
0.2118465
0.0571355
0.4428827
0.1997913
0.02217179
0.1455754
0.01838001
0.1248041
0.06293665
0.2797219
0.1069777
0.2998137
0.2498717
0.09956873
-0.05770432
0.2480435
-0.1241231
-0.006464894
0.1809052
-0.01724217
0.3169372
0.2353409
0.06953639
-0.01471733
0.2440294
0.5002757
0.3374372
0.1024136
0.1771305
0.2533705
0.2694483
0.04529425
0.1406468
0.1457729
0.3611838
0.5206436
0.3636073
0.55021
0.5310517
0.573544
0.4815492
0.6697822
0.2404958
0.2599327
0.3815045
0.3166257
0.366846
0.3162491
0.1841818
0.2566072
0.2514582
0.006969475
-0.01281847
0.006619667
0.2322991
0.2566042
0.1417667
0.2438557
0.1172011
0.3001887
0.3340341
0.2283586
-0.06949971
0.02357951
0.1599879
0.05974138
0.07178953
0.1769186
0.06329698
0.1006072
0.2064114
0.3420569
0.1151439
0.4581719
-0.145501
0.0115694
0.3108132
0.3528613
0.3806177
0.286265
0.2504433
0.08896546
0.2655909
0.651087
0.5299769
0.3325519
0.4103816
0.4370818
0.3990715
0.4579833
0.3343752
0.3335905
0.3428828
0.6349826
0.3990937
0.612044
0.4947654
0.6655187
0.6683758
0.3570234
0.2464937
0.1920304
0.5138834
0.5148048
0.5995117
0.2436318
0.2265545
0.426827
-0.1854431
-0.01667118
0.1800251
0.05342656
0.1042677
-0.08841927
0.1714553
-0.04921833
0.6469826
0.4447064
0.5672205
0.03367031
0.1407926
0.2030533
-0.1083307
-0.09116804
0.1992615
-0.2162787
0.1796141
0.0696525
0.178528
0.4569528
0.6555459
-0.06958406
-0.1925839
0.334406
0.6312222
0.4564184
-0.006386561
0.3990486
-0.009105652
0.6060175
0.5450953
0.4854367
0.5815928
0.4888739
0.2993684
0.535303
0.4876233
0.4880718
0.6672455
0.4423104
0.2831799
0.2939888
0.586451
0.443842
0.6601508
0.3440093
0.1019694
0.162377
0.5245982
0.4949218
0.5586903
0.4061343
0.3833803
0.6123959
0.1023808
0.1995559
0.3401253
0.2434869
0.1999747
0.08803742
0.2264204
0.1111752
0.509875
0.4749732
0.4910015
0.1851107
0.332063
0.4312186
0.1774285
0.2675848
0.4822004
0.2135565
0.2771921
0.5488668
0.5887406
0.1279201
0.561694
-0.01252201
0.2156292
0.5790601
0.454571
0.3521014
0.3195161
0.5197269
0.2472537
0.5480184
0.5643347
0.742869
0.5539492
0.6709803
0.7769095
0.4940705
0.5787489
0.4570113
0.4769204
0.369589
0.2479544
0.266597
0.427392
0.6540423
-0.02747769
0.1198541
0.1430813
0.2735274
0.2564424
0.2026956
0.1061188
0.03678052
0.1916035
-0.1323056
-0.05879101
0.02403727
0.1557535
0.01658642
-0.06752361
0.02853749
-0.07279189
0.2356955
0.2382004
0.1468199
-0.05668868
-0.05175006
0.3275849
-0.110379
0.02690681
0.1131965
0.1279389
0.002200771
0.3630413
0.445948
0.0210448
0.2772059
-0.2641439
0.2632837
0.3638675
0.1792535
0.3741358
0.4314813
0.3932885
-0.02128042
0.3030477
0.4924709
0.5236876
0.2464403
0.3514051
0.5486878
0.3411083
0.542586
0.1570232
0.3409699
0.2726066
0.3472089
0.2396091
0.6151122
0.3294669
0.1229731
0.0210738
0.3418431
0.3976839
0.1972327
0.2042913
0.1872668
0.2105893
-0.07905445
-0.04864667
-0.03846082
-0.1302558
0.3244473
-0.007851241
0.3055034
-0.005254469
0.4978255
0.2828624
0.17775
0.01995801
-0.05761909
0.1164472
0.05276538
0.1125614
0.1658292
-0.1482173
0.02842239
0.03601877
0.07353124
0.6592741
0.6192928
-0.3655244
-0.4162897
0.2351366
0.5628515
0.1880637
-0.2300492
0.3033801
0.03520044
0.4532133
0.3006504
0.2018534
0.24057
0.4560669
0.08457298
0.7090867
0.5184071
0.3940153
0.5971722
0.4743048
0.3327049
0.1863843
0.225665
-0.01039496
0.2064417
0.3169357
0.3609228
0.3403131
0.1884269
0.2187775
0.375088
-0.04430505
-0.03847148
-0.02195065
0.1340472
0.1618313
-0.01435231
0.1559556
0.1522103
0.4054575
0.3458851
0.3090948
-0.03587729
-0.01537044
0.1854458
0.00522579
0.01704095
0.1879008
-0.09571584
0.1499151
0.2356822
0.3577672
0.357253
0.505323
-0.2268102
-0.03485913
0.4421044
0.420815
0.3634132
0.1461017
0.5049147
-0.04183053
0.3438044
0.5004837
0.5340059
0.2907546
0.5890465
0.3717851
0.6068458
0.5686091
0.3320694
0.5661157
0.4917506
0.531568
0.2927065
0.02525129
0.06137235
0.5317561
0.4039457
0.4323528
0.5565492
0.6432697
0.544902
0.07870268
0.1268157
0.2068416
0.03146286
0.5137827
0.4060906
0.4188715
0.3127111
0.4487884
0.1230865
0.4709445
0.223212
0.1966068
-0.0001979129
0.3530508
0.2744176
0.2972548
-0.01804762
0.2193791
-0.05813602
0.06350081
0.3410083
0.4189716
0.200516
-0.2731098
0.2388972
0.4407123
0.09621638
-0.2686657
0.1320739
0.3556811
0.5579536
0.1088516
0.2221782
0.6425963
0.3994503
0.0109389
0.4616671
0.2602082
0.7612513
0.3350826
0.2572059
0.2079406
0.1959377
0.1356017
0.1528813
0.1915039
0.1723757
-0.1652058
-0.08500375
-0.09315744
-0.1760223
-0.09201272
0.0750245
0.02042266
-0.1361562
-0.1401957
-0.03042816
-0.2155009
0.2133485
0.05531161
0.1615648
-0.06237391
0.0141617
0.1014337
-0.09701488
-0.002632739
-0.0434332
0.1263509
-0.1107513
-0.1447506
0.0365539
0.08168277
0.2513793
0.1448534
-0.0612976
0.07664794
0.2462107
0.07981142
0.05340439
-0.1276517
-0.0129559
0.06320961
0.1705296
0.06535696
0.07995938
-0.04083837
0.06724076
0.007084017
-0.07713684
0.1355416
0.2859497
0.05666975
-0.02870675
0.07959124
0.1126241
0.1296373
0.2841817
0.1953886
0.2813994
0.3452977
0.4112617
0.5138582
0.4313931
0.5125322
0.2857643
0.281788
0.223388
0.3002679
0.1653728
0.5313723
0.3309547
0.3599851
0.488176
0.31905
0.3739732
0.2691077
0.5099991
0.3281557
0.3936747
0.2948379
0.2408158
-0.1008399
0.1626851
0.2883624
0.2486872
0.3733556
-0.02652063
0.1204736
0.3600482
0.04037346
0.1360967
0.3253992
0.4914248
0.2155512
0.2621049
0.2680917
0.2390723
0.1881143
0.03680426
0.241746
0.0304973
0.13783
0.3454554
0.3783204
0.7574119
0.7736154
0.692009
0.6614834
0.7788581
0.02710303
0.169202
0.4163789
0.1174303
0.3766181
0.2497333
0.3757474
0.1773562
0.7365975
0.4185246
0.6463455
0.330072
0.2811539
0.2099078
0.2189291
0.1325469
0.3878028
-0.03502575
0.301704
0.203994
0.2439461
0.2611772
0.4919354
0.1293738
-0.05475166
0.3138084
0.5251172
0.3058065
0.02164048
0.2972878
0.08291627
0.6424316
0.3869612
0.4685434
0.5730889
0.4716423
0.3586845
0.5010001
0.3574351
0.6659305
0.5890838
0.2312938
0.3397144
0.2654454
0.7294319
0.4089407
0.4151488
0.5892545
0.03690607
0.09510264
0.206943
-0.06385762
0.2324797
0.0560904
0.3383657
-0.04755289
0.7435585
0.4621167
0.5028196
0.1850496
0.1423789
0.05950848
0.125606
0.0778291
0.306332
-0.09271953
0.2310099
0.1574659
0.1957251
0.2209656
0.5562651
-0.01614602
-0.02988257
0.3070805
0.5697053
0.3522268
0.02947008
0.3902288
-0.09579553
0.4849586
0.4271114
0.3380847
0.4026514
0.4883838
0.3342301
0.5417283
0.3985442
0.4992022
0.6476783
0.2825001
0.3053977
0.3458648
0.4262064
0.4387281
0.7443059
0.05013444
0.2206178
0.4504118
0.2066234
0.140669
0.04414899
0.2119964
0.006143375
0.8073762
0.5781641
0.7542466
0.3381816
0.3978308
0.2431095
0.1428423
0.04849438
0.4258634
-0.05119892
0.3173648
0.2257211
0.2196645
0.1466513
0.492499
0.2495735
0.07477569
0.4097768
0.4975058
0.3348216
0.09838038
0.3638497
0.05645202
0.5818689
0.4594245
0.4129188
0.6486091
0.5065065
0.398307
0.4275842
0.2926861
0.5211599
0.6269206
0.253735
0.2207816
0.2828667
0.862837
0.7624933
0.3311062
0.3627499
0.4618898
0.2661418
0.5612568
0.5329749
0.5008075
0.4943846
0.3753986
0.303639
0.4027856
0.4309138
0.3682262
0.1918008
0.4641409
0.2792327
0.5407879
0.1394436
0.338706
0.3649213
0.2399967
0.1162589
0.240262
0.07507834
0.02975103
0.3043081
0.2117711
-0.007476304
0.03626408
0.1520988
0.2187953
0.5557684
0.218288
0.3433831
0.3993952
0.4894559
0.2923135
0.4278828
0.284881
0.6463075
0.1812661
0.07560762
0.3126916
0.1199514
0.7503768
0.4092767
0.4104359
0.4423582
0.3431327
0.6316034
0.6093697
0.5317668
0.5588536
0.3758298
0.3240443
0.4104095
0.4905272
0.4052485
0.2081168
0.6010816
0.3616728
0.6105947
0.2220107
0.4326729
0.3152027
0.2134765
0.1269936
0.3172099
0.1591394
-0.02797294
0.3863392
0.2350902
-0.01654222
0.02107647
0.1469401
0.2242566
0.5255306
0.1652555
0.3330937
0.4114411
0.4728674
0.2483576
0.4996252
0.2485526
0.6879373
0.2177363
0.1450167
0.3784616
0.1812252
0.3555042
0.4504123
0.5512851
0.3243795
0.4527647
0.4188155
0.3933375
0.3127778
0.6059191
0.5481984
0.7161849
0.5367047
0.5999739
0.386794
0.5025501
0.3299016
0.6785101
0.23103
0.5837824
0.4921211
0.3986377
0.1805456
0.4311753
0.2654233
0.1542737
0.4947838
0.2958823
0.2112935
0.1957528
0.4309834
0.2539113
0.6950738
0.4029935
0.5048439
0.5828581
0.6098703
0.4447467
0.5011956
0.3338346
0.5908621
0.42941
0.2445886
0.3244084
0.251134
0.7875806
0.518251
0.5033792
0.4783845
0.5673214
0.4938992
0.5522882
-0.01817999
0.3054486
0.06382559
0.7013945
0.5342868
0.4169867
0.7072434
0.5865346
0.6034361
0.6017103
0.4200029
0.4073354
0.3366061
-0.09239949
-0.04907604
0.3219867
0.2403229
0.3800974
-0.1256339
-0.2318347
0.2316452
0.155073
0.09628922
-0.01109139
0.07576439
0.1180468
-0.1164926
0.2833371
0.1863953
0.09724894
0.1233483
0.1433087
-0.1440405
0.06438271
0.174308
0.09160296
0.7171152
0.58254
0.4688391
0.5805922
0.4109346
0.4313052
0.1174292
0.4172098
0.2166034
0.8738155
0.7022216
0.4363401
0.7077152
0.6021353
0.7600291
0.5297467
0.5222752
0.5541584
0.2787356
-0.05016893
0.1254479
0.3059478
0.2318509
0.3187991
-0.07225992
-0.08344072
0.2973692
0.1550548
0.008184803
0.2025664
0.1848647
0.2398316
0.129562
0.3091502
0.2505046
0.2268636
0.1044005
0.1733281
-0.05402285
0.04084962
-0.01607134
0.1188578
0.5539156
0.4594504
0.4978946
0.4061663
0.3408501
0.3771907
0.503221
0.5398424
0.7099615
0.7677811
0.5468646
0.5169333
0.4952909
0.7034169
0.4387932
0.4926507
0.3340343
0.2881106
-0.005318293
0.1272104
0.5642423
0.1944384
0.434304
0.1510273
0.007441022
0.1963291
0.0348083
0.08561513
0.41762
0.1999389
0.2953711
0.3579145
0.310187
0.3581716
0.1785887
0.188542
0.3835054
0.0975415
0.1683298
0.03662423
0.1686015
0.3485688
0.4839962
0.3210126
0.5009169
0.04832716
0.2411444
0.2089209
0.4667883
0.5469597
0.3716785
0.3454544
0.3569521
0.5866877
0.4805974
0.3272149
0.3133623
0.324701
-0.2019915
-0.03427353
0.2382496
0.2275417
0.2807659
-0.107725
0.07180063
0.3127325
0.01803016
0.09434787
0.08798536
0.155324
0.3643564
0.1871525
0.2584032
0.289496
0.1135541
0.0279204
0.1803827
-0.05178417
-0.03994424
0.2383246
0.20481
0.7917255
0.7343326
0.5628434
0.2443922
0.366867
0.3086875
0.4585943
0.4345277
0.2488267
0.7032828
0.7174775
0.6537966
0.3567062
0.5282356
0.143948
0.313723
0.2719475
0.3449933
0.24631
-0.0938527
0.3648588
0.2422784
0.1257526
-0.01289463
0.09973533
0.2174995
0.4244673
0.1596462
0.2303853
0.267353
0.4241426
0.08582221
0.537835
0.3725502
0.4982441
0.0805711
0.3786192
0.4893817
0.4278437
0.5913447
0.5660322
-0.01803971
0.1515912
0.2168365
0.5877447
0.5050437
0.2529407
0.7505469
0.6663524
0.6252532
0.5192127
0.431255
0.2308516
0.2991525
-0.03247357
0.110885
0.3207819
0.1123101
0.2563382
-0.04973033
0.03079945
0.1304514
0.008987733
0.2557474
0.3035153
0.05850244
0.2028961
0.1544892
0.2556378
0.1377155
0.2419973
0.1528224
0.4071679
-0.135274
0.1910294
0.3472768
0.2916287
0.5903545
0.310799
0.3502439
0.2476347
0.436734
0.3179625
0.2637046
0.5773986
0.5268291
0.4789554
0.3072216
0.3589587
0.1432989
0.2717875
0.2558258
0.2770545
0.2317457
0.02173926
0.4507129
0.3155222
0.06566595
0.03787698
0.1815191
0.1365897
0.3132175
0.1372612
0.2282881
0.2232288
0.4475746
0.1144209
0.4798115
0.430728
0.4616083
0.2039634
0.403595
0.469802
0.3568496
-0.08029845
0.1393896
0.09050724
0.3791316
0.20918
0.1405626
0.4998679
0.3318058
0.3640452
0.2500743
0.3016923
0.1788703
0.2262958
-0.03959968
-0.03740413
0.2148375
0.05004111
0.2364953
-0.03809034
-0.1342853
0.02726557
-0.05391655
0.2041117
0.09756514
0.03855336
0.2187506
0.04488146
0.3059149
0.08375565
0.186308
0.0382593
0.3990228
-0.1756718
0.1180343
0.3653633
0.1149129
0.5637125
0.6551672
0.2464419
0.2994557
0.2978656
0.124294
0.1137151
0.3788993
-0.07935981
0.2558614
0.03858137
0.1919231
0.5125397
0.6428274
0.1792631
-0.1162301
0.44965
0.7246618
0.2815383
-0.109078
0.4385644
-0.02454146
0.5753
0.3432097
0.3147182
0.5301999
0.5821083
0.2150253
0.6189445
0.4805771
0.4920949
0.8327006
0.4292053
0.244498
0.2909383
0.5478815
0.3602513
0.5703608
0.4178237
0.3522903
0.3598585
0.6011937
0.2075928
0.4955701
0.4555515
0.3410666
0.1591166
0.4898018
0.2431985
0.1345496
0.5298871
0.3982991
0.2887545
0.2744305
0.2858794
0.030704
0.494708
0.6030915
0.3513691
0.3541817
0.5074534
0.4450752
0.3941404
0.3167488
0.2905526
0.3840795
0.4796208
0.384922
0.4723853
0.3005605
0.603906
0.4167899
0.2144684
0.2133144
0.424028
0.1337655
0.5498704
0.07271517
0.3419507
0.2997337
0.4680179
0.5810158
0.02828794
0.454869
0.4371814
0.4241745
0.141472
0.294559
0.196445
0.7069439
0.4768337
0.4711045
0.6667789
0.4308836
0.2985784
0.3319111
0.2621129
0.5959162
0.4542089
0.3703698
0.1758327
0.346516
0.6889758
0.5179762
0.7425577
0.5655848
0.7136618
0.5086526
0.4462973
0.485989
0.257335
0.06277177
0.131998
0.337595
0.1994172
0.3639043
-0.01203843
-0.156554
0.2092353
0.1997457
0.01159586
0.2970933
0.05365995
0.1739341
0.1646187
0.3591711
0.172804
0.3218791
0.1449923
0.2903156
0.08000665
0.08739365
-0.03563073
-0.00696641
0.5903967
0.648357
0.5784548
0.7836216
0.555944
0.706941
0.4419939
0.4262207
0.04517256
0.1794089
0.5992567
0.2421548
0.4051971
0.02566449
0.166579
0.3310294
0.2151558
0.228262
0.4835509
0.2775824
0.3452268
0.3953532
0.3619214
0.2961841
0.1960629
0.114033
0.2986399
0.07556818
0.1680455
-0.007825404
0.2757213
0.432603
0.5397537
0.497545
0.7156191
0.4180296
0.4305434
0.6829615
0.1523407
0.1866174
0.5092543
0.4417844
0.696647
0.1503628
0.09092972
0.5437218
0.4087
0.1518411
0.3245994
0.2487103
0.4710706
0.1392766
0.4119764
0.4736472
0.2051518
0.4585237
0.1681799
0.1186759
0.2777724
0.02895614
0.07713223
0.7638276
0.7845022
0.6006677
0.6068346
0.424705
0.3851605
0.05413698
0.183999
0.3981085
0.163356
0.4872422
-0.0635313
-0.1254331
0.216888
0.1715156
0.2449853
0.3514932
0.07929893
0.1499946
0.1114914
0.3494483
0.1210593
0.3549474
0.2183542
0.3155265
0.01409502
0.2109963
0.1708419
0.2528661
0.6933725
0.7200554
0.4924671
0.3416135
0.5361944
0.09135076
0.3055021
0.3885072
0.1841104
0.4940539
0.08951565
0.04822198
0.2642494
0.2011486
0.2607732
0.2747135
0.1498514
0.2264703
0.1282735
0.3479364
0.2384691
0.3563034
0.3704432
0.2990512
0.01526534
0.3312638
0.1584899
0.3587929
0.5529932
0.6123983
0.5693666
0.4440503
0.04896545
0.3816531
0.2645339
0.2288104
0.5542912
0.1124592
0.09123166
0.2781703
0.2662439
0.2042472
0.5326259
0.2914986
0.369295
0.3218615
0.5172444
0.3891818
0.4706447
0.2911821
0.3571225
0.1926115
0.2407107
0.2145584
0.3406758
0.3325592
0.3902591
0.5858082
-0.1740871
0.001824122
0.4181756
0.413976
0.4873162
-0.2154652
-0.07876542
0.511662
0.1551456
0.3481675
0.1410563
0.1138585
0.2571353
-0.04723335
0.1608323
0.3429952
0.008623691
0.1774581
0.1004586
-0.1808535
0.05172553
0.04193378
0.09075805
0.3747146
0.4539648
0.1643933
0.2498022
0.4835728
0.1978325
0.3529407
0.02863567
0.367481
0.2930118
0.3475286
0.1185765
0.4196745
0.3244365
0.4199518
0.3766013
0.4190443
0.2276025
0.3508833
0.212645
0.2210525
0.07626286
0.2243494
0.1281628
0.45096
0.5058148
-0.2270952
0.1205286
-0.1128248
0.5598888
0.3638318
-0.1233827
0.09417581
0.6412833
0.3966065
0.06495167
0.2184456
0.4037302
0.5025223
0.1682652
0.4650514
0.7189135
0.2439172
0.2691855
0.007750342
-0.03990188
-0.02031956
0.09741716
0.1102773
-0.01206356
0.2192573
0.3326468
0.5842068
0.5833893
0.204879
0.4402951
0.6532079
0.6519542
0.2077161
0.2562143
0.4641262
0.7126574
0.2659153
0.5870576
0.6530939
0.265019
0.5381711
0.1779228
0.09508247
0.2231964
0.2386053
0.3790752
0.5757588
0.01104023
-0.4666505
0.1090053
0.6185529
0.1474668
-0.4078105
0.2868778
-0.1256749
0.2573495
-0.06624086
0.06654061
0.1708783
0.389683
-0.301917
0.5860427
0.3042393
0.3042956
0.5467488
0.3998482
0.1124835
0.09023274
-0.05971402
-0.1778709
0.3424081
0.7127815
0.3750879
-0.07228823
0.3877022
-0.0135642
0.5090198
0.3876307
0.3806342
0.4248977
0.5670749
0.237904
0.685476
0.430329
0.454961
0.6826811
0.567768
0.3048504
0.3706173
0.2212038
0.3798146
0.07067086
0.06469251
0.2026
0.006536661
0.2097859
0.1987303
0.03373869
0.1248071
0.2160376
0.04172359
0.009334282
-0.1807923
-0.00701383
0.2244847
-0.04947094
0.1585455
-0.09220942
0.1755306
0.362276
-0.2175868
0.2035621
0.7347413
0.4007046
0.02687033
-0.05304554
0.2205728
0.3769037
0.03386507
0.2647125
0.5764307
-0.1355616
0.1901246
-0.2457417
-0.2807391
-0.09288237
-0.006398241
0.113308
0.305135
0.01832406
0.4177643
0.3877846
0.1842867
0.4375691
0.3618222
0.3762422
0.2373336
0.4866748
0.4991381
0.3739143
0.647335
0.3269963
0.3632427
0.435573
0.3290893
0.3052862
0.372441
-0.1839541
0.3776509
-0.1502969
0.323402
0.2799821
0.3433494
0.4242312
0.5289143
0.1700303
0.5493907
0.4850655
0.4710631
0.6809968
0.4926492
0.3158115
0.3157094
0.3204126
0.4963067
-0.009781995
0.3161238
0.5237073
0.6314132
0.5003025
0.3246057
0.3312202
0.292034
0.2894659
0.2020836
0.2340115
0.1937541
0.2126393
0.5803701
0.3913607
0.02070627
0.08154818
0.5189195
0.5503244
0.08548223
0.1617036
0.6478353
-0.04095785
0.3195024
-0.1227721
-0.1734669
-0.1127306
0.1040131
0.2173086
0.00542574
0.2785819
0.3566748
0.6045265
0.3423624
0.659848
0.425881
0.4978057
0.6222437
0.1039961
0.413266
0.2710763
0.1650868
0.2279949
0.4732337
0.08244998
0.09190036
0.3432759
-0.0213851
0.1611223
-0.1209531
-0.01227603
0.3607674
-0.1195191
0.06297427
0.02955399
-0.04969419
0.4394286
0.3794196
0.699958
0.3934349
0.3035467
0.4661908
0.3453937
0.6950234
0.4283412
0.3777779
0.1910518
0.2884063
0.6084747
0.4618391
0.4128745
0.6268568
0.2810231
0.450219
0.2666009
0.263713
0.2797856
0.4334269
0.5257636
0.5215386
0.6034579
0.7088809
0.3759343
0.4786762
0.3408037
0.2378768
0.169964
0.2705843
0.3436081
0.4641275
0.3655992
0.3925486
0.3362411
0.6140331
0.3764675
0.2149022
0.1347052
0.3860392
0.4989174
0.733617
0.5578764
0.4006328
0.4539772
0.4600251
0.3978212
0.3428067
0.178716
0.4716899
0.1614489
0.09749265
0.1828622
0.263676
0.2319693
0.5791358
0.4874782
0.6292528
0.4411309
0.409491
0.3532524
0.2631585
0.4491455
0.4515481
0.3834989
0.3939342
0.4029589
0.2653675
0.3047077
0.2630299
0.448219
0.2692614
0.259455
0.4587482
0.3336725
0.5310702
