0.7766887
0.6215244
0.6494798
-0.01272263
-0.03880422
0.7740137
0.573339
0.1524434
-0.01785062
0.7523235
0.6643265
0.7267049
0.4552672
0.3065259
0.109555
0.6799001
0.4686936
0.6930974
0.7866655
-0.008142054
0.03610634
0.3309834
0.3751553
-0.05613147
0.0119701
0.04600526
0.2197542
0.7107504
0.6464782
0.4898756
0.4920389
0.783413
0.6470103
0.2399485
0.3227559
0.4679258
0.4656816
0.3232499
0.2210791
-0.03754365
0.05024648
0.5165692
0.5319874
0.3042127
0.4395467
0.6643277
0.6335321
0.3812138
0.4566946
0.4465009
0.492695
0.398816
0.3443465
0.5006433
0.4428195
0.5821277
0.5622542
0.6941809
0.5484161
0.6905166
0.1981784
0.6524471
0.5534855
0.06071136
0.08637578
0.3003766
0.4849852
0.4887363
0.5304236
0.5292323
0.4895944
0.6127187
0.5562309
0.2190931
0.09108899
0.6053301
0.7070638
0.5325866
0.3878391
0.6678451
0.6032767
0.2004794
0.1720443
0.5968726
0.5055798
0.2046787
-0.2091107
0.2747045
0.2632877
-0.01093373
0.379031
0.2495345
0.2964832
0.09726345
0.03381383
0.4403101
0.4369869
0.1076695
0.4894173
0.4863201
NaN
0.348185
0.283063
0.04218064
0.3315673
0.1475655
0.09142199
0.2000079
0.3485278
0.6338904
0.4975587
0.4753444
0.01165053
0.3662773
0.09331978
0.4245535
0.5594697
-0.2260234
-0.1496437
0.5057122
0.5632922
0.02593517
-0.1213952
0.6801704
0.5865579
0.562901
0.5134198
0.1004275
-0.06690668
0.7056108
0.7145282
0.7078284
0.7582542
-0.02688729
-0.07934315
0.2027643
0.340987
-0.1385781
0.01370757
-0.01415772
0.2069642
0.6546945
0.5818359
0.3380526
0.3279163
0.7571009
0.5290673
0.271183
0.4224623
0.4477487
0.4563275
0.2016507
0.3096771
0.2816529
0.2974171
0.5543625
0.5132809
0.4168436
0.6346068
0.4591946
0.5145607
0.4072863
0.580077
0.3984749
0.3520166
0.32664
0.3356446
0.4622698
0.4782358
0.7636684
0.8720668
0.6010582
0.5367505
0.5145927
-0.01148136
0.7070867
0.5762151
0.1364131
0.03052793
0.4595287
0.5739891
0.6212469
0.5976249
0.3987969
0.3326109
0.4715017
0.4439874
0.1169341
0.2796823
0.5948941
0.6577136
0.6097949
0.3475514
0.6135901
0.5719739
0.1082568
0.09336835
0.525193
0.3403418
0.1439437
-0.2364852
0.3565344
0.2770696
-0.09684554
0.1098662
0.418344
0.3510057
0.133387
0.155122
0.3673526
0.4287536
0.2299466
0.4213893
0.3510388
NaN
0.3526173
0.2547471
0.1646009
0.4010617
0.4102053
0.1099503
0.1310801
0.3564124
0.6316155
0.5351603
0.3851125
0.2391756
0.3694926
0.2253915
0.7510946
0.5252174
0.4269292
0.8409587
0.3080451
0.6420257
0.4790829
0.3217466
0.1374441
0.3873038
-0.0873849
0.6733236
0.5973878
0.5305822
0.1809369
0.636588
0.6950043
0.4299859
0.5641456
0.8773111
0.8611725
0.4322811
0.4794435
0.6041445
0.5769101
0.703738
0.5656701
0.7765462
0.8225453
0.7249263
0.7791286
0.3789527
0.2031269
0.561023
0.4092466
0.5328247
0.4483442
0.1228735
0.1791805
0.226367
0.3564848
0.2333193
-0.07099736
0.5387861
0.3393075
0.1562538
-0.2024246
0.07853795
0.2457861
0.02717524
-0.1522497
0.3492204
0.1172153
0.5007017
0.3174737
0.2973734
0.05346557
0.3035025
0.4179506
0.2392369
0.1231655
0.1381916
0.380831
0.338867
0.3633995
0.3365578
0.3770875
0.7340818
0.7051674
0.5911213
0.5950007
0.5278969
0.2931595
0.5686069
0.5029105
0.4662223
0.3543851
0.5913823
0.4200953
0.5315533
0.4791664
0.2580416
0.298364
0.2127822
0.2927551
0.352041
0.1524256
0.0906069
0.1727246
0.2047537
0.2741465
0.3253749
-0.06943752
0.4842447
0.447945
0.2297165
0.4013671
0.6445183
NaN
0.5485414
0.6122948
-0.04683449
0.348107
0.2580692
0.4731443
0.2394272
0.316589
0.459524
0.4828496
0.3549183
0.05716043
0.2852997
-0.00884589
0.0912328
0.1762257
0.8095294
0.7472926
0.2682463
0.1376916
0.5026871
0.4659979
0.4270944
0.3339352
0.2378366
0.2482521
0.4437734
0.3106135
0.5165501
0.603205
0.1359343
0.2149451
0.6213519
0.7341869
0.1870492
0.2942104
0.2876197
0.4018489
0.5234195
0.5247421
0.6504605
0.6266038
0.6254424
0.6330755
0.3565481
0.4083361
0.3582226
0.3397294
0.3085726
0.2451474
0.009419783
-0.03024444
0.4293939
0.2651451
0.2909904
0.2095391
0.5473038
0.3977315
0.134695
0.1067622
0.1236811
0.1331767
0.1772088
0.09126329
0.3901043
0.2949119
0.4157571
0.3816199
0.2450884
0.1258428
0.4172349
0.3357148
0.2997784
0.2044781
0.2104987
0.152056
0.3745613
0.450296
0.3186395
0.3412887
0.4855703
0.5121008
0.5164387
0.4002095
0.249339
0.3454461
0.4358293
0.4327477
0.4132575
0.2477859
0.4372178
0.3136576
0.08198698
0.1229163
0.266304
0.2764255
0.1273164
-0.07239881
0.4373752
0.299031
0.2451551
0.3104787
0.2894494
0.3217057
0.2545482
0.1878817
0.3818539
0.2338613
0.08213507
0.3379387
0.4496098
NaN
0.3143412
0.3250271
-0.01383923
0.4451003
0.2201626
0.23678
0.1300691
0.3176583
0.3316426
0.4041394
0.308809
0.1287981
0.4123872
0.2235777
0.8332895
0.3697076
-0.3297711
0.8400642
0.8101987
-0.1822299
-0.3607171
0.03140114
-0.5301532
0.7365959
0.7215473
0.1609319
-0.1897007
-0.06491695
-0.04114807
0.6517168
0.7288636
0.6534826
0.523489
0.6676199
0.6464866
0.7339838
0.5525457
0.2419731
0.1631064
0.5018342
0.5811251
0.0673902
0.4168863
-0.03354628
-0.310258
0.3634519
0.1346796
0.4767031
0.3379505
-0.09314556
0.009455589
-0.1883262
0.2465895
0.06182696
-0.4581311
0.1541277
-0.009444378
0.1224733
-0.6469357
-0.2173908
-0.03444544
-0.4430915
-0.5820404
-0.08372918
-0.295239
0.0007160137
-0.2632228
-0.0655016
-0.1888071
-0.1138824
0.4861367
-0.2369138
-0.09713602
0.02087151
0.5089831
-0.04622182
-0.04257326
-0.3406227
-0.26387
0.5480497
0.4954193
0.3108626
0.4125861
0.5635481
0.09249467
0.2196619
0.1411677
0.07539438
0.1680798
0.2668302
0.2068064
0.5291154
0.4779826
-0.117552
0.08007187
-0.03153854
0.5293419
-0.04211285
-0.1124657
0.1222168
-0.02486601
-0.2034826
0.03712405
0.1873244
-0.3614616
0.1786569
0.2871887
0.3030041
0.2716761
0.4555772
NaN
0.3320369
0.4388177
-0.08175344
-0.08671048
0.1329576
0.5665989
0.1161623
0.03982117
0.1439795
0.1303146
0.08672852
0.1043363
0.01532219
-0.3298513
0.2751444
-0.2003539
0.7952581
0.8224223
-0.08473491
-0.2769748
0.04907082
-0.3282472
0.5180486
0.6455301
0.2396735
-0.03387283
-0.1922023
-0.1389676
0.6776585
0.7445505
0.51386
0.4897361
0.7171245
0.7930903
0.6932234
0.6774366
0.2009043
0.1335151
0.4797745
0.529587
0.02983411
0.2881272
-9.808603e-05
-0.2147482
0.4074467
0.2256343
0.4927142
0.4355504
0.04746891
0.1393128
-0.07435213
0.343244
0.06672593
-0.3648631
0.09238322
0.02454512
0.1575917
-0.5590904
-0.12154
-0.06153885
-0.376595
-0.4669742
-0.0611677
-0.1340863
0.07812153
-0.1648127
-0.1454178
-0.2008753
-0.1652341
0.4360069
-0.1772901
-0.1587703
0.1553405
0.567087
0.0203712
0.03609387
-0.3017073
-0.2627719
0.4684289
0.4480972
0.254304
0.3697148
0.4538321
0.1222948
0.2303285
0.1733055
0.2410053
0.2808471
0.2763918
0.2537311
0.341416
0.372108
-0.04749197
0.1141474
0.03841872
0.4855935
0.001357827
0.05714187
-0.0837292
-0.1165222
-0.1950587
-0.01256603
0.1713786
-0.1478002
0.1634316
0.3531942
0.3321112
0.2317129
0.3207472
NaN
0.2131969
0.3804933
-0.1514973
-0.1384911
0.1845461
0.5301557
0.1774796
0.04527556
0.1508687
0.04274673
0.009870672
0.1147929
0.1540877
-0.2586839
0.5730391
0.4671975
0.2843627
0.5888553
0.4351546
0.578386
0.1929957
0.5061218
0.377796
0.5738276
0.299281
0.5554311
0.6188384
0.2775598
0.3219458
0.7082084
0.7069471
0.2849631
0.3250946
0.3770617
0.4573304
0.6899337
0.6575189
0.762233
0.7664736
0.7166513
0.7985002
0.261367
0.2707075
0.5421905
0.4202726
0.5135804
0.3159832
-0.07536467
-0.04301357
0.3326057
0.3556345
0.2538539
0.1261023
0.6645626
0.4929948
0.1810052
0.04189248
0.1162662
0.2656668
0.1062316
0.01075703
0.42639
0.2890531
0.4366624
0.2870348
0.3848115
0.1788553
0.5160518
0.4169719
0.3849069
0.3260029
0.09886352
0.2581903
0.2726188
0.407827
0.194187
0.2667782
0.7200262
0.6883632
0.7226563
0.6228322
0.4358647
0.2009186
0.5771972
0.5671525
0.4271261
0.3632035
0.6353746
0.5138285
0.2990345
0.2480081
0.3667041
0.4056322
0.1309932
-0.03957329
0.3928471
0.2339031
0.2523933
0.422128
0.1899715
0.4038426
0.1898724
0.0113833
0.4734899
0.4023151
0.1736642
0.5132172
0.6507024
NaN
0.4762395
0.5076282
0.03450087
0.4165204
0.1924873
0.3318472
0.09433943
0.327923
0.4646185
0.4990041
0.4056374
0.0560746
0.4067556
0.0311998
-0.1319187
-0.2731909
0.6415928
0.732629
0.4927781
0.7253792
-0.1621609
-0.1787719
0.347172
0.445345
0.2901393
0.3647716
-0.3137276
-0.2689442
0.1615728
0.3109277
-0.2170143
-0.1052219
-0.1658279
0.05216971
0.3666299
0.5143492
0.3648097
0.2963459
0.4476634
0.3669968
0.2103389
0.475573
0.1596097
0.2249553
0.1123592
0.003821537
-0.06598236
-0.1249931
0.5036425
0.1563268
0.1715706
0.4806052
0.410213
0.3830554
0.05431242
0.4588281
0.136649
0.0102559
0.2883558
0.3001172
0.3269085
0.3840865
0.2923148
0.3440334
0.1189832
0.204547
0.4421515
0.04542627
0.4076735
0.3117877
0.0313445
-0.2535352
0.1769454
0.3638051
0.2150088
0.1704059
0.2271479
0.2360365
0.3378087
0.2633273
-0.045094
0.1230378
0.2902428
0.3553333
0.2996366
0.1763734
0.3013218
0.2848073
-0.1964429
-0.131284
0.3352734
0.2294828
0.1093922
-0.4158044
0.3909923
0.2798759
0.2195057
0.3827987
0.2887378
0.3712941
0.05118963
0.2483523
0.2269297
0.04795871
-0.1669569
0.2032437
0.2203671
NaN
0.1062207
0.04320462
0.1034946
0.4335404
0.1359051
-0.0276851
0.06675769
0.2405421
0.2356878
0.256435
0.1572529
0.1687867
0.4246302
0.3467453
0.8735417
0.05035157
-0.09657001
0.2367714
-0.3025833
0.7797982
0.7988212
0.3939742
0.06725569
0.1165594
0.1343607
0.6904292
0.7990374
0.6935501
0.6223214
0.5282664
0.6398992
0.7217044
0.6417017
0.5008853
0.4315505
0.5186574
0.6486393
0.3054446
0.4575961
0.006609089
-0.23493
0.554576
0.3944372
0.6533354
0.5451282
0.1640233
0.2878266
-0.03538787
0.3292585
-0.003892999
-0.3139696
0.2948673
0.1668374
0.1769039
-0.4607812
-0.005944655
0.08836704
-0.2290085
-0.3963779
0.1898543
-0.04247877
0.2381223
-0.004272783
0.04372922
-0.1613829
0.007586926
0.3583897
0.03881625
-0.1127934
-0.01255704
0.395311
-0.002800422
7.933966e-05
-0.04490147
-0.06936151
0.6504984
0.5751064
0.4485655
0.6124705
0.5627977
0.1230929
0.4466966
0.3258788
0.3359383
0.25111
0.5058142
0.4082452
0.6471947
0.5772391
0.1731516
0.2365301
0.05051353
0.4860336
0.1889742
0.0767092
-0.002965844
-0.09617883
0.07416799
0.2279365
0.2208979
-0.1878172
0.3025276
0.466954
0.2745268
0.2660529
0.5667153
NaN
0.4924442
0.5763826
-0.05955296
6.151157e-05
0.2946016
0.6882155
0.2130302
0.2270157
0.3482657
0.215062
0.2577307
0.09572265
0.119744
-0.1781121
-0.05570822
-0.2178203
0.1477234
-0.3215507
0.6942293
0.8029689
0.2509443
-0.06219079
-0.07466232
-0.02453819
0.7061784
0.7539574
0.5412479
0.4709145
0.5867155
0.6082614
0.6834954
0.6377516
0.293143
0.2172011
0.3832616
0.479007
0.1299196
0.2841115
-0.00917038
-0.3274052
0.4758812
0.350422
0.5763365
0.5307387
0.1373819
0.2881679
-0.1527911
0.3071515
-0.03441135
-0.3874302
0.1893742
0.1136438
0.1324326
-0.4560444
0.06283823
0.1592602
-0.2133549
-0.3654504
0.1166502
-0.03570393
0.06460198
-0.1180209
0.0172541
-0.03881117
-0.09991932
0.3980704
-0.08796267
-0.1125959
0.1598591
0.4753206
0.04413254
0.05776714
-0.1524933
-0.1559131
0.5236837
0.4835844
0.3291893
0.4704902
0.5288034
0.08936815
0.3891853
0.281977
0.2639398
0.1137335
0.3650348
0.4029731
0.5235884
0.6180395
0.1541986
0.3157609
0.02109255
0.6182425
0.02421608
0.1408036
-0.1133126
-0.1795968
-0.1784587
-0.03892464
0.1399608
-0.2830703
0.1255851
0.3292649
0.2198037
0.1243746
0.4081942
NaN
0.3451
0.4244377
-0.1868148
-0.1212787
0.2723038
0.6196143
0.2097011
0.1493994
0.1933893
0.04468746
0.1392264
0.005474178
0.06591806
-0.3114521
0.806907
0.7899485
0.7130124
0.1108043
-0.01384004
0.6196129
0.5629154
0.3336901
0.4291749
-0.08407231
-0.1607443
0.1260507
0.2007504
-0.1315481
-0.03126044
-0.05136836
0.2431827
0.6349187
0.6311749
0.3087345
0.3135465
0.6097491
0.3472294
0.1982091
0.3837792
0.4803021
0.5038015
0.3363066
0.2460634
0.08635372
0.1022885
0.4925681
0.4285265
0.2048496
0.4724849
0.5908823
0.6774234
0.2645503
0.6250948
0.4884383
0.3971594
0.4240381
0.4523444
0.5454488
0.5912168
0.4332059
0.4313074
0.4633857
0.4498809
0.6153054
0.08080178
0.7441933
0.5857208
0.1513492
-0.0554218
0.1685343
0.3789679
0.2984963
0.2463458
0.3320575
0.3181659
0.4971953
0.4434012
0.07962636
0.04708749
0.5860046
0.6377188
0.5202135
0.3144438
0.6067297
0.6390674
-0.001978432
0.1007636
0.7283094
0.5624679
0.1706517
-0.2870032
0.3217159
0.4063887
-0.1008041
0.3698602
0.1690638
0.362839
-0.02642057
0.2117563
0.349243
0.3548306
0.07177262
0.4024988
0.3043134
NaN
0.1413124
0.1449823
0.08761013
0.334823
0.145215
-0.03383993
0.1460345
0.4091692
0.5385926
0.3313575
0.3649562
0.04485134
0.3644315
0.1167895
0.6927566
0.7867204
-0.02822994
-0.08954895
0.4608398
0.5017111
0.2705187
0.3641886
-0.2861775
-0.2932015
-0.07881681
-0.004891054
-0.4914533
-0.3575645
-0.2863163
-0.06698587
0.4500616
0.6000602
0.05734349
0.1040239
0.4209356
0.1542889
0.02257341
0.2467969
0.1363601
0.2950492
0.07227472
-0.04448669
-0.1262365
-0.06608639
0.4515598
0.2525573
-0.03118263
0.5251845
0.5019723
0.5505676
0.190074
0.6953861
0.4645404
0.3030564
0.468843
0.4545832
0.4706198
0.5024673
0.2724322
0.3358947
0.3883955
0.4390675
0.6017158
-0.05110356
0.6141369
0.491089
-0.1498773
-0.3783853
-0.07741684
0.1599088
0.348779
0.2641026
0.1581575
0.1089271
0.2880251
0.3069259
-0.01293508
-0.0112704
0.3145395
0.4791029
0.4118409
0.1432239
0.4271476
0.4652207
-0.09467116
-0.05446364
0.6297609
0.4387002
0.06066895
-0.4817524
0.32047
0.2865386
0.06299789
0.3322667
0.3207505
0.3509437
-0.05344829
0.2086602
0.2551765
0.1730142
-0.1140893
0.2101688
0.1816017
NaN
0.1012712
-0.02543243
0.1107683
0.2133831
0.05200959
-0.1221378
0.1280386
0.3315361
0.4340254
0.2320993
0.2810636
-0.01726643
0.2455479
0.2677591
0.638454
0.3781637
0.2635194
0.6337089
0.4130652
0.3548289
0.4467644
0.06731728
0.03986595
0.2198101
0.2493929
-0.08258611
-0.004969813
0.08154196
0.3240797
0.5946113
0.5742119
0.2889123
0.3343273
0.603201
0.3684943
0.1077481
0.2035658
0.4980426
0.4817904
0.3201672
0.1993955
0.1010336
0.1422061
0.3465036
0.4469787
0.1758213
0.3412132
0.5385317
0.5640745
0.3333722
0.4115982
0.5269273
0.4979519
0.4299048
0.416703
0.5363713
0.4907616
0.2922818
0.315806
0.5381435
0.5303414
0.5462664
0.05330596
0.6172827
0.5419192
0.05799095
-0.03923284
0.1483189
0.3460876
0.2920524
0.2389152
0.453629
0.4819477
0.572408
0.5986725
0.2128686
0.04754899
0.6194317
0.6979998
0.4120587
0.1244852
0.5685986
0.6755787
0.1961326
0.3647361
0.757637
0.6252463
0.2111056
-0.01744721
0.1273578
0.2399161
-0.1273188
0.2546172
0.08685149
0.3461637
-0.04703823
-0.1272946
0.1957244
0.3223519
0.08518803
0.2657041
0.3207884
NaN
0.1800174
0.1230796
-0.09357221
0.1519403
0.195639
0.04525461
0.1752836
0.3067149
0.5313839
0.2538646
0.3327858
0.03481215
0.2352795
-0.002849677
-0.2317326
-0.209957
0.340582
0.4689765
0.104906
0.1461523
-0.3437549
-0.3736921
-0.2600456
-0.09151716
-0.3508096
-0.2627401
-0.3155407
0.0007707329
0.3109954
0.3710187
-0.0002449985
-0.02734593
0.2761221
-0.01840415
0.169171
0.4126042
0.2030068
0.3737671
0.06194864
-0.01618604
0.09210761
0.02654459
0.4838478
0.2278905
0.1439013
0.6104633
0.3226469
0.4924956
0.2170181
0.7539332
0.5437567
0.3130526
0.561679
0.6213715
0.4545511
0.5843051
0.1715794
0.3096321
0.250346
0.4403632
0.3543887
-0.2795517
0.5117716
0.3403515
0.1291026
-0.3440526
0.1279921
0.3291319
0.2290034
0.1184488
0.07479095
0.1132093
0.2457861
0.2045468
-0.2125391
0.002783307
0.33527
0.4183216
0.3278268
0.06615135
0.249684
0.3991296
-0.2012206
-0.05854486
0.5910439
0.4271305
0.2393399
-0.2869948
0.1602669
0.3573968
-0.1479816
0.2042504
0.197291
0.2268325
-0.09573433
0.1764733
0.0637129
0.08355572
-0.1699018
0.07535991
0.03649785
NaN
-0.08719475
-0.2182541
0.01470522
0.1470545
0.1179683
-0.1597521
0.004275488
0.2271911
0.2830254
0.08144026
0.1411182
0.007656138
0.2228784
0.2418349
0.8820723
0.3480592
-0.03729029
0.3711326
0.3724517
0.6514266
0.7248779
0.6379087
0.5516367
0.3819884
0.3885523
0.7511208
0.6156081
0.5948901
0.4175639
0.475829
0.6148155
0.4242684
0.4887996
0.1829136
-0.07866613
0.5748609
0.4099798
0.5918545
0.4068532
0.07756231
0.2154783
0.007239858
0.3402411
0.05207374
-0.2866223
0.4205262
0.2864562
0.09852115
-0.2868053
0.1016567
0.3083383
0.004772369
-0.238123
0.3549468
0.05275248
0.1476272
-0.02895735
0.191075
0.03247395
0.06904513
0.1924448
0.1449953
0.05643238
-0.06814422
0.3175888
0.1061312
0.1298597
0.1447528
0.1569177
0.7339147
0.6914303
0.5044696
0.6167015
0.6526539
0.11853
0.5488616
0.4713468
0.3511652
0.1211576
0.5265071
0.4292989
0.779883
0.7412568
0.3426346
0.3401567
0.1630482
0.5727203
0.1985016
0.01224049
0.05019484
0.04306615
0.137925
0.2194138
0.2846508
-0.2710213
0.4336372
0.5401742
0.297035
0.3367977
0.6277937
NaN
0.6002528
0.5127342
-0.01701147
0.1269963
0.282019
0.5825151
0.2164764
0.3558925
0.4813839
0.3747241
0.3886534
0.08967611
0.0618781
-0.1400756
0.285211
-0.1222113
0.1832485
0.1855732
0.6814373
0.7945429
0.6032552
0.5407164
0.4505853
0.4786794
0.784808
0.6748017
0.4610405
0.3276737
0.4542657
0.5860406
0.3016767
0.3563083
0.2348212
-0.06273676
0.5329998
0.4315306
0.5816568
0.4159876
0.1319045
0.261225
-0.01498717
0.3216099
-0.01145907
-0.364317
0.360684
0.2592346
0.09334518
-0.3899306
0.1226285
0.2639825
0.0139637
-0.2582659
0.2898518
0.01424274
0.04641508
-0.1299122
0.0444017
-0.07915013
-0.03155427
0.2747818
0.0006309969
-0.1037076
0.1091742
0.3804088
0.1508456
0.1295689
0.05935825
0.03231293
0.6553701
0.6433259
0.4252671
0.5145919
0.594272
0.1814287
0.4651098
0.3963515
0.3377446
0.1211466
0.4289642
0.3656365
0.7485301
0.748421
0.3064083
0.3486187
0.269564
0.717929
0.1472293
0.07379347
-0.04642569
-0.04739512
0.05135738
0.08943142
0.2892809
-0.2315772
0.3664616
0.4734713
0.2289303
0.1699699
0.5312551
NaN
0.4775133
0.4869013
-0.1567066
0.01163559
0.1863684
0.5825694
0.186389
0.3163727
0.3514902
0.2519555
0.2781101
-0.01632525
-0.001570384
-0.1804657
0.7684646
0.5511801
0.565869
0.2757385
0.2456469
0.4084945
0.4686108
0.08651294
0.2805227
0.254552
0.4672317
0.7944304
0.7522431
0.5809214
0.6443353
0.7905951
0.652402
0.3214743
0.3251973
0.6085342
0.6029759
0.4564227
0.4217136
0.2777505
0.4289438
0.4011693
0.5903678
0.3431222
0.4199663
0.4336884
0.5424162
0.3734956
0.205161
0.3156241
0.3116161
0.1562465
0.1616156
0.3320557
0.3395793
0.7400228
0.6384055
0.4264817
0.2881622
0.3640032
0.1854808
0.6460915
0.528902
0.2052921
0.2726233
0.3729511
0.4788721
0.415731
0.3416644
0.6184348
0.5921033
0.7066017
0.7079643
0.2047689
0.2598253
0.7027043
0.7601439
0.6976633
0.4987381
0.7976632
0.7181421
0.3873733
0.3179016
0.5701936
0.4463112
0.1773727
-0.01116303
0.2726248
0.1770677
-0.2028437
0.02103034
0.2211239
0.306305
0.02638438
-0.0006271053
0.4014347
0.5535403
0.2605617
0.3463135
0.4336631
NaN
0.3996352
0.4043264
0.1397394
0.2011724
0.4097858
0.2749642
0.3250421
0.3302565
0.7086383
0.5458292
0.3522199
0.0364441
0.2627937
0.1047452
0.3953642
0.3956768
0.03146897
-0.09694896
0.1104111
0.2464548
-0.1379038
0.08173457
-0.08526618
0.1274621
0.5767347
0.6571357
0.3375305
0.3496967
0.5372172
0.3897729
0.1932373
0.3138566
0.3769063
0.456031
0.2145825
0.2995774
0.3443325
0.4323841
0.4919142
0.4670437
0.3314357
0.6184192
0.2921708
0.3902712
0.2573059
0.4089357
0.1646454
0.06921926
0.1366757
0.2017961
0.2209133
0.362615
0.7442085
0.7307372
0.223398
0.1671776
0.2743545
-0.08093033
0.6405643
0.477781
0.07774752
0.006390429
0.2217482
0.3125699
0.3891444
0.3147093
0.3450094
0.3072317
0.4799455
0.5131809
0.02313278
0.3181628
0.4976404
0.5161888
0.6397447
0.4586768
0.6037419
0.6183041
0.07800965
-0.01665003
0.4065685
0.2349824
0.005548256
-0.3190059
0.3315528
0.179113
-0.133743
-0.01049794
0.390549
0.4028009
-0.01882768
0.2361945
0.3003947
0.3513103
0.1748391
0.2656157
0.1848386
NaN
0.3312498
0.2206966
0.2545201
0.2017262
0.4713718
0.1779043
0.2583132
0.316153
0.5192591
0.4662529
0.1710443
0.2239139
0.3663213
0.2675349
0.9474836
0.09024693
0.1694029
0.4128281
0.481514
-0.08977062
-0.01750379
0.1863608
0.2027107
0.6769347
0.5278794
0.4508985
0.4758938
0.80969
0.6449619
0.4037475
0.3576983
0.4031583
0.3619608
0.2160639
0.2147945
0.2190425
0.2499196
0.3401903
0.3264611
0.3152336
0.3161237
0.422246
0.3582781
0.2233233
0.234697
0.2094145
0.3636266
0.2695968
0.1607615
0.3677248
0.2123834
0.6605147
0.6877902
0.5757736
0.3220045
0.3658919
-0.01492807
0.5638342
0.3421099
0.01523809
0.1101922
0.5085426
0.498959
0.7831926
0.8139429
0.4876989
0.4700383
0.4884609
0.4056628
0.2358943
0.2955549
0.5227951
0.5071647
0.5055068
0.2482313
0.5423794
0.3310033
0.4498247
0.3059186
0.3597449
0.1673737
0.3066222
0.01681872
0.3011313
0.01863307
-0.04194652
0.07866363
0.4040539
0.2096887
0.3140382
0.06237893
0.4927248
0.4387733
0.1823001
0.291434
0.4295328
NaN
0.4938448
0.3789896
0.1379603
0.3599385
0.2388989
0.1032759
0.1043443
0.3756365
0.603937
0.5992683
0.4704303
-0.001850401
0.1767839
0.2361266
0.06023412
0.1436109
0.4410941
0.5210006
-0.04927395
0.01094838
0.1637504
0.201176
0.6636821
0.5322274
0.4488766
0.4707206
0.8294724
0.6431929
0.3630172
0.3242679
0.3937736
0.3549969
0.2138729
0.2218769
0.1766144
0.2338558
0.3859388
0.3943688
0.315991
0.3016288
0.4715204
0.3921596
0.2404864
0.2672023
0.2670638
0.391854
0.3033823
0.1941885
0.3931451
0.2400913
0.6501204
0.6839613
0.6108303
0.4096137
0.4809169
0.0965248
0.5559304
0.4067379
0.0573396
0.1463785
0.4802686
0.5041764
0.7737871
0.7915595
0.4847259
0.462903
0.4816792
0.4375932
0.2222183
0.2914619
0.5277689
0.5509372
0.5360835
0.2664549
0.5510649
0.3844077
0.3820059
0.319247
0.3877615
0.2669166
0.2706311
-0.0166908
0.266274
0.04754713
-0.03956497
0.1718896
0.3706535
0.2086759
0.2464044
-0.003133092
0.4533452
0.3917152
0.1794638
0.3323762
0.4533601
NaN
0.4689749
0.3431303
0.09334688
0.3677831
0.2401754
0.08013084
0.1603178
0.3521262
0.5837576
0.5491917
0.439825
0.03545666
0.2032078
0.1473954
0.8335004
0.4978313
0.4589073
0.6233007
0.6744398
0.8100023
0.7249986
0.3257757
0.1711578
0.4262443
0.4825585
0.1952442
0.2955826
0.1863604
-0.01584203
0.4075761
0.3350452
0.4449121
0.4711569
0.09674422
0.2624779
-0.04855627
0.2217871
0.1142707
-0.3350696
0.2080118
0.1291994
0.01571171
-0.4232271
0.05732553
0.2254776
-0.04282754
-0.2282391
0.2454866
0.1275466
0.1386012
-0.02208909
-0.0272114
-0.1412308
-0.2300463
0.1888291
-0.08900704
-0.1853636
0.1968179
0.5467237
0.1813461
0.1504143
-0.07970448
-0.0105058
0.5871399
0.5935501
0.3448034
0.4253815
0.4857636
0.1582144
0.3441123
0.2943916
0.3451891
0.1932252
0.3177602
0.2590835
0.4487187
0.3821052
0.04754009
0.1520235
-0.03280018
0.4775577
0.1773757
0.07677542
0.05978533
-0.1305458
0.11888
0.2295298
0.1892272
0.009968796
0.323633
0.5274449
0.4223995
0.2574211
0.3419611
NaN
0.507258
0.5311105
0.03725013
0.002507419
0.4131139
0.6106634
0.1299424
0.1459697
0.2272194
0.2510964
0.2211014
0.0688495
0.1228743
-0.08243464
0.610021
0.5662626
0.6161175
0.678392
0.8292003
0.7154617
0.3911148
0.2115754
0.4852334
0.5814834
0.2205034
0.3372028
0.1514968
-0.1086989
0.4564816
0.2970484
0.5133575
0.4415569
0.1383777
0.2179395
-0.1236375
0.1943591
-0.02322732
-0.4135823
0.2000396
0.07364362
0.03493033
-0.5051207
0.07374693
0.215405
-0.08982489
-0.2947324
0.2283856
0.02216162
0.1226296
-0.0644408
-0.02429841
-0.1893327
-0.2669856
0.1928683
-0.1182087
-0.326188
0.08882509
0.5136208
0.1374759
0.09230821
0.02029049
0.04884918
0.6151707
0.583049
0.3274264
0.4232824
0.5258777
0.1502671
0.3418467
0.2587593
0.3222296
0.2166312
0.3187951
0.1717421
0.5924926
0.4787532
0.03841086
0.06623588
0.1237359
0.5611414
0.1622827
0.0122467
-0.05186994
-0.1955302
0.1122023
0.1685741
0.2972044
-0.1105289
0.3576069
0.4912995
0.2982576
0.1923781
0.4662427
NaN
0.492464
0.5717698
-0.1211163
-0.07795107
0.3423375
0.6424634
0.05102039
0.141841
0.2361168
0.2033333
0.2745587
0.0109852
0.1288284
-0.1317249
0.9125959
0.5523716
0.5962954
0.6574994
0.541812
0.5220447
0.4538262
0.7856281
0.8341516
0.5692129
0.7203211
0.3156307
0.1119164
0.4720928
0.2703991
0.4598403
0.370114
0.1202157
0.1385048
0.07151005
0.2350665
0.2580348
-0.1699359
0.3484436
0.1269238
0.1086678
-0.4558372
-0.1472153
0.008643009
-0.1955416
-0.3665083
0.1488869
-0.1122888
0.3413924
0.1321911
0.05437239
-0.1964165
0.1347963
0.5043692
0.08371158
0.04445439
0.1917275
0.4367017
0.2801668
0.228046
0.07293056
0.1225658
0.6642051
0.6715447
0.5334502
0.5362181
0.5381444
0.3144263
0.4375549
0.3147209
0.2529982
0.269625
0.4135388
0.2937433
0.4957883
0.4418046
0.05021291
0.1320446
0.07826453
0.3732496
0.2435219
-0.0001663284
0.160067
0.06893236
0.08546504
0.3028085
0.2648353
-0.1380217
0.3288288
0.2622426
0.1638843
0.2540263
0.5421974
NaN
0.4371962
0.5763353
-0.06199991
0.2494151
0.2214618
0.498648
0.1533554
0.1531984
0.2322075
0.3277384
0.1797617
0.1508919
0.158792
-0.1461312
0.5600269
0.6586841
0.6350733
0.6181822
0.5699255
0.4733893
0.8128642
0.8480662
0.6113842
0.7138159
0.3722498
0.207631
0.5418546
0.3630847
0.5092567
0.4255005
0.2479248
0.2412406
0.1918094
0.2832996
0.3310573
-0.08835692
0.3635264
0.1895615
0.1223325
-0.3273106
-0.09548813
0.01974564
-0.09390732
-0.2685893
0.2081642
-0.004055431
0.4419735
0.2750114
0.06532743
-0.1268377
0.1053607
0.4349525
0.151224
0.06193862
0.2687179
0.4732513
0.4027173
0.3511005
0.212162
0.2234325
0.6772565
0.6854198
0.5757098
0.5528463
0.3974891
0.4257114
0.5289103
0.3858746
0.4012226
0.269011
0.4535403
0.3158195
0.4693162
0.4282507
0.07235184
0.1549947
0.1693213
0.3472179
0.2822188
0.03824648
0.1108616
0.04725981
0.1798347
0.294843
0.3471107
-0.07358216
0.3915633
0.337019
0.2055885
0.2658091
0.5514035
NaN
0.4622134
0.5224144
-0.0007117514
0.2952988
0.3451088
0.4636497
0.1194185
0.2667927
0.3107206
0.3803045
0.2543199
0.1489088
0.1913507
-0.04038084
0.8970223
0.6550591
0.6294603
0.1365791
-0.06165079
0.5341279
0.486756
0.1028653
0.3349151
0.22897
0.02809737
0.498482
0.3199021
0.4782387
0.494258
0.2247083
0.220245
-0.05247763
0.2393248
0.3387694
-0.3867574
0.05017483
0.02180389
0.1364547
-0.5154843
-0.05386283
0.07921127
-0.178036
-0.2426233
0.03445529
-0.03955922
0.0579716
-0.1278083
-0.09121746
-0.2104825
-0.2055795
0.4231553
-0.2953639
-0.259669
0.5169818
0.782543
0.3495182
0.2631455
-0.3085099
-0.1783825
0.4119666
0.4876448
0.2829506
0.2569481
0.3189334
0.2331771
0.2589793
0.1287747
0.1240914
0.2396895
0.1279722
0.1293755
0.315288
0.3146555
-0.1655795
0.1327462
0.2289271
0.5957633
-0.08811006
0.1115965
-0.0615851
-0.02168793
-0.1922792
-0.007456878
0.1845813
-0.1632504
0.1065871
0.2412638
0.3241698
0.2291331
0.2528266
NaN
0.1238576
0.3794056
-0.1410719
0.03165437
0.1391462
0.4456336
0.02186592
-0.08436521
-0.04838291
0.02906472
0.01712393
0.06772298
0.03966121
-0.3560591
0.6919354
0.7269761
0.2397137
0.07697541
0.5695055
0.5676147
0.2051838
0.3726483
0.231429
0.03930037
0.5250102
0.3502512
0.5315879
0.5160581
0.3138817
0.3230485
-0.009957263
0.2705669
0.3164221
-0.2909188
0.06726346
0.05503917
0.1603674
-0.4942319
-0.07508451
-0.01801749
-0.2104689
-0.2886305
0.02981951
-0.0178028
0.2403724
0.04043335
-0.09111896
-0.2407672
-0.1919049
0.3868339
-0.1508494
-0.2225506
0.4469482
0.7065555
0.3407018
0.2368261
-0.1817224
-0.1370351
0.4624748
0.4959071
0.3393758
0.3420407
0.2820913
0.2529737
0.3139287
0.2097979
0.2544428
0.2945214
0.2167158
0.1712052
0.3405443
0.2945547
-0.1205481
0.07954895
0.1163193
0.5001213
0.01518855
0.08423611
-0.06847381
-0.091684
-0.03507392
0.09140957
0.223309
-0.05263507
0.2023042
0.3901428
0.3336663
0.2709304
0.3139712
NaN
0.2214766
0.4157906
-0.02620949
0.07847758
0.2706311
0.5305634
0.09320499
0.02187058
0.115398
0.154672
0.1155754
0.07936957
0.07120033
-0.1779231
0.8534019
0.4236339
0.1996737
0.5675243
0.6394146
0.3094523
0.4250028
0.4323328
0.1274148
0.4595945
0.2846873
0.5013892
0.3843931
0.1132899
0.1788234
0.01516829
0.2426467
0.1763382
-0.3633116
0.2575607
0.1821518
0.04244113
-0.4592467
0.001442639
0.1566048
-0.07306071
-0.3439232
0.1814328
-0.03800411
0.1706055
-0.03813439
-0.09841373
-0.1128417
-0.2416372
0.2994643
-0.08733113
-0.1802282
0.2614648
0.5604727
0.3057092
0.264699
-0.04565346
-0.01245137
0.666182
0.679063
0.3727956
0.4102169
0.5180517
0.210322
0.4176449
0.3050497
0.3123719
0.1951759
0.322435
0.1585952
0.5971265
0.5415429
0.0192543
0.08746501
0.1225542
0.6142206
0.1529109
-0.06895506
0.07335244
-0.08268858
0.06880725
0.1661645
0.3811286
-0.123003
0.4187487
0.5240154
0.3599276
0.2945383
0.4431691
NaN
0.4825262
0.5295676
0.1438385
0.1168319
0.3373093
0.606529
0.07307643
0.2085298
0.3139959
0.3127062
0.1654588
0.09342882
0.1169163
-0.0464174
0.5330086
0.2872868
0.5987833
0.6480001
0.4199598
0.4261804
0.434156
0.2505835
0.651662
0.4347224
0.5870018
0.5035014
0.2810451
0.3063884
0.1170189
0.3576986
0.2333513
-0.2041041
0.3249075
0.3694742
0.1568722
-0.2305629
0.2170775
0.2921597
0.08104333
-0.07317926
0.3318229
0.2510762
0.2862911
0.1281266
0.04261135
0.05063696
-0.1477168
0.2227838
0.105247
0.01725098
0.3800223
0.5251925
0.3968149
0.4052399
0.04234402
0.03088347
0.6390766
0.6495128
0.4593496
0.4472849
0.4264083
0.2371788
0.5863916
0.5244678
0.4913588
0.2569491
0.4708664
0.3660712
0.4548249
0.4975418
0.2689494
0.2966423
0.2201829
0.5147142
0.2219234
0.180726
-0.1180587
-0.09837251
0.03936092
0.2039334
0.3217742
-0.03527299
0.3992744
0.5967467
0.3496275
0.2899999
0.4185164
NaN
0.3857905
0.4913807
0.06182471
0.1853516
0.4093387
0.5125436
0.07370629
0.2884721
0.4226914
0.3245435
0.3077307
0.05120942
0.2078139
0.02800101
0.8413966
0.6589817
0.7358111
0.7906926
0.6551818
0.4131706
0.3605885
0.7475135
0.6837296
0.6421234
0.5374051
0.2761579
0.3629697
0.4575892
0.5301373
0.2307424
0.2927393
0.6399737
0.6609254
0.247265
0.2648571
0.3862731
0.4489934
0.2979948
0.1743651
0.5931364
0.4419158
0.6558554
0.5379218
0.3839342
0.2242987
0.317353
0.05824249
0.6398182
0.329523
0.08183077
0.1959134
0.2977574
0.4244047
0.5027861
0.4668234
0.7603273
0.698473
0.7049507
0.7562481
0.411521
0.3141107
0.7931364
0.7337305
0.7627447
0.5182092
0.8737944
0.7103273
0.5937294
0.4720129
0.634335
0.4740508
0.3706344
0.1233189
0.4734687
0.2702772
-0.1035547
0.1127207
0.4284883
0.4065501
0.2755895
0.1130065
0.6659341
0.6772786
0.2834017
0.4774871
0.6602295
NaN
0.6358597
0.5612978
0.1535548
0.3357032
0.4297232
0.4345696
0.2593776
0.5563843
0.7845601
0.6216813
0.524538
0.07118143
0.3727726
0.1741531
0.6179838
0.6808627
0.7008708
0.6533267
0.2111241
0.2876292
0.5600875
0.5761673
0.5118321
0.418119
0.06802409
0.245651
0.4853099
0.5216625
0.153128
0.4099038
0.6180695
0.5926231
0.2765548
0.2538824
0.2129174
0.2442915
0.1906837
0.09141729
0.4687665
0.3533752
0.5585782
0.4365106
0.2854289
0.09798895
0.4549045
0.1120739
0.6834535
0.4403908
-0.06851959
-0.01396296
0.1120546
0.3046684
0.375125
0.3183595
0.6350746
0.578363
0.6738344
0.7736049
0.3225211
0.2087218
0.596586
0.6135212
0.696445
0.4754916
0.8225404
0.7215269
0.4637922
0.3631631
0.5999333
0.4358336
0.2211516
-0.1020449
0.4884506
0.2504929
0.02366197
0.2260799
0.3709431
0.450406
0.1172248
0.1936619
0.5348601
0.4138599
0.06130425
0.314526
0.5783262
NaN
0.5331364
0.4408766
0.1004786
0.2636316
0.2692014
0.2998022
0.3118883
0.4989631
0.6346081
0.4783758
0.4505011
0.1219894
0.3645222
0.1377932
0.943225
0.6424589
0.8473747
0.4319011
0.3789865
0.6222931
0.4688555
0.5565533
0.4324941
0.07158883
0.1349785
0.405081
0.5041004
0.416749
0.08444879
0.5178802
0.4291809
0.2540169
-0.2046331
-0.03696485
0.1149402
-0.03843677
-0.1658734
0.2232706
0.1141542
0.4494124
0.2435203
0.09014306
-0.09394734
0.1547656
0.4331433
0.2952438
0.2227017
0.3018065
0.50017
0.404664
0.4902108
0.05528161
0.1313999
0.7546023
0.7783482
0.7048022
0.630924
0.4171625
0.3061064
0.6099984
0.5381644
0.4644092
0.5531448
0.6273307
0.4668194
0.4046377
0.324731
0.2246778
0.2657369
0.3219721
0.2445509
0.3381961
0.1611166
0.08164235
0.2063456
0.06935115
0.30449
0.1998569
0.022166
0.4979392
0.4121977
0.1616133
0.3800196
0.5769718
NaN
0.4775562
0.6052182
-0.01627589
0.2944541
0.2677675
0.4193525
0.199135
0.2547642
0.3670883
0.4468646
0.2854824
0.1897157
0.3624386
-0.04117563
0.672882
0.8355593
0.4287142
0.3004173
0.6548449
0.468725
0.6418
0.4747382
0.09723597
0.1859204
0.3196349
0.4898694
0.3000678
0.03242382
0.4967866
0.4048138
0.1972146
-0.2480986
-0.0385295
0.1070188
-0.08280169
-0.2526633
0.2322731
0.06640789
0.4954956
0.2355071
0.06717147
-0.1095161
0.1403209
0.4405648
0.3247186
0.2195585
0.1961967
0.4659708
0.3214825
0.4000182
0.118702
0.1394876
0.8134322
0.812115
0.7245915
0.7035425
0.5198222
0.3271156
0.6253611
0.5697691
0.5278816
0.4761539
0.6755804
0.4970814
0.5333573
0.4313499
0.2668006
0.2605708
0.2553977
0.2755824
0.3710287
0.1027111
0.04671179
0.09224415
0.1457962
0.3609112
0.2706311
-0.02422255
0.5541764
0.5033338
0.1765681
0.3572534
0.6460245
NaN
0.5586265
0.6347938
0.04991552
0.2163164
0.3079069
0.512955
0.2384549
0.3206988
0.4932286
0.4721397
0.3519717
0.1521898
0.2939663
-0.02217434
0.8017489
0.5467468
0.4867682
0.6329827
0.5776891
0.4688728
0.3737164
0.2623293
0.3842541
0.4875114
0.5551071
0.4548013
0.3848678
0.5429224
0.5556821
0.348163
0.2240494
0.2900509
0.3797741
0.2806869
0.1571967
0.4151281
0.2906482
0.7346165
0.6741979
0.5418891
0.3385237
0.5297041
0.2802643
0.6838958
0.4919498
0.2592843
0.3174408
0.6043927
0.6709795
0.5751771
0.5746519
0.6650428
0.6739641
0.7243538
0.6443709
0.2919578
0.2147931
0.7291688
0.7363831
0.579681
0.3935913
0.7027056
0.6009257
0.4792963
0.4016092
0.5579679
0.4185832
0.3121136
0.08206628
0.2951989
0.1461229
-0.1233146
0.1581459
0.2943626
0.3299355
0.2268905
0.008506502
0.5089357
0.5249719
0.150802
0.3535445
0.5266436
NaN
0.4722423
0.4829487
0.1458072
0.3855954
0.2653726
0.2340819
0.2177013
0.4083378
0.6736223
0.5788888
0.4187694
0.0423371
0.2276494
0.06852484
0.4230428
0.3855328
0.5779743
0.4458512
0.5051759
0.3931557
0.04327942
0.1413272
0.4348243
0.5758954
0.5125236
0.2656059
0.5379294
0.4286055
0.3533673
-0.08210516
-0.06872014
0.11068
-0.08914777
-0.1874783
0.1951233
0.06020673
0.6147745
0.4543029
0.3531923
0.1104316
0.4430849
0.5067754
0.4533714
0.4500451
0.2006494
0.46101
0.5215584
0.6190105
0.2209112
0.2988613
0.7183003
0.7228057
0.7531948
0.6441694
0.4411745
0.2017572
0.5925143
0.5989058
0.407283
0.4495967
0.6580133
0.4996389
0.4338231
0.3126422
0.2977527
0.2865958
0.2038443
0.1060071
0.3313852
0.1325265
0.1389419
0.2626595
0.1548945
0.3212476
0.2320892
-0.07710174
0.4842805
0.4373707
0.2066348
0.4747268
0.6347538
NaN
0.5187902
0.5857638
0.09532804
0.3641834
0.2227424
0.3982646
0.1963054
0.3128459
0.53783
0.5822468
0.3746673
0.2384876
0.307487
-0.02606267
0.7377483
0.3506345
0.3655385
0.3022079
0.1767616
0.1780417
0.2521976
0.4843546
0.3200198
0.5022282
0.2429906
0.3326567
0.4269364
0.07490213
0.1086377
0.1660492
0.2009672
0.294039
0.1348142
0.2101457
0.156376
0.3915815
0.3318333
0.04292674
0.06386496
0.1005932
0.1603716
0.2360776
0.08561858
0.5621177
0.3722069
0.6850484
0.6474109
0.2811878
0.2687827
0.3980855
0.5110031
0.3793157
0.2037172
0.08146039
0.2319939
0.3853281
0.3660043
0.3378371
0.2883171
0.2414153
0.1815282
0.311272
0.2354806
0.225826
0.2621799
0.3319126
0.274222
0.1808284
0.1347186
0.004952993
0.1440947
0.2701822
0.1135053
0.4157871
0.08576324
0.4839901
0.4137065
0.1891638
0.2549809
0.2921695
NaN
0.3008391
0.274023
0.2938499
0.3413121
0.1246857
0.2664103
0.07090089
0.3607733
0.4127765
0.4649938
0.06502509
-0.07981686
0.03741263
0.2512115
0.3042411
0.3611839
0.0898578
0.1200298
0.1436836
0.07649069
0.6593155
0.3136622
0.5485519
0.5079203
0.395699
0.4681681
0.1374454
0.3320318
0.1162712
0.0597869
0.3365621
0.2988867
0.31203
0.3348458
0.3524809
0.3902159
0.0148764
0.01852971
0.2465056
0.02957856
0.379626
0.2666221
0.4494989
0.1135949
0.6128469
0.6373878
0.2443252
0.2177888
0.2260447
0.3456015
0.3242363
0.1070488
-0.03245838
0.2767876
0.3455273
0.4261584
0.3559949
0.2950204
0.2440324
0.1700926
-0.01044952
-0.03156445
0.3279646
0.2498119
0.3622902
-0.0742981
0.4091988
0.3049132
0.133582
0.2974951
0.3704076
0.3688019
0.207664
0.3467738
0.4471209
0.2753459
0.1597476
0.3531971
0.1861792
NaN
0.164427
0.1872624
0.260096
0.4301959
0.1284927
0.04488847
0.01881578
0.3192692
0.3430392
0.4572786
0.1380565
0.1974596
0.2154544
0.3419897
0.8126462
0.8118055
0.7420982
0.4984778
0.5339728
0.3571789
0.602485
0.3563403
0.1249044
0.5102564
0.5921183
0.3582273
0.1041862
0.3438441
0.414734
0.2187971
0.1227418
0.5481562
0.4369099
0.4726571
0.3690369
0.3362002
0.1360774
0.2428016
0.1726557
0.4902505
0.2109432
0.3660329
0.480035
0.4877365
0.5333084
0.241239
0.2423218
0.6811191
0.6825939
0.7200234
0.6863157
0.4176946
0.3040819
0.8294466
0.6885864
0.605128
0.3846327
0.727358
0.7121786
0.6076111
0.5881746
0.6181126
0.5645539
0.5271559
0.4478495
0.3118211
0.4324979
-0.2955555
0.05188846
0.1727012
0.2972616
0.2723875
0.01918458
0.5119991
0.618111
0.3358091
0.4191045
0.5824329
NaN
0.4492724
0.557998
-0.1379317
0.2419183
0.3596503
0.4674514
0.1463406
0.4797767
0.5790562
0.4240283
0.480832
0.1176221
0.2817367
-0.1725073
0.7136254
0.7077085
0.4333757
0.6014983
0.5306842
0.6170058
0.3460951
0.2794011
0.5598449
0.6910936
0.3433975
0.3129707
0.4650154
0.4598165
0.4100812
0.3014563
0.6111602
0.5451862
0.4746256
0.4117329
0.3365757
0.1717185
0.3074125
0.07740145
0.509999
0.1455988
0.381396
0.3711968
0.4675157
0.5250375
0.3360692
0.3041286
0.5905988
0.6149495
0.7106801
0.6752992
0.2054464
0.2499539
0.7955207
0.6994227
0.6155122
0.4336611
0.7054997
0.7482794
0.5319705
0.5098493
0.6751161
0.6859111
0.5246672
0.3609652
0.3123742
0.5508591
-0.1864262
0.1788885
0.290874
0.2103526
0.2021689
0.1688638
0.4742088
0.5927314
0.2922672
0.4384442
0.4875528
NaN
0.3982267
0.4080658
-0.06810792
0.1977558
0.3138862
0.4380022
0.3046458
0.4743944
0.5828457
0.437673
0.4167773
0.04604672
0.2271222
-0.06831217
0.7793828
0.3355464
0.4838781
0.2265786
0.4347055
0.09281096
-0.04766575
0.452292
0.5099443
0.07602893
-0.03347981
0.1617599
0.2562483
0.06736507
-0.1038032
0.4479079
0.3388373
0.3800099
0.1578929
0.09618607
-0.04410574
0.1283699
0.2456605
0.3074798
-0.02160294
0.1756754
0.4529412
0.2414856
0.3305218
0.09677967
0.08154092
0.6921185
0.6291486
0.6951137
0.7048685
0.3822611
0.168297
0.6550754
0.5250964
0.4644932
0.3716778
0.6565438
0.6073764
0.5923411
0.5170945
0.4385742
0.4583147
0.3023058
0.3909743
0.3541337
0.4023911
-0.1315493
0.06772968
0.2167098
0.2369188
0.3448778
-0.009404181
0.5277988
0.6504864
0.2105389
0.3996164
0.6842119
NaN
0.5798621
0.5987338
-0.02432996
0.2148691
0.335481
0.661778
0.2300616
0.4800843
0.5403081
0.361352
0.4798946
0.0405011
0.2645397
-0.08815923
0.5205075
0.6532131
0.2466608
0.4553266
0.1067111
-0.005462787
0.3553523
0.3945643
0.1420881
0.02607422
0.2080646
0.2752754
0.0869218
-0.04228998
0.5166128
0.4632721
0.4823599
0.3371094
0.09185286
-0.06444671
0.01661922
0.1343867
0.2744803
-0.04558005
0.2570501
0.4265633
0.2509454
0.2974036
0.167352
0.1582497
0.4765159
0.4495888
0.5124697
0.6043497
0.3935675
0.3809119
0.5994969
0.509833
0.5322515
0.3363657
0.6036385
0.5837396
0.4196916
0.4537093
0.41137
0.4111981
0.3004105
0.3739242
0.4628021
0.6005208
-0.2153472
-0.1429656
0.2149804
0.2357962
0.2730979
0.1402235
0.3940966
0.5486932
0.3102173
0.3429553
0.4464848
NaN
0.485801
0.6071062
-0.2012518
0.1314369
0.4269261
0.6079918
0.3671788
0.3120224
0.415933
0.2494922
0.3841186
0.2146827
0.2943234
-0.1040334
0.7656193
0.06513019
0.146718
0.1288401
0.08654666
-0.01030192
0.1193211
0.1426162
0.1037952
0.1861053
0.1114038
0.1396217
0.1316289
0.2540686
0.2745224
0.4345627
0.4448743
0.0238619
-0.09593793
-0.1543342
-0.1936074
0.2264513
-0.1049903
0.2587922
0.195006
0.3202455
0.1336804
0.3915017
0.2752409
0.05946132
0.06789978
0.1885475
0.1727299
0.0327905
0.399589
0.4126312
0.2567781
0.3041099
0.1766179
0.2491672
0.2361451
0.2587062
0.2545616
0.2508374
0.14046
0.3569183
0.343258
0.1833906
0.271221
-0.4899769
-0.392045
0.2344958
0.1170293
0.1224987
0.02906212
0.05707067
0.2222703
0.1300694
0.01252847
0.01204827
NaN
0.1051956
0.2654105
-0.07148744
0.1054222
0.3350257
0.2082698
-0.009958666
0.1508063
0.1733795
0.09033332
0.1250862
0.1553987
0.01726956
-0.01425731
0.188111
0.3645926
0.1097416
0.01208139
0.05674779
0.2504772
0.1250009
0.05421726
0.2233195
0.2442781
0.1974697
0.09206498
0.278217
0.2954925
0.4888087
0.4451434
0.06558791
-0.04428048
-0.1003746
-0.1022586
0.3085502
-0.009253928
0.2280056
0.3103973
0.2969452
0.2019684
0.4251392
0.2928874
0.2677224
0.2451953
0.3230611
0.4428144
0.03753635
0.3025635
0.5191094
0.4158419
0.4859734
0.2264233
0.3735222
0.4734188
0.4754824
0.4757554
0.3339804
0.3343709
0.2813619
0.3901725
0.1211482
0.2608005
-0.3879711
-0.3023493
0.2627432
0.08101371
0.2292173
-0.02272187
0.182506
0.4057117
0.1464861
0.01819711
0.1721752
NaN
0.3395952
0.3202789
-0.04381538
0.07340487
0.3496081
0.3777993
0.2707279
0.2564734
0.3392204
0.1815323
0.1657631
0.01898449
-0.07412847
-0.06571547
0.7159942
0.5839591
0.6419294
0.6697105
0.7263852
0.4989131
0.5073655
0.279399
0.1978196
0.3787125
0.2561481
0.3765894
0.3893393
0.4763228
0.4956599
0.1970623
0.1980765
0.4540358
0.09477619
0.5663502
0.4011684
0.2804218
0.09534923
0.3771789
0.5173747
0.2734493
0.257396
0.3458807
0.3730719
0.4683909
0.391881
0.02587474
0.2350566
0.506682
0.5806566
0.5195352
0.5458545
0.4929056
0.491103
0.05843481
0.06264187
0.4691736
0.4704011
0.3771793
-0.1122934
0.3424532
0.4014706
0.1179947
0.4045836
0.3997227
0.3549066
0.2223754
0.2375464
0.4536682
0.365388
0.1532253
0.5187229
0.3790561
NaN
0.3237578
0.2212521
0.1735593
0.2657064
0.1386153
0.1774343
0.1517908
0.4157985
0.4542232
0.4417643
0.1731552
0.3504451
0.2986553
0.1458066
0.5639092
0.4335468
0.5220048
0.6224722
0.6751491
0.2293302
0.2756577
0.3100889
0.1248809
0.02507462
0.2230358
0.2115002
0.5303579
0.449405
0.3917085
0.3223221
0.4368119
0.2973766
0.5858448
0.5548753
0.2933912
0.405621
0.4037626
0.5564577
0.1844807
0.2063558
0.5264716
0.5334164
0.5538891
0.5835827
0.3465799
0.1603371
0.6330587
0.7141175
0.5951167
0.5301619
0.6318013
0.7188436
0.3498633
0.4083886
0.5416715
0.5443763
0.4092715
0.236963
0.08947702
0.2930684
-0.2386692
0.1596089
0.06573694
0.1574372
0.1603706
-0.1069936
0.3468224
0.4995006
0.2036202
0.4492046
0.439746
NaN
0.3154103
0.3210702
-0.03739469
0.03771742
0.1035385
0.3022939
0.2822203
0.3105158
0.5699892
0.3607491
0.2580869
0.3259162
0.1768597
-0.1963833
0.4917202
0.2633979
0.2941341
0.6011631
0.06130178
0.01629774
0.0062841
-0.009212459
0.0304282
-0.01545407
-0.02363846
0.4068316
0.4324894
0.3139882
0.1591889
0.3553372
0.2600851
0.2496744
0.4025621
0.5378515
0.4187073
0.7122907
0.6666461
0.05177662
0.1552148
0.287707
0.4002568
0.3945782
0.1775503
-0.003379112
0.229469
0.3694342
0.3675099
0.2039157
0.2824021
0.2362192
0.2813936
0.1331112
0.1077292
0.1158538
0.2314078
0.2670943
0.1750272
-0.07136249
0.08059767
-0.002961455
0.2080794
0.02409386
0.0944451
0.1136287
-0.1205918
0.1187995
0.1808608
0.2539876
0.3540542
0.2218926
NaN
0.03047486
0.07201986
0.1714893
0.3161579
0.05207574
0.07763629
0.02256748
0.1428933
0.2400753
0.4076995
0.0301883
0.257901
-0.005963005
-0.009809605
0.3526311
0.426607
0.4880882
0.6771393
0.2350631
0.05590478
0.2331878
0.2919722
0.1974485
0.3120071
0.5047272
0.637797
0.3651151
0.3502654
0.5054851
-0.09804504
0.6372422
0.53851
0.1354767
-0.2037938
0.3130133
0.4523062
0.3012214
0.3010699
0.09059701
0.0706343
0.2951868
0.1784003
-0.1309452
0.09861689
0.2857729
0.4138308
0.292557
0.3304644
0.3293596
0.4129771
-0.1980841
-0.2213118
0.4308142
0.2513852
0.08856313
-0.4197367
0.2589616
0.2670377
-0.07593912
0.1283717
0.3108916
0.2705364
-0.08385549
0.1996735
0.1588037
0.1360308
-0.007412182
0.2909504
0.1121375
NaN
0.06638431
-0.03525937
0.2163331
0.2365449
0.1308072
-0.09788923
0.07110497
0.1992297
0.3934872
0.3514915
0.1119017
0.2571366
0.2560007
0.23372
0.8631767
0.3651955
0.4113856
0.4435207
0.4901875
0.4827614
0.2621356
0.6813552
0.5644576
0.3604773
0.332066
0.4094559
0.2782748
0.5624825
0.2615948
0.5352836
0.353184
0.2079578
0.118352
0.223164
0.3730202
0.2949943
0.332121
0.5575882
0.4854247
0.6480196
0.543743
0.3000193
0.2287384
0.6442402
0.674374
0.4934323
0.4962894
0.6852165
0.6279017
0.258068
0.2296546
0.6409472
0.6692064
0.2682483
-0.003623672
0.524918
0.5263826
0.2473603
0.5155814
0.3755659
0.4438275
0.2682815
0.2271662
0.6449824
0.4837962
0.2813075
0.6331101
0.6064605
NaN
0.5399264
0.4963181
-0.01282019
0.3625232
0.2156624
0.3228306
0.07136052
0.6110393
0.5359164
0.5768669
0.5025535
0.1010265
0.4666473
0.02181161
0.4328334
0.5651587
0.6185592
0.602819
0.6020808
0.4403435
0.6733081
0.6512359
0.3790095
0.3820662
0.4118945
0.3951942
0.4755709
0.1534956
0.6453346
0.4291143
0.3401277
0.1667851
0.3084876
0.482854
0.3225403
0.3027307
0.4742693
0.4319856
0.6376543
0.5409478
0.1227228
0.1609302
0.706699
0.7526937
0.5883042
0.5242548
0.7044774
0.6863473
0.2537743
0.2757496
0.7430368
0.758056
0.3924339
0.03610118
0.3780704
0.545736
0.02724717
0.4228708
0.3171194
0.2977419
0.2165369
0.2060793
0.5766858
0.5375403
0.218191
0.5379748
0.501028
NaN
0.4148727
0.3482619
0.0779457
0.3102616
0.207001
0.2262191
0.1062148
0.5876092
0.6077088
0.4985655
0.5087525
0.009750944
0.3389388
0.02701438
0.2282564
0.3768687
0.3060379
0.1296532
0.08925276
0.1241756
0.08739557
0.3513005
0.3622969
0.5444477
0.366399
0.4211458
0.1943614
0.3766578
0.425004
0.3163367
0.2025238
0.3141047
0.3649378
0.05375831
0.1128349
0.2104302
0.2178822
0.3185802
0.2714963
0.06421569
0.03134356
0.3741931
0.4377272
0.2376881
0.3586004
0.3708439
0.4195921
0.1812744
0.1989654
0.3333993
0.3660081
0.3484447
0.1764525
-0.1566845
0.1556066
-0.3006274
0.01858724
-0.1430015
0.006485425
-0.04806661
-0.2070467
-0.05828615
0.1224441
0.02798117
0.1865633
0.1849008
NaN
-0.08973647
0.07841213
-0.1175464
-0.08124094
-0.1228854
-0.01965909
-0.04029957
-0.02431051
0.2094376
0.06991877
0.07739634
0.1295813
-0.08096468
-0.3079407
0.6247471
0.4559634
0.6491287
0.6571811
0.5414758
0.6639108
0.2672061
0.4713952
0.437355
0.5896367
0.4252918
-0.3198895
0.6035727
0.3804656
0.06242691
-0.3373953
0.1106746
0.2838375
0.4192923
0.3604753
-0.09084437
-0.1408222
0.1119224
0.05433505
-0.1987547
-0.02684784
0.2923149
0.386461
0.2977742
0.1292548
0.2484451
0.3387297
-0.2540721
-0.2030721
0.5909128
0.4131741
0.1727735
-0.4218998
0.2846893
0.4578688
-0.1029828
0.2200946
0.3241833
0.1699102
-0.03358435
0.2894854
0.200468
0.1538454
-0.02403689
0.2700528
0.005177124
NaN
0.02952554
-0.1188157
0.07970403
0.1731444
0.115293
-0.2166054
-0.04726694
0.2844404
0.3483979
0.1866965
0.2455591
0.02303869
0.2345962
0.2058593
0.8939984
0.8207007
0.7547908
0.7078345
0.7062607
0.1205156
0.2737287
0.5719784
0.6342415
0.2326399
-0.1876511
0.3585793
0.1053062
0.3288331
0.005052428
0.1699468
0.2765041
0.3768994
0.3400568
0.1387056
0.1344434
0.2118649
0.2390276
-0.06916206
0.009061971
0.439569
0.4790124
0.3681363
0.1449095
0.3302445
0.4159311
0.1132441
0.2031156
0.6421356
0.6195881
0.3475954
0.1158923
0.03487335
0.4315429
-0.3300353
0.03438754
0.139209
0.0492039
-0.03916034
0.03458456
0.1324872
0.2416161
0.06678531
0.08623485
0.08341597
NaN
0.05296636
0.04730304
-0.2195139
-0.02899462
0.1823565
-0.01674422
-0.01668916
0.1714859
0.285004
0.04011904
0.3374868
-0.2961373
0.08500048
-0.0663673
0.7697449
0.6519197
0.7139217
0.6630558
0.1121236
0.218711
0.6334276
0.6073229
0.2135279
-0.1066191
0.3337454
0.1264498
0.2952429
0.1627701
0.2116754
0.3238861
0.3809192
0.4171116
0.3176365
0.3094542
0.3377077
0.3577036
0.1018333
0.03406169
0.4910427
0.5031266
0.3866389
0.1448815
0.3855241
0.4531221
0.2825717
0.3402863
0.5885654
0.6272618
0.3469827
0.2195396
0.02410311
0.3525454
-0.237046
0.08342923
0.09972889
0.02909169
0.04609078
-0.07281426
0.2108368
0.3078141
0.1124277
0.1168784
0.2126422
NaN
0.2401916
0.1938912
-0.2468572
0.01758602
0.15992
0.05675213
-0.034099
0.1856604
0.3063434
0.1108836
0.4231415
-0.3542866
0.0824493
-0.1495412
0.8139928
0.7501878
0.7392049
0.02664787
0.2062932
0.3944348
0.4450783
0.2413241
-0.2763134
0.3300166
0.02041333
0.3069055
-0.1184055
0.2083876
0.2566119
0.4395232
0.4088321
0.09641911
0.1371557
0.2171609
0.1931999
-0.2061331
0.06090021
0.3698005
0.3860544
0.3329915
0.08228721
0.2142974
0.2805903
0.0752394
0.1267629
0.5657225
0.5522614
0.3558435
0.0120927
0.1697364
0.3749894
-0.08585039
0.2387563
0.3315059
0.1536733
0.02977225
0.2006354
0.2334682
0.1645593
-0.03289208
0.05491119
-0.006214439
NaN
0.1261129
-0.001916159
-0.1127928
0.1506959
0.1135442
-0.1137051
-0.02927413
0.2341172
0.1808357
0.09040104
0.3284176
-0.3128534
0.09307932
0.06504479
0.5864925
0.7223339
-0.05544363
0.2033429
0.4075323
0.418959
0.2292955
-0.4334087
0.2943792
0.1150828
0.2528188
-0.2513132
0.1516951
0.2077858
0.3715474
0.2986402
-0.1463489
-0.07399427
0.05562728
-0.006333469
-0.3705662
-0.05085316
0.1931772
0.2372382
0.1920508
0.0511364
0.1253294
0.1958575
-0.1966934
-0.1048993
0.5245967
0.5127045
0.274383
-0.1845455
0.085631
0.4176271
-0.1176549
0.2773407
0.2118353
0.09774328
-0.2400944
0.2193012
-0.01080025
-0.03416131
0.0004634113
-0.03704626
-0.117756
NaN
-0.1266243
-0.19147
-0.1514323
0.1768035
0.08902697
-0.3023486
-0.03764443
0.1128669
0.06412129
0.0213305
0.2574314
-0.2749979
0.1115047
0.1866967
0.8859775
0.1972983
0.2731177
0.3815637
0.273057
0.2793506
-0.2067318
0.4237431
0.02158295
0.1800596
-0.01558571
0.1679495
0.2729272
0.4073955
0.37263
0.3900727
0.3610653
0.4694667
0.4862857
0.1598362
0.2303506
0.5898275
0.5612257
0.4973727
0.1887946
0.5147708
0.5026222
0.2398474
0.2679651
0.7120197
0.6474086
0.3096475
0.06296328
0.584898
0.6662186
0.02510426
0.2146431
0.4719982
0.4419955
0.1435844
0.2563042
0.4526265
0.4105996
0.1987878
0.3516884
0.4143313
NaN
0.4478397
0.3829378
-0.2155588
0.3169495
0.3628477
0.27654
0.05763143
0.4097408
0.3962153
0.2891583
0.5267818
-0.01515694
0.328759
0.07249125
0.202428
0.3190705
0.316476
0.286909
0.2021403
-0.3239416
0.432511
0.08437412
0.2149267
-0.08867902
0.1186094
0.2613357
0.3308861
0.2847921
0.2127605
0.1887845
0.3631341
0.3422195
-0.01901073
0.1623288
0.4955527
0.5358528
0.4784293
0.2490242
0.4476386
0.497305
-0.06311203
0.01991297
0.6848401
0.6242956
0.2091387
-0.1396859
0.5491004
0.7546301
-0.04377745
0.1986322
0.3994867
0.3942668
-0.02309175
0.3335747
0.3113925
0.3445318
0.1600078
0.3044424
0.2109432
NaN
0.3097804
0.2653511
-0.1830465
0.3195049
0.3956966
0.1687514
0.07544351
0.307885
0.2989989
0.2233893
0.4533565
-0.01306454
0.4156661
0.1825848
0.886048
0.3791695
0.2356478
0.3237317
0.1694095
0.5847526
0.3721811
0.1484979
0.2844358
0.4591847
0.485473
0.5239746
0.507484
0.4825466
0.4055533
0.520843
0.4895328
0.2389942
0.3363557
0.5702634
0.5815723
0.6113249
0.5212508
0.638942
0.515407
0.2823634
0.09396438
0.3053225
0.133276
0.1281676
-0.1081043
0.353277
0.1573624
-0.2019384
-0.1118477
0.3756424
0.2995021
0.2953203
0.1469274
0.4707415
0.5861113
0.2765697
0.4464521
0.3806487
NaN
0.4587532
0.4958236
0.2836889
0.2098187
0.3771247
0.3456355
0.204556
0.3325808
0.6821606
0.5941627
0.233678
0.2030092
0.327653
0.1947033
0.5121708
0.425284
0.3727608
0.01907677
0.6183367
0.4354469
0.2042051
0.1357508
0.5367285
0.5510051
0.6579848
0.6388526
0.2932448
0.222436
0.3906799
0.3278662
0.06552309
0.3572269
0.5156791
0.5389085
0.5329265
0.3908765
0.5089501
0.4555541
0.1211587
0.01038666
0.357121
0.169513
0.1197447
-0.1955854
0.2969029
0.1899363
-0.1749147
-0.09642498
0.4338084
0.2601561
0.2251065
0.1965191
0.382988
0.4453171
0.3002836
0.3693525
0.2454589
NaN
0.3670217
0.3211295
0.244017
0.2998002
0.430274
0.1636641
0.08302546
0.3600344
0.6118029
0.5747845
0.2748058
0.2047235
0.3584198
0.2590978
0.7418888
0.6634196
0.1074908
0.4899472
0.4754137
0.1697589
0.1353361
0.3991681
0.46169
0.4623205
0.5718501
0.2313791
0.1912881
0.3531459
0.2437934
0.06024851
-0.03137384
0.404947
0.4506654
0.2573941
0.09930379
0.386836
0.4405885
0.2036696
0.1693681
0.4991504
0.4331012
0.2022649
-0.02652502
-0.08545903
0.1708665
-0.225011
0.1822996
0.01380876
-0.06262015
0.04056622
-0.1354169
0.1350955
0.2589404
0.1474902
0.2383955
0.2124142
NaN
0.06892942
0.07594619
-0.1777634
0.1209951
-0.05156095
-0.1407864
-0.02486921
0.1965687
0.4258269
0.2906089
0.4081524
-0.2645968
0.02026746
-0.1219631
0.4392599
0.08850812
0.4024085
0.5046249
0.1907428
0.05026645
0.3121281
0.4867109
0.3330317
0.3844087
0.1399468
0.09334535
0.1778183
0.1515451
-0.006222563
-0.1098082
0.3458664
0.4251617
0.1730307
-0.06691633
0.2054963
0.3524497
-0.02230345
0.1205481
0.4113462
0.3855086
0.09564673
-0.06675725
-0.2299893
0.03910631
-0.2045198
0.08594744
-0.07883401
-0.1501972
0.03732363
-0.160126
0.04818511
0.1928419
0.09374313
0.1705588
0.06382081
NaN
-0.00734119
-0.1493509
0.006057114
-0.05703485
0.1300776
-0.1822826
-0.07250471
0.145864
0.3984691
0.1553803
0.1968717
-0.1623798
0.1044238
-0.1149409
0.3920218
0.5465894
0.5974473
0.1249709
0.00162164
0.2757576
0.3767673
0.2762058
0.33183
0.1868352
0.1683658
0.4138789
0.2849613
0.04507475
-0.06875205
0.2767814
0.3705463
0.1950506
0.1945708
0.3812399
0.4764198
0.04315805
0.03672311
0.4972167
0.507515
0.1170245
-0.2616029
0.1160795
0.2597387
0.07099907
0.5626127
0.1279083
0.1602024
0.007289662
0.05185974
0.2170934
0.1029369
0.06405854
0.3847791
0.2948963
NaN
0.04567868
0.04274726
-0.04697107
0.3014783
-0.244438
-0.1499639
0.03841357
0.3401531
0.3876765
0.3340114
0.2729455
-0.02095709
0.1622345
-0.1374094
0.01222602
0.2767632
0.3543944
0.6206487
0.2730119
0.3007062
-0.215329
-0.09835241
0.2651499
0.2639204
0.3231435
0.214106
0.3064904
0.05565527
0.1460612
0.1761706
-0.0445747
0.1445349
0.1467094
0.1691899
0.1141543
0.1113179
-0.06475727
0.1503971
-0.04975839
0.1489066
-0.09093598
-0.04770763
0.1645173
0.1943139
-0.2524363
-0.05781735
0.1775052
-0.1332905
0.206916
0.09924878
0.1518968
0.2648152
0.2319117
NaN
0.05123096
0.2635827
0.03164166
0.01402027
-0.1355384
0.1500716
0.04514433
0.1276346
0.1298986
0.15876
0.01300213
0.0139429
0.08220385
-0.3856545
0.6797046
0.0305734
-0.0282949
0.2840356
0.4574844
0.5556014
0.483412
0.3186833
0.293699
0.5005914
0.4827539
0.1467126
0.06519015
0.6110284
0.6605954
0.5762762
0.3220354
0.6379738
0.6366729
0.1769085
0.2047275
0.7568828
0.4503094
0.2630191
-0.2114121
0.3467338
0.297344
-0.1859125
0.187826
0.3092238
0.3398166
0.10298
0.2247144
0.4647339
0.4413985
0.08189593
0.3559963
0.3447037
NaN
0.3264778
0.2430434
0.118535
0.2381903
0.188862
-0.007409563
0.1822891
0.5173121
0.6882237
0.4348174
0.4712503
0.1560585
0.2670851
0.1280335
0.06574541
0.01703328
0.2428508
0.4289466
0.2025104
0.1998236
0.1793162
0.1554999
0.3397033
0.2651177
0.1280127
-0.00222879
0.3699415
0.5450037
0.2940494
0.1556968
0.4303049
0.5266344
-0.05125823
0.08297344
0.479842
0.3720534
0.01532219
-0.2569346
0.03158161
0.04579236
-0.02782147
0.2612249
-0.07270484
0.1516974
-0.07233402
-0.09417046
0.1377196
0.1482529
0.06908266
0.247931
0.1881068
NaN
0.06044705
-0.01760459
0.1374844
0.193839
-0.0003985163
-0.2143242
0.1059381
0.2888103
0.4686914
0.3506706
0.2473841
0.2180372
0.1166021
-0.04619331
0.5614555
0.7013473
0.592124
-0.0619908
-0.01796038
0.1594357
0.3085305
0.3224669
0.09103028
-0.1552049
0.2555051
0.3467059
0.2648095
0.1339621
0.1888689
0.07291086
0.1794202
0.05008231
0.1816639
0.1360622
0.4065821
0.3109978
0.3868532
-0.1410156
0.2618591
-0.1947263
0.06719188
-0.1900621
-0.1584017
0.02399628
-0.01373185
0.04378314
0.0852867
0.1701878
0.09741413
0.01185565
NaN
-0.1153598
0.06027274
-0.07127776
0.1292631
0.05260106
0.04055293
-0.09067571
-0.003793157
0.001786848
0.07574964
-0.04442982
-0.1646088
0.0001853088
-0.2938274
0.5701991
0.5195632
-0.08194289
0.05786875
0.4322077
0.4933901
0.412466
0.3035428
0.2674906
0.1785299
0.3594736
0.27331
0.1925651
0.2774535
0.2164096
0.2018575
0.3448326
0.2583409
-0.04862617
0.152869
0.2362214
0.4708174
-0.132471
0.008437102
-0.1369972
-0.01731448
-0.150797
-0.09545789
0.2772547
-0.1787745
0.2773517
0.4030531
0.4054443
0.326158
0.2752643
NaN
0.2124664
0.4106534
-0.04220239
-0.01545448
0.1182897
0.3353087
-0.001746591
0.08562492
0.2074298
0.2236542
0.03683678
0.004232285
0.02222494
-0.3966657
0.8980996
0.342046
0.406142
0.3470739
0.4663058
0.4470086
0.1708318
0.03315457
0.267086
0.4749435
0.4094805
0.2754881
0.1474683
0.2373233
0.2222524
0.2849803
0.2603002
0.2181366
0.2459952
0.414778
0.345021
0.01749619
0.1366876
-0.1383819
0.1078019
0.09682806
-0.03521384
0.3095726
0.00730255
0.3022256
0.3350451
0.2920649
0.2694889
0.2239958
NaN
0.1428397
0.2094402
0.06575998
0.3235867
0.1560848
0.1087071
-0.05476923
0.2593142
0.3636749
0.4626524
0.1810976
0.0003198383
0.04937073
-0.01431779
0.2852
0.3617177
0.4674949
0.5567314
0.5395166
0.3306009
0.1128145
0.1571446
0.5658049
0.5826401
0.3690772
0.2232095
0.3897871
0.4082836
0.2150503
0.2431809
0.4030087
0.3771607
0.4059879
0.1954667
0.1068752
0.2364683
-0.1085271
0.193763
0.09063959
0.06016163
0.2501277
0.02060768
0.381457
0.42307
0.2476412
0.3518873
0.3619385
NaN
0.2487338
0.2636512
0.06870178
0.3248718
0.223325
0.1416006
0.05784242
0.3219447
0.4981148
0.4845444
0.2562874
0.08873708
0.2087233
0.02257749
0.8983554
0.152455
0.1037011
0.2018053
0.2029666
-0.01882953
0.2992775
0.3592515
0.3609869
0.5350273
0.1200741
0.3873786
0.2697201
0.3062438
0.2441168
0.4202038
0.2256042
0.2750536
-0.04709841
0.2852762
0.1307049
-0.1504491
0.005248032
0.5480365
0.1057948
0.3256718
0.2062048
0.4167278
0.3185389
0.1773214
0.1495002
0.1922586
NaN
0.346488
0.1318289
0.08566702
0.2550164
0.2755104
-0.0322654
0.1244565
0.4949644
0.5633023
0.4562942
0.4620967
-0.1275229
0.09137915
0.3250672
0.1960538
0.1625133
0.2437823
0.1774059
0.08091318
0.3645051
0.3347786
0.3247012
0.4534289
0.1684353
0.3797704
0.2815163
0.2881126
0.1841548
0.3260504
0.1619083
0.2954445
-0.02235243
0.2092053
0.09860137
-0.1354525
0.02521738
0.4682527
0.05292723
0.3809424
0.2517745
0.4472677
0.3290479
0.239187
0.1998378
0.130593
NaN
0.3211187
0.1963123
0.04439705
0.2789462
0.1935413
-0.06055534
0.1157916
0.4301929
0.5033445
0.4645194
0.4477911
-0.1240502
0.1640561
0.2471134
0.9256826
0.8024827
0.8289338
0.503716
0.2189726
0.7486589
0.6541751
0.5502716
0.4357757
0.7015521
0.6494119
0.642294
0.5426494
0.3521439
0.3883163
0.2053695
0.3247193
0.2798165
0.05979547
0.06081664
0.1308949
0.2547995
0.3670083
0.2980053
-0.1293954
0.5489992
0.6661861
0.2669833
0.4606384
0.7548986
NaN
0.7314818
0.5984696
0.1164843
0.2213058
0.4508126
0.6455085
0.1718862
0.3618125
0.5958673
0.5572617
0.3239185
0.1109327
0.3533554
-0.08686686
0.8068731
0.7909021
0.471007
0.2453173
0.7115024
0.6176147
0.5081432
0.356726
0.630994
0.5727093
0.616298
0.5885502
0.3520687
0.3905355
0.307103
0.4196664
0.1814567
0.05300293
0.01338631
0.1524059
0.1508123
0.2999449
0.2279594
-0.1371149
0.453038
0.5623355
0.2408599
0.3677148
0.6143498
NaN
0.5842474
0.5076629
0.07153954
0.1689921
0.3524539
0.5506962
0.2237428
0.2608655
0.5020379
0.4461564
0.227617
0.09840779
0.2703925
-0.1006426
0.8525726
0.2644146
0.3015923
0.7854488
0.6927494
0.4775578
0.4224395
0.743323
0.7193846
0.4883134
0.436521
0.4991597
0.5497167
0.2423365
0.1779218
0.2864977
0.2551581
0.02221028
0.2471582
0.1969339
0.310195
0.1699649
-0.02865017
0.4655818
0.5033097
0.2078588
0.4497408
0.629587
NaN
0.5353003
0.456095
0.02201454
0.2415244
0.3447682
0.4236851
0.1482372
0.3983069
0.5729293
0.5140819
0.3879228
0.05509868
0.353245
-0.1480574
0.3863096
0.2089398
0.7381053
0.6611723
0.5731833
0.38931
0.7610936
0.7793808
0.5892014
0.5711473
0.5037014
0.5249702
0.1781252
0.2159883
0.2741867
0.1785696
-0.02810058
0.1072742
0.245068
0.3656975
0.133198
-0.08941666
0.4122878
0.5138645
0.1622239
0.346115
0.6494547
NaN
0.6334858
0.4677708
-0.01281473
0.08691163
0.4424555
0.5400784
0.3360968
0.3472263
0.579429
0.3725802
0.3231629
0.1417392
0.327424
-0.1840122
0.1286412
0.3266162
0.3583748
0.2675111
0.1357859
0.3777642
0.3344417
0.3794374
0.3468171
0.223735
0.06714288
0.05153736
0.3072085
0.3214588
0.1222654
0.02346452
-0.1083162
0.05208581
0.3203723
0.3090619
-0.05599664
0.3806477
0.425578
0.2168508
0.3402836
0.3811099
NaN
0.4349914
0.5685444
-0.067496
-0.02810062
0.1616325
0.5315242
0.1706833
0.2020153
0.3428086
0.2616235
0.1740015
0.3731987
0.3043991
-0.09201854
0.2998563
0.2158042
0.4198145
0.1547454
0.2802977
0.2346446
0.1941758
0.2173513
0.02268349
0.07639571
0.2510193
0.1809826
0.2651484
0.1588454
0.06642591
-0.1389507
0.3501143
0.1908955
0.3912167
0.1608852
0.3222066
0.1683684
0.3748208
0.1922554
0.08635587
NaN
0.2708154
0.248478
-0.02766676
0.1780431
0.3305528
0.2104905
0.05490901
0.2502996
0.1967024
0.3145289
0.1672027
0.1320453
0.1555795
0.1595451
0.869283
0.6303573
0.4056052
0.7709009
0.7823138
0.513305
0.5603429
0.6921803
0.6352211
0.4005117
0.324585
0.341426
0.3731829
-0.1933068
0.05489129
0.2110157
0.3105015
0.2171111
-0.02976834
0.5103845
0.6613303
0.272474
0.456845
0.5628157
NaN
0.5362745
0.4984766
0.01021985
0.2790938
0.4781726
0.4369779
0.1978234
0.4752381
0.6497423
0.5318053
0.4316124
0.1387487
0.3469432
-0.09983247
0.6563313
0.4351953
0.7503146
0.7720902
0.3653692
0.4302615
0.7658668
0.6685416
0.3183997
0.1476212
0.3812698
0.4252036
-0.1454781
0.08316828
0.2243904
0.3684102
0.1319963
-0.04002115
0.504256
0.6735916
0.2035433
0.4769603
0.5278562
NaN
0.4941092
0.4731903
0.06952155
0.2624058
0.3885645
0.3665432
0.3032075
0.4008305
0.7085352
0.5406656
0.4863292
0.1850015
0.2765174
0.02121392
0.4744677
0.7218644
0.6598563
0.4255385
0.4066349
0.529174
0.4305739
0.3312485
0.06500392
0.4063073
0.3191142
-0.1716736
0.06007261
0.4292202
0.2952704
0.307363
0.1855466
0.5593893
0.5902502
0.2853344
0.3849772
0.412105
NaN
0.5227272
0.3681089
0.122488
0.1792785
0.3577235
0.3161734
0.2262242
0.5040048
0.639428
0.4696045
0.4226065
0.0287685
0.2701122
0.1643451
0.6231082
0.4558518
0.1598145
-0.01734174
0.2502158
0.2538304
0.2871147
-0.05122633
0.2875915
0.2465111
-0.09952661
0.2191236
0.2168136
0.2324262
0.03501029
0.2249075
0.4222929
0.4263543
0.2309098
0.4503402
0.3856634
NaN
0.3472072
0.5306567
0.1316693
0.1973015
0.1437858
0.2749597
0.1414554
0.1875178
0.3349646
0.3904664
0.1297125
0.2164578
0.4312419
-0.004360685
0.8132492
0.4983887
0.4306475
0.6618813
0.5282677
0.3353439
0.1009244
0.4652092
0.3632257
-0.1229141
0.1902094
0.3039701
0.3526816
0.1338454
0.1282754
0.5643644
0.6285649
0.3340736
0.479946
0.5890619
NaN
0.5781795
0.5808946
0.08095444
0.2782759
0.4041078
0.3914772
0.3419042
0.5211903
0.7049078
0.5770289
0.5158268
0.1534336
0.4590583
0.0555872
0.3994387
0.4740557
0.7302506
0.7387444
0.2401928
0.1397364
0.266022
0.4477527
-0.1874834
0.1615447
0.1810374
0.294118
0.1059224
0.006384093
0.3754033
0.5038197
0.2226814
0.3861672
0.490545
NaN
0.4510461
0.3635185
-0.08442473
0.1792428
0.335793
0.3756564
0.3244974
0.4779417
0.6156782
0.4219101
0.3759432
0.1022093
0.3515106
-0.1421818
0.8127376
0.2652213
0.255531
0.4118364
0.6498624
0.01716292
-0.1121106
-0.1505444
-0.06738593
0.1846447
0.01789647
0.3892206
-0.2236483
0.4418106
0.4938047
0.2080053
0.1456021
0.517035
NaN
0.501082
0.4140684
0.04915494
0.06847348
0.1336024
0.4632348
0.1646004
0.3875597
0.4861384
0.3612313
0.3255429
-0.1502201
-0.1493338
-0.1429809
0.3832629
0.4412609
0.4080377
0.7586803
-0.09776866
0.006838243
-0.2387023
-0.07007293
-0.05624088
-0.1230612
0.2499628
-0.3336799
0.188594
0.3194097
0.1053382
0.01837404
0.3940231
NaN
0.328298
0.1834551
-0.13057
0.01871789
0.14083
0.3336655
0.294254
0.281245
0.3670043
0.1342092
0.2551658
-0.0905083
-0.1575047
-0.2882949
0.7710551
0.3960356
0.06961781
0.4226044
0.6000798
-0.260732
0.1866531
0.2206602
0.3126269
-0.0258622
0.1227351
0.3962402
0.4600609
0.0949695
0.2786313
0.3676138
NaN
0.2843093
0.2852881
-0.1772097
0.2395958
0.1894715
0.1162638
0.2965943
0.4963778
0.6042459
0.3348533
0.5083859
0.04753731
0.240255
0.04711158
0.3287839
0.217269
0.2079289
0.6298174
-0.04691137
0.3649153
0.110463
0.1406312
-0.01629434
-0.03911801
0.2462982
0.3033593
0.1442811
0.3109848
0.4384893
NaN
0.2441703
0.1571469
-0.1845222
0.2431456
0.1346933
0.2001039
0.2091353
0.4011877
0.4186227
0.2544599
0.3704937
-0.1240395
0.1029669
-0.1788305
0.4860745
0.01441655
0.2277629
-0.375073
0.1324784
0.04831069
-0.08918173
0.215551
0.06169291
0.2846437
0.2496261
0.133813
0.1046239
0.1691277
NaN
0.01499451
0.2072005
-0.28872
0.03904923
-0.1366691
-0.07292209
0.003044626
0.2177168
0.2245433
0.1199172
0.2220885
-0.03623387
-0.04694086
-0.1369214
-0.2496278
0.007842743
-0.312356
-0.2109457
-0.2277917
-0.2958915
0.2447268
-0.3245273
0.02546478
0.2154611
0.1672426
-0.07823468
0.1521497
NaN
0.08858534
0.1832964
-0.2823713
-0.1232123
0.02523169
0.3392669
0.1119079
0.04970135
0.02618449
-0.03795625
0.03580693
-0.08478138
-0.2665077
-0.3812258
0.6138584
0.2847919
0.123884
0.6113608
0.6448234
0.1634449
0.5000865
0.592465
0.40739
0.2004643
0.4350178
0.4195549
NaN
0.5708807
0.5856588
0.04605949
0.488564
0.4305291
0.4010029
0.2191712
0.4444591
0.3840943
0.4975348
0.4430043
0.3645269
0.5102332
0.4368249
-0.0211746
0.1943729
0.2278701
0.2507926
0.04598123
0.3484376
0.256936
0.2451908
0.1395054
0.3422109
0.2409938
NaN
0.1640943
0.3081595
-0.3452627
0.3026528
0.1655719
0.2738518
0.2072656
0.3161536
0.1989904
0.1709475
0.3733722
0.1279961
0.3182344
0.09935976
0.5583008
0.362576
0.3442772
0.2299252
0.165542
0.2249542
-0.06432113
0.2156869
0.3661341
0.237023
NaN
0.2962137
0.06519582
0.2994115
0.3217645
0.09246727
0.2054464
-0.09482751
0.1817392
-0.04203219
0.306198
0.0725283
0.1311495
0.1258806
0.3168924
0.1762028
0.1759238
0.08085077
0.1581624
0.2587611
0.008585686
0.2078253
0.5030304
0.29021
NaN
0.104021
-0.01838286
0.01704787
0.3664488
-0.199939
-0.09214174
-0.05487221
0.3278584
0.09885679
0.3232376
0.1922071
-0.025283
0.2044425
0.006909213
0.617883
0.3821769
0.4195304
0.5806658
0.4273614
0.3223492
0.422674
0.3706498
NaN
0.6432556
0.3630315
0.3242814
0.4256949
0.470222
0.4045182
0.04396179
0.5113388
0.4632887
0.5841573
0.4548493
0.1928675
0.2561477
0.5282311
0.1200482
0.2279137
0.4211256
0.3216622
0.1981376
0.393976
0.3828383
NaN
0.5223785
0.5520144
0.1563557
0.326215
0.4621311
0.4262369
-0.02842713
0.2835682
0.2963732
0.4159639
0.3149145
0.4996312
0.4142322
0.2829789
0.1325666
0.5869354
0.4543599
0.3242647
0.3526029
0.3222654
NaN
0.3805632
0.2873433
0.1190181
0.07482174
0.07886235
0.386943
-0.1602687
0.5661477
0.4380205
0.4078608
0.233206
-0.03439178
0.05574042
0.1824648
0.4498882
0.1834015
0.2470545
0.1986839
-0.0748582
NaN
0.08306924
0.1419445
0.1192402
0.167898
0.1311775
-0.06936253
0.1307295
0.359202
0.1400246
0.2364967
0.2086759
0.08395393
0.4190572
0.3571603
0.7584452
0.4720391
0.6332134
0.5705354
NaN
0.695291
0.6209257
0.2671064
0.3699978
0.3349302
0.4247333
0.1242551
0.7679328
0.7296487
0.7498361
0.545095
0.09557906
0.4246061
0.3114838
0.5161604
0.6232933
0.5754582
NaN
0.6764768
0.6180699
0.2733062
0.2431669
0.4137364
0.5804252
0.2581411
0.539087
0.8011998
0.6919739
0.4850098
0.1034492
0.2872388
0.2055775
0.6232312
0.2302387
NaN
0.3545917
0.3627671
0.1147934
0.1879746
0.3947151
0.28685
0.01398193
0.4318092
0.4127825
0.5776496
0.2046045
0.149884
0.3136834
0.06422245
0.5512606
NaN
0.5126271
0.4392793
0.2426814
0.3895968
0.2824538
0.4477917
0.03648575
0.4718402
0.5859612
0.7116603
0.3359979
0.3352222
0.450135
0.08682131
NaN
0.7356136
0.5724256
0.07862641
0.3487525
0.3371958
0.6232481
0.08077169
0.5044072
0.6005
0.5827001
0.4465005
0.190223
0.2482255
0.01614981
NaN
NaN
NaN
NaN
NaN
NaN
NaN
NaN
NaN
NaN
NaN
NaN
NaN
NaN
0.7084672
0.2257296
0.3711544
0.6137341
0.7233667
0.1775378
0.5338739
0.5932383
0.6672784
0.4978786
0.215995
0.3926335
0.217051
-0.01451101
0.2851102
0.4085424
0.6487366
0.1196864
0.306533
0.4058781
0.4942277
0.3817538
0.3045871
0.4076884
0.06392439
0.2629039
0.1911225
0.114552
-0.0161388
0.1785416
0.3211171
0.3606941
0.009556337
0.07683987
0.02998849
0.4507025
0.214229
0.1616988
0.1151475
0.3708423
0.276332
0.5907006
0.3943976
0.1678296
0.2904322
0.4208673
0.5450769
0.1868141
0.3050118
0.3806362
0.4331018
0.2943192
0.3334011
0.4957835
0.2623703
0.1843188
0.2937279
0.3908725
0.413243
0.232784
0.2971387
0.2873504
0.1020041
0.0403861
0.2709588
0.1561957
0.1041845
0.1234953
0.03755292
0.1843801
0.6836971
0.6691781
0.5693597
0.02688908
0.3440438
0.2985561
0.7492128
0.5431432
0.09728025
0.2803823
0.2846961
0.5020021
0.1724121
0.4002104
0.3758652
-0.03870914
0.1957817
0.2387278
0.4006366
0.04758021
0.1359484
