0.5465128
-0.1995121
-0.3331497
-0.3676841
-0.4343975
-0.1544182
-0.4532291
-0.3304931
-0.4821271
0.137656
-0.1238591
0.1621733
-0.02040942
-0.02856453
-0.1293357
-0.02296836
-0.1879558
0.4203595
0.2105199
-0.2459413
-0.2004743
-0.134286
-0.2248613
-0.1226607
0.1201724
-0.06439087
0.2595939
-0.1451035
-0.3430137
-0.2544801
-0.1386755
0.279417
0.07421131
-0.3900405
-0.3209801
0.4541423
0.219304
0.2259028
0.3666027
0.225039
0.3381169
0.09405724
0.1904631
-0.3905747
-0.4296533
0.2229677
0.3326999
0.03493761
-0.06064294
0.3606477
0.3198167
0.2275838
0.2554251
0.4257166
0.3889
0.5602526
0.5630788
0.4977853
0.3737019
0.1626192
-0.1379538
0.3881132
-0.04752373
-0.3016883
-0.5386202
0.06192721
0.01108219
0.3073579
0.2167542
-0.1551504
-0.3258102
-0.07455768
-0.1799371
-0.0872119
-0.005130755
0.07485877
0.01583049
-0.1804812
-0.1890806
-0.1259905
-0.3446568
0.2205799
0.1765742
0.1897731
0.1962464
0.2832432
0.4872433
0.2093127
0.2774965
-0.151663
0.2300118
-0.4032943
-0.1071489
0.2761634
0.1419447
0.1391549
0.3203999
0.4380991
0.5127004
-0.2807088
-0.1591264
-0.07921593
-0.04667223
-0.07708393
-0.09808082
0.3619264
0.3442781
0.04305555
0.07631147
0.03810373
0.1714651
0.2047029
0.2213365
0.07383103
0.03050855
-0.4151446
-0.09177674
-0.3016585
-0.2638169
-0.3514229
-0.1430871
-0.3904716
-0.3060683
-0.2384778
0.1237964
-0.2353221
-0.09321298
-0.2753911
-0.2957007
0.2045745
0.2503777
0.3713362
0.3362297
-0.3112428
-0.3396448
-0.3093879
-0.2314912
-0.2516534
-0.1437737
-0.3349785
0.02223944
-0.1686365
-0.2911436
-0.3475905
-0.2405639
0.2670981
0.1808503
-0.3498714
-0.2751446
0.2877163
-0.08850911
0.09009095
0.1648488
0.05239952
-0.01904537
0.156078
0.2631089
-0.2110805
-0.2212044
0.289831
0.226175
0.2039067
0.04131767
0.06019623
0.05438741
0.03662266
-0.02073901
0.2050656
0.1706518
0.8014079
0.8590341
0.353879
0.588799
-0.03259826
0.2688344
0.5188742
0.2557666
-0.4867601
-0.342526
-0.01100961
0.07975768
0.2410005
0.2880718
-0.2253668
-0.2828164
0.01150428
0.1303063
-0.1584787
0.1041855
0.01611659
-0.01665365
-0.03560902
-0.1243241
0.2597598
-0.1363293
0.2638082
0.1728888
-0.2161762
-0.02545047
0.104027
0.1473977
0.1483087
0.1720503
-0.127027
-0.2154079
-0.2360921
-0.2841829
0.3689255
0.0608292
0.2073706
0.2382559
0.4682336
0.4414684
-0.1079994
-0.1935699
-0.2304521
-0.1911857
-0.2815147
-0.3913018
0.214584
0.1491572
-0.02703583
-0.1402005
0.004579292
0.3285203
0.2360403
-0.0451219
-0.04811772
0.1349718
0.5596954
0.6489347
0.05159773
0.8020183
0.3729469
0.3145028
0.06429296
0.4046123
-0.1408048
0.3846059
0.1779324
0.2604326
0.2529946
-0.2511737
-0.115142
0.2843584
0.3058583
0.312568
0.407029
0.8261386
0.6503096
0.4816369
0.22308
0.2697251
0.02774194
0.2244176
0.16926
0.6251063
0.5540434
0.2299397
0.290457
0.2967769
0.1425459
-0.2075145
-0.1864647
-0.01445465
-0.3715322
-0.06873601
-0.1591474
-0.1402191
-0.3245169
0.3424736
0.07363276
-0.1974747
-0.3507224
-0.07787863
-0.3527126
-0.1762564
-0.2340786
-0.2098707
-0.01771191
-0.296827
-0.31168
-0.4021882
-0.4232276
-0.03850016
-0.3161009
0.2344129
0.04070158
-0.4842025
0.05668725
0.3150366
0.111811
0.3472337
-0.0353682
0.1221972
0.2050775
0.4216008
0.2666569
0.1873802
0.09051464
-0.00696458
-0.1737166
-0.2467691
-0.3036637
-0.01544069
-0.005335991
-0.4484061
-0.01362199
-0.2978727
-0.3779827
-0.02285065
-0.1440428
-0.1017035
-0.2176287
-0.2585121
-0.06893559
0.04094308
0.2903822
0.2845464
0.4339039
-0.2691239
-0.1005729
-0.2688257
-0.2509743
-0.3474688
-0.2396369
0.01469044
0.2950991
0.1769565
0.3145701
0.2976415
0.4028152
-0.3670691
-0.1952889
0.1369756
-0.04962436
-0.08702767
-0.06503474
-0.01839644
0.1563093
0.09534664
-0.1390681
0.5619053
0.08538182
0.5614788
0.8136366
0.07163024
0.2662009
0.2668015
0.4360792
0.1164663
0.344391
-0.01257882
0.2733533
-0.0303705
0.1727964
0.2903066
0.4665896
0.2543665
0.2389049
0.5546142
0.7369456
0.1263682
-0.1881837
-0.1278822
-0.2925528
0.09158444
0.2850235
0.3512793
0.4559352
-0.02603186
0.333998
0.1133206
0.05278601
-0.2836371
-0.3843841
-0.133649
-0.4819559
-0.1329439
-0.3746048
-0.3026034
-0.4487888
0.151398
0.04029588
-0.2891745
-0.4584845
-0.2212591
-0.2687502
-0.4427037
-0.3360358
-0.2342579
-0.02665884
-0.3528491
-0.3904439
-0.2164513
-0.3151456
-0.3792341
-0.05539049
0.01269079
0.4992537
-0.2843845
0.3502861
0.07927098
0.3390034
0.004765029
-0.03845264
-0.1134982
0.1069061
0.312203
0.3461224
0.2409258
0.2297267
0.0182459
-0.1382077
-0.3385785
-0.2233515
0.1859916
-0.03458808
-0.1036155
0.006610423
-0.2437431
-0.1870974
-0.2845053
-0.1515486
-0.3005292
-0.4805848
0.05675529
0.0812773
0.1545121
-0.01179349
0.5180027
0.1978212
-0.1591552
-0.02639962
-0.2212097
-0.3424747
-0.2672531
-0.3314752
-0.07552835
0.09277747
-0.2140661
-0.05928241
0.02193065
0.07415708
-0.5432017
-0.4143319
0.1746416
-0.06647439
-0.1825069
0.09824476
0.04824353
-0.1538
-0.01039913
0.04629556
0.1901148
0.5529693
0.4410193
0.4291443
0.283402
0.2299013
0.109387
0.3037386
0.2283817
0.385934
0.3363013
-0.05011906
0.1524332
0.03358769
0.0568903
0.1734104
0.3167579
0.5483571
0.5923094
0.4240771
0.1544215
0.1334339
-0.1459392
0.2234531
0.3284403
0.5108747
0.5310084
-0.03709363
0.1120795
0.3081875
0.1558427
-0.1862559
-0.189345
-0.03283983
-0.4025416
-0.01177154
-0.3226858
-0.2499059
-0.4006973
0.2282084
-0.04525439
-0.2846365
-0.5016478
-0.1786614
-0.2018956
-0.3645085
-0.2786708
-0.3628744
-0.1555471
-0.418616
-0.4353874
-0.4355968
-0.3832276
-0.2702443
-0.2894451
0.06987752
0.1120936
-0.3176085
0.1809241
0.3195299
0.2439628
0.1132688
-0.2330329
-0.1359881
0.09032279
0.3072089
0.315507
0.2244555
0.180822
0.1371315
-0.06331359
-0.295801
-0.2520259
0.2002019
0.0928944
-0.01665774
0.2915322
-0.1196987
-0.1219916
0.1072772
-0.02227489
-0.2190756
-0.245374
-0.1615881
-0.03277053
0.02023977
0.1004308
0.2878538
0.2648773
-0.2201783
0.01118101
-0.2576158
-0.3902253
-0.5388279
-0.3975851
-0.03408564
0.2350356
-0.06585331
0.1074217
0.0573978
0.2376689
-0.4757307
-0.33997
0.2741883
0.05005999
-0.07623122
-0.03040275
-0.01823695
-0.09811944
-0.05696468
-0.001273897
0.1060117
0.2747612
0.5165299
0.7336663
-0.1457403
0.1409794
-0.2471853
-0.05728831
0.2315611
0.1891368
-0.03070795
0.05551655
-0.2549448
-0.1929004
0.3601809
0.3107797
0.0504379
-0.04214102
0.1381022
0.148723
0.3477736
0.1898022
0.04238096
0.2298214
0.2452428
0.1403176
-0.1885158
0.143376
0.3873284
0.4385224
-0.410394
-0.311366
-0.2022239
-0.4122162
-0.2807203
-0.1530145
-0.1421112
-0.1670872
0.2124875
0.256538
-0.2955788
-0.3654492
-0.1389704
-0.1188309
-0.2978247
-0.2835489
-0.2919634
-0.3720286
-0.3874175
-0.3951429
-0.3731495
-0.1795222
-0.008835815
-0.04619279
0.1422225
0.2125526
-0.1495232
-0.1856927
0.4071473
0.5650389
0.1209638
0.198784
-0.3129328
-0.3435372
0.3341689
0.3487185
-0.1070042
-0.07215474
-0.06401307
0.1874236
0.05438955
-0.005943001
0.1132576
0.2706023
0.1934722
0.1795472
-0.06391409
-0.05774417
-0.06252642
-0.1874114
-0.06232197
-0.2677832
-0.3192104
-0.4365858
0.01664898
-0.1949403
0.02456873
0.01867363
-0.3702783
-0.2851761
-0.2009989
-0.4004692
-0.3031342
-0.2585049
0.2348714
0.1542072
0.05252712
-0.03636513
-0.08904026
-0.05029375
-0.06767374
0.08282303
-0.1904185
-0.3098629
-0.265026
-0.1741846
-0.2986987
-0.101749
-0.2548954
-0.02335742
0.5821712
0.3952379
0.1940072
0.5962095
0.03730311
0.4596869
0.1671105
0.2047225
0.2314005
-0.2164026
0.05377302
0.3109881
0.2986747
0.2330467
0.3203753
0.73448
0.5026587
0.3389775
0.1229712
0.1446691
-0.01142595
0.2447918
0.2474323
0.7198091
0.5880101
0.3324297
0.4863069
0.3758662
0.1679416
-0.3569848
-0.4225962
-0.1953483
-0.4555561
-0.2264734
-0.3901562
-0.236114
-0.3862983
0.3892192
0.1606413
-0.2434197
-0.4879804
-0.09657814
-0.482788
-0.4581735
-0.514136
-0.4658667
-0.2512849
-0.5172695
-0.5545632
-0.4083029
-0.4359816
-0.01836141
-0.3018949
0.4050923
0.1547773
-0.3327497
0.07892064
0.4406616
0.2234692
0.4573513
0.1021726
-0.05616656
0.1286375
0.4684395
0.2675378
0.1152775
0.008293209
0.03857913
-0.04824819
-0.1890924
-0.269509
-0.06277326
0.004339337
-0.4389443
0.05279855
-0.2775923
-0.4197544
-0.0983266
-0.3621996
-0.2093044
-0.3669923
-0.2891318
-0.1967604
0.03070619
0.2058718
0.1642222
0.3012156
-0.2262559
-0.08247735
-0.2569612
-0.4351639
-0.3624646
-0.2769857
-0.08482684
0.1167797
-0.01880737
0.01184566
0.06297573
0.1443053
-0.3718185
-0.09277594
0.02143749
-0.09049581
-0.2574869
-0.1521671
-0.118848
-0.04524946
-0.1398411
-0.2191437
0.277721
0.4397131
0.2988518
0.5824166
0.1257181
0.2877957
-0.1189099
0.204244
-0.002225956
0.263391
0.08539621
0.3152256
0.1664415
0.1138179
0.3798264
0.497382
-0.0133916
-0.2696669
-0.1656079
-0.2917174
0.1068512
0.3758212
0.4476053
0.4820003
0.0492189
0.5096871
0.2538467
0.1838344
-0.5083079
-0.5632151
-0.3293815
-0.5848848
-0.2948574
-0.525387
-0.3570688
-0.3758404
0.2580291
0.2995287
-0.3122389
-0.4613388
-0.1490848
-0.1080947
-0.5539674
-0.4533559
-0.3346547
-0.1568336
-0.4587313
-0.4850614
-0.3085422
-0.3674402
-0.374686
-0.09178769
0.1687732
0.5919161
-0.2629695
0.3225259
0.2322256
0.5102093
0.05559549
0.1246346
-0.2547059
0.007925674
0.3471231
0.3579739
0.1956478
0.2071173
0.023643
-0.06361777
-0.1515
-0.06734149
0.1272509
-0.04398419
-0.07273405
0.09782234
-0.3780018
-0.2981445
-0.4166426
-0.391952
-0.3622939
-0.7085527
-0.09237485
-0.09393214
0.1900662
-0.05649406
0.4863296
0.1367725
-0.2176333
-0.1023112
-0.3179148
-0.4393733
-0.3276797
-0.417089
0.09231077
0.02847173
-0.2096681
-0.172974
-0.06883909
-0.009060806
-0.507663
-0.3135617
-0.09411945
-0.1225791
-0.2658736
-0.04144011
-0.08723603
-0.2787415
-0.1626343
-0.09741462
0.4986264
0.3300934
0.02978145
0.3040247
0.02748037
0.4934321
0.2089556
-0.2406558
0.01161278
-0.1385655
-0.194625
0.2785609
0.3592275
0.1992447
0.08273522
0.1616807
0.3167575
0.3660374
0.2563894
0.3539462
0.3553109
0.4489208
0.3187232
-0.03741311
0.02549828
0.3341983
0.1594934
-0.3216203
-0.1451753
-0.2278119
-0.3041471
-0.0198447
-0.02519966
-0.3072262
-0.2167078
0.2475843
0.2258947
-0.30449
-0.3665269
-0.1249884
-0.1541574
-0.2903708
-0.2729215
-0.3376163
-0.3511721
-0.3659307
-0.3800516
-0.5024595
-0.2794137
0.04225663
-0.2903683
0.3507222
-0.02193991
-0.3277869
-0.250266
0.4137565
0.4018606
0.1784327
0.03179421
-0.2016117
-0.0300513
0.4053948
0.4189017
0.08313164
0.1164115
0.1057706
0.1420796
0.02105539
-0.03780516
0.08716268
0.1293153
-0.03038592
0.3209263
0.01212935
-0.1459999
0.1164504
-0.1783437
-0.05679774
-0.1628679
-0.3434142
-0.4549148
-0.1275996
-0.02370553
0.05271768
0.1078661
-0.4287923
-0.1751839
-0.1590119
-0.4389973
-0.4482412
-0.3527768
0.1490896
0.05104588
0.1619077
0.01554194
-0.01010566
0.1708187
-0.1475856
0.0615135
-0.1186837
0.02565552
-0.1305047
-0.3805427
-0.2743793
-0.1170761
-0.2151177
-0.2452411
0.0556824
0.3406873
-0.01623089
0.1980539
0.2451161
0.3799677
-0.008013215
0.1884607
-0.1698016
-0.08384433
0.2195076
0.1477115
0.136319
0.127739
0.147316
0.1757254
0.1294926
0.06368791
0.2121365
0.5010439
0.2929639
0.2336877
-0.265358
0.1005746
0.2948638
0.303126
-0.3095517
-0.2670944
-0.2334303
-0.3960131
-0.19492
-0.1524342
-0.2661568
-0.2957016
0.1570504
0.1850645
-0.3846196
-0.4542826
-0.2361087
-0.1902693
-0.5302502
-0.4925497
-0.4586867
-0.4764491
-0.5522845
-0.5510209
-0.372899
-0.3422346
-0.2557685
-0.1011056
0.1327158
0.2900387
-0.05063686
0.02407952
0.3456551
0.5214403
-0.06787002
0.04512002
-0.3097242
-0.2944673
0.4810399
0.5510442
0.03914897
0.1749843
0.004909446
0.2231868
0.06627885
-0.02953789
0.02336461
0.1302795
0.09224946
0.2455158
0.02386883
0.06934479
-0.1096844
-0.2340745
-0.1051757
-0.3300461
-0.3664773
-0.4430693
0.03257099
-0.1910495
0.1376122
0.1279201
-0.2238022
-0.3074928
-0.2310679
-0.4750115
-0.4408168
-0.4200311
0.2173168
0.03224398
-0.06470764
-0.08566899
-0.1686379
-0.04952709
-0.1668484
-0.0008659531
-0.2461127
-0.2119978
-0.2498122
-0.30686
-0.2609382
-0.1606803
-0.2775545
-0.1541012
0.3403024
0.8115052
0.5311636
0.2813862
0.3488807
-0.05096664
0.003999429
0.2733593
0.193031
0.03058703
0.07325108
0.4191553
0.3501712
0.2046359
0.2588222
0.07366262
0.01002882
0.3897463
0.2917673
0.4412939
0.4369522
0.2403806
0.1854088
0.111998
-0.100127
-0.0776561
-0.03568533
-0.07205377
-0.2512876
-0.02766141
0.02544427
-0.3317416
-0.4075961
0.0662566
-0.1262288
-0.334194
-0.2663351
-0.1544142
-0.2490727
-0.2055151
-0.1770538
-0.260678
-0.03071127
-0.1994534
-0.202117
-0.2371022
-0.3071738
0.1304152
-0.007152709
0.4108663
0.187909
-0.0003040297
0.1590083
0.2679246
0.1131092
0.2653283
0.1030699
-0.09626049
0.1388582
0.4885145
0.3744335
0.3814948
0.2119669
0.2269274
0.01390791
0.04842887
0.1374272
-0.1152942
-0.1421092
-0.4220789
-0.1476997
-0.1530838
-0.133435
0.05521114
-0.1135058
-0.1688033
-0.002396069
-0.03164517
-0.04731082
0.04728048
0.3040511
0.08886131
0.169057
-0.01044361
0.001790448
-0.1604858
-0.1815787
-0.1901807
-0.1137129
-0.1923916
-0.2279022
-0.01744331
0.002341869
0.1525121
0.3025656
-0.1125103
0.09484411
0.07310317
0.2178107
-0.1238961
-0.357237
-0.1057565
-0.03612746
-0.01970814
-0.1590697
0.2491042
0.5991815
-0.03354614
0.3299543
0.2841506
0.2993278
0.03448192
0.2082201
-0.08116092
-0.2272977
0.08604028
0.3295996
-0.05545143
-0.0999757
-0.2527773
-0.2883419
0.1279004
0.331824
0.1012403
0.3288192
-0.1350388
0.2231417
0.05380872
-0.02521861
-0.1980073
-0.2547495
-0.1829798
-0.402899
-0.1998526
-0.132249
-0.341604
-0.4251805
-0.1262934
-0.125123
-0.3238888
-0.2979126
-0.2775241
0.05574391
-0.325219
-0.1403189
-0.1814298
-0.04770812
-0.2186357
-0.2267024
-0.0148038
-0.06069345
-0.249835
0.313534
0.05103741
0.6366146
0.1108114
0.4075307
0.00855839
0.4016676
-0.1693703
0.1350105
-0.2682516
-0.06906368
0.3186623
0.4194316
0.2474006
0.2641778
0.1457255
0.01295403
-0.003781655
0.2473388
0.1692797
-0.02668955
0.1246593
-0.01723182
-0.1669256
0.1097778
-0.3017861
-0.1059078
-0.1861731
-0.2930207
0.04570084
0.006017526
0.2497275
-0.06463256
0.3593121
-0.01779701
0.05805492
-0.01305592
-0.1178551
-0.1101464
-0.1162752
-0.2543585
0.06197205
-0.2409004
-0.1787516
-0.1790168
-0.06961077
0.02907906
-0.2458506
-0.1631151
0.06305422
0.07767729
-0.129637
-0.1101805
0.004077661
-0.135105
-0.05863694
0.108119
0.6184156
0.3488776
0.3826583
0.04271141
0.1017993
0.1988365
0.03489024
-0.05971311
-0.04723402
0.4127621
0.412024
0.315292
0.3724749
0.1004335
-0.02913425
0.3438128
0.2765581
0.4652347
0.5056876
0.3029279
0.117204
0.09028578
-0.2097979
-0.02756253
0.03068251
-0.1410368
-0.1877917
0.04893048
0.06459498
-0.3457802
-0.3931459
-0.02064988
-0.3015479
-0.2966565
-0.247539
-0.2511685
-0.292811
-0.1572118
-0.1289513
-0.2432798
-0.01927165
-0.1103755
-0.1456379
-0.1506716
-0.2592051
0.06347833
-0.140078
0.3427441
-0.02559616
0.02800101
0.1149224
0.206988
0.03845379
0.099192
-0.1133939
-0.08851457
0.08257402
0.4716732
0.4119388
0.3825616
0.2475162
0.3698927
0.01171489
0.0713367
0.1601033
-0.05134855
-0.06400578
-0.4002125
-0.1595044
-0.1760434
-0.06060642
0.08301679
-0.1146227
-0.1469578
0.06531253
-0.07883712
-0.06740653
-0.02031481
0.3193086
0.0528832
0.1989576
-0.007472109
-0.0388676
-0.2361262
-0.08267498
-0.256137
-0.1808576
-0.1496954
-0.2430371
-0.04190498
0.06779377
0.1334745
0.3279477
-0.1816421
0.03083894
0.134098
0.2275856
-0.09159404
-0.4540423
-0.03230124
0.05859371
0.0418009
-0.1862728
0.2084984
0.654541
0.165622
0.09148874
0.1614871
0.06931835
-0.05959703
-0.07218343
0.3177605
0.5862947
0.252151
0.3451318
0.1504364
0.03565681
0.1539889
0.246093
0.2543299
0.4465913
0.01480369
0.01335751
-0.053556
-0.2590011
-0.09121531
-0.09698138
-0.2239853
-0.2310094
-0.1245197
0.1271558
-0.3284775
-0.485339
-0.2884844
-0.4880865
-0.3220048
-0.2896941
-0.4083129
-0.1975502
-0.2155509
-0.008586945
-0.1510285
0.09957024
-0.08691309
-0.0702435
-0.05334568
-0.2077526
-0.1983592
0.1568248
-0.01300713
0.341575
0.09006175
0.3423853
-0.07469455
0.06978905
-0.1569797
-0.1433251
-0.1578581
-0.03144347
0.4474115
0.5141482
0.4507108
0.2993681
0.3664538
0.08839743
-0.01361127
0.05116961
0.1128042
-0.1448511
-0.2110792
-0.2318257
-0.05439796
0.01934055
-0.1180968
0.1056236
-0.1524847
0.07503134
-0.03821232
0.1033065
0.1100975
0.1859743
0.2468609
0.116528
0.05965443
0.01038904
-0.2239865
-0.0495638
-0.2854873
-0.2773737
-0.05339111
-0.1156035
-0.09298613
0.0809247
0.1313928
0.2578865
-0.1434264
-0.06405963
0.1872758
0.1079434
-0.2488511
-0.3387442
-0.0303623
0.05385554
0.03518491
-0.02382945
0.5143337
-0.02366305
0.07991285
0.0991913
-0.04738912
0.2271864
0.2272159
0.3493791
0.183582
0.3559549
0.4243324
0.417748
0.1649064
0.6235136
0.5057476
0.3452587
0.2980487
-0.06864788
-0.1857634
0.2375674
0.1692552
0.01335669
0.2207824
0.1081933
-0.0958446
0.1062876
0.1900465
-0.2788587
-0.3838501
-0.01339513
-0.1882615
-0.3906719
-0.4354066
-0.2609073
-0.3689061
-0.04243864
-0.0492608
-0.2217015
-0.1564323
-0.2414183
-0.2040445
-0.3368065
-0.2102064
-0.01824784
-0.1668169
0.0484565
-0.1487479
-0.1302871
-0.1495196
0.3146809
0.152101
0.08122371
-0.07667318
-0.2389639
-0.2089621
0.4460024
0.3989256
0.3087224
0.1582022
0.3055837
0.2931855
0.08647952
0.06687204
0.3038849
0.2219674
0.1248063
0.3635749
0.350949
0.296785
0.3857527
0.1712094
0.1315696
0.257936
-0.1020433
-0.1564867
-0.1343827
0.03498499
-0.1402693
0.05771364
-0.1742703
-0.09070985
0.06481851
-0.1974593
-0.3660332
-0.1714731
-0.1311601
-0.04087209
0.06764773
0.07253761
0.04882896
0.1326978
-0.1656009
0.1378222
0.2336386
0.1423492
-0.04743488
-0.3121171
-0.1231137
0.01416667
0.03325675
-0.02668884
0.003024258
-0.08673911
0.009031172
0.0439762
0.1837826
0.3596874
0.3716187
0.4841578
0.2310868
0.4267089
0.4554075
0.3862995
0.2492295
0.402616
0.2339628
0.3344458
-0.2513598
-0.05347071
0.02434751
0.0915655
-0.1177857
-0.01504134
0.04942421
-0.2558736
-0.1042858
0.1789361
-0.3258466
-0.5206046
-0.2038324
-0.342651
-0.381746
-0.3945614
-0.3156024
-0.1731909
-0.1218952
0.05067946
-0.2200385
0.008452638
-0.1992278
-0.07739877
-0.3563285
-0.4141627
-0.1988952
0.006576025
-0.1647385
0.103048
-0.06574627
-0.03186983
0.08656935
0.0842297
-0.04417793
0.003596616
-0.08730286
-0.03039627
0.4212936
0.4900164
0.3371162
0.186371
0.3675069
0.3517388
-0.04014083
0.005090007
0.19772
0.01183231
-0.08631134
0.03418403
0.04922674
0.02963407
0.1114344
0.3059776
-0.02507347
0.171908
-0.1214684
0.0792611
0.07441314
0.1450705
0.02756107
0.01527476
-0.06292823
0.1061372
-0.01768275
-0.07065276
-0.3901534
-0.3141748
-0.01687545
0.1375167
0.02094445
0.1286933
0.07242728
0.2299845
-0.02547491
0.1359246
0.2195463
0.2145083
-0.1600842
-0.301351
-0.2272411
0.1126334
0.04562097
-0.1208585
0.5686826
0.1279077
0.1311411
-0.2469669
-0.2371533
-0.1473501
-0.06199647
0.1061571
-0.08814519
-0.1396582
-0.2610915
0.151815
0.2760998
-0.0704453
-0.1316582
-0.0185258
-0.01940245
-0.02787302
0.07726737
-0.07613278
-0.07161553
-0.126443
-0.2261104
-0.1758243
-0.09083657
-0.2296365
-0.1113241
-0.06515468
-0.1844078
-0.189983
-0.1895509
-0.08939712
0.1074776
-0.1242373
-0.001157075
-0.1425421
-0.01530972
-0.129956
-0.06153361
0.2840063
0.1155704
-0.1008126
0.1973318
-0.3260352
0.1515537
0.5931102
0.3629689
-0.1475712
0.09000178
-0.1679412
-0.01899639
0.09195317
0.06342572
0.02943064
0.1351531
0.2432834
0.2582841
0.1920207
0.1083563
0.03882605
0.2371443
0.3234116
0.3977363
0.4331366
0.04073435
-0.09755108
0.2193793
-0.1967721
-0.1462783
-0.1053905
-0.09329839
-0.08165381
-0.03458117
0.221783
-0.0695682
0.06854216
-0.1128879
0.009445231
-0.2697919
-0.08773707
0.01461263
-0.03452962
0.1679614
-0.01386696
-0.289889
-0.09157367
-0.07120033
0.1056243
0.1002318
-0.1359549
0.006533474
0.1890511
-0.1827111
0.02449962
0.0948898
0.2100518
-0.1130312
0.2059762
0.2941683
0.1091276
0.03667816
-0.07795297
-0.3090209
0.1052307
0.04625395
0.1275075
-0.09899018
-0.2962249
-0.4409244
0.2935378
0.4202325
0.1938003
0.08684473
0.1465656
0.1744874
0.2442142
0.120066
-0.1441979
-0.2365597
-0.2787989
-0.2394464
-0.06822404
-0.2744841
-0.1773309
-0.1690527
0.1400661
0.04038244
-0.2476008
-0.3122088
-0.0101843
-0.2064151
-0.3746557
-0.4073564
-0.3393372
-0.3086763
-0.3075243
-0.3688536
0.2214747
0.1681066
-0.2026457
-0.04516831
-0.08104722
0.1901714
0.3951366
0.5042462
0.125249
0.2511956
-0.04133684
-0.03089125
-0.2466329
-0.1553407
0.1991036
0.2702482
0.3860805
0.5166926
0.2004341
0.2221323
0.0904088
0.1591547
0.2590689
0.2767936
0.3464511
0.3606079
-0.02502824
0.1954369
-0.1906133
-0.3453032
-0.162473
-0.2965888
-0.06598654
-0.2135893
-0.01452512
-0.2767706
0.1193898
-0.1211396
-0.05568627
-0.2754811
-0.2299516
-0.2414342
-0.1530599
-0.1098222
0.03704431
-0.3236384
-0.2993491
-0.2784647
-0.149154
-0.1692229
-0.3841741
-0.2037451
0.01694487
-0.3220057
-0.1303216
-0.03842993
0.01273604
-0.350104
-0.02872817
0.1232236
0.7833076
-0.1695862
-0.1055176
0.2763874
0.1908014
0.0103309
-0.04060681
-0.2063116
0.02274589
0.3422994
0.05690375
0.06620203
0.05665381
0.3054277
0.1951428
-0.2574089
-0.2885619
0.156702
-0.1344401
0.111461
-0.03505061
-0.05141203
-0.01059024
-0.1538527
-0.1796197
-0.1491604
-0.265432
-0.04545916
-0.2011742
0.009793428
-0.3226855
0.014885
-0.08332621
-0.00496575
0.09080748
-0.02642368
-0.006501581
0.2294538
0.2851525
0.2605457
0.2508232
0.06334924
0.2202579
0.2010184
0.2674128
-0.1598256
-0.2151847
0.1137757
-0.01888034
0.3712366
0.2312939
0.1636726
0.0147633
0.2205322
0.03355147
0.02284747
0.06037014
-0.1307818
-0.08747497
-0.05257722
-0.1109948
-0.1373856
-0.2076597
0.08718701
-0.1422546
-0.1837605
-0.1918931
0.1641469
-0.03449365
-0.01734232
0.1277667
0.1585247
0.2731376
0.01016171
0.201979
0.1590067
-0.03370917
-0.02840949
0.1033852
0.1696117
0.3709894
-0.09320842
0.05265087
0.0802709
0.2190707
0.2768574
0.1496351
-0.09810194
0.1446202
0.2078529
-0.002234377
0.01214653
0.1422747
0.2898054
0.2747355
0.3011832
0.1248195
-0.06055914
0.03591649
0.3193444
0.2922076
0.01234169
-0.182416
-0.2144509
-0.05995893
0.2508552
0.08688164
0.03291957
0.09080064
0.2353907
0.3751842
-0.1862789
-0.0488817
0.01434845
-0.1474429
0.2206702
-0.2264628
-0.1270601
-0.1298546
-0.1733937
-0.2247044
-0.007037978
-0.0902476
-0.06990943
-0.1677004
0.08006467
-0.1097241
-0.00844915
-0.07851615
0.006387759
0.1111816
-0.0907705
-0.01420133
0.1171658
0.1850401
0.1721859
0.3358809
0.05866291
0.4237315
0.09670171
0.2536182
-0.1196198
0.001079495
0.1386086
0.1774228
0.4845256
0.3214898
0.1143831
0.004958204
0.1381184
0.08475403
-0.04128145
-0.03726533
-0.1793312
-0.05594046
0.02415032
-0.02850918
-0.09182695
-0.1254034
-0.1019189
-0.1129472
-0.3355253
-0.1927274
0.1589024
-0.1606438
-0.02035455
0.1978035
0.2156046
0.14961
0.06906984
0.1190204
0.1860797
-0.0179737
0.1214566
0.1849533
0.2395083
0.2871148
-0.04342815
0.00345831
0.06818216
0.1381041
0.1915876
0.1345994
-0.1288041
0.1377307
0.1228438
0.08410325
0.2102354
0.2881529
0.2032893
0.1756437
0.2231167
0.103961
0.4153465
0.2540853
0.2447891
0.3076125
0.3556321
0.472497
0.1910605
-0.0250392
0.01216502
0.20616
0.1408934
-0.0487443
0.09100878
0.3609098
0.431251
-0.167341
0.02107567
0.05691576
-0.2542325
-0.07319376
0.03554459
-0.0447319
-0.2724326
0.1997233
0.1021179
-0.3074043
-0.2038777
-0.1419452
-0.2621964
-0.07406513
-0.1807714
-0.1309696
-0.1319523
-0.1490426
-0.1912733
-0.1895111
-0.1796327
0.005277731
-0.2195458
0.05227698
-0.05229514
-0.3537982
-0.1700221
0.2972989
0.2556125
0.2769778
0.2023336
-0.08436749
-0.03003646
0.1845359
0.1477555
0.005612046
0.09903387
0.03973981
-0.01874306
0.03864619
-0.05405281
0.1403156
0.0716126
-0.0102914
0.1681748
-0.1188101
0.049644
0.1583718
0.1005764
-0.1632789
0.002328012
-0.07702274
-0.1298467
-0.1775129
-0.1027141
-0.03779895
-0.08091974
-0.2295501
0.1088144
6.376816e-05
-0.1755684
-0.2040026
-0.2465028
-0.2417675
-0.05196104
-0.09972419
-0.1316216
-0.1410374
0.02471673
0.007840878
0.02912022
-0.07125395
0.01412836
-0.03316542
-0.06555358
-0.2980817
-0.3174687
-0.2973045
-0.2317057
0.3006025
0.2960713
0.2373477
0.2696564
0.549742
0.4375985
-0.03092059
0.006194378
0.1358511
0.1336143
-0.1653535
0.07007361
0.05769833
0.2635806
-0.0912158
0.0408894
0.2001475
-0.1840595
0.05853283
0.1824949
-0.04017997
-0.08193133
0.1908011
0.07332731
-0.0087714
-0.0566678
-0.002048387
-0.1142026
0.07402004
0.101359
0.05256851
0.06917191
-0.01469019
0.001622623
-0.412397
-0.3033412
0.06921791
-0.136423
0.01948456
-0.1104489
-0.3301387
-0.4023187
0.1884317
0.1286531
0.2468535
0.1423029
0.1874539
0.1590592
0.0813265
0.07174831
-0.1416176
-0.09677186
-0.06459798
0.04446036
-0.273474
-0.259304
0.175055
0.1573378
-0.1603571
-0.01767463
-0.07164061
-0.1791717
0.14247
0.2382253
0.06189901
0.1252047
-0.03225128
-0.002168549
-0.0363001
0.1296247
-0.1228043
-0.06718864
-0.2653537
0.1141179
0.1069691
-0.1065085
-0.126901
-0.04832388
-0.04171282
0.2621481
0.1136352
0.05151886
0.02744155
0.1694082
-0.006518527
0.141052
0.1614276
0.09220414
0.03139596
0.03056844
-0.1132831
0.07647893
-0.01385227
-0.0524164
0.7596581
0.4998077
0.2396537
0.2033586
-0.05178155
0.2263326
0.2115871
0.6988695
0.7235184
0.2731794
0.4490248
0.4277543
0.2928551
-0.2219242
-0.2038173
-0.08079632
-0.4254269
-0.07553591
-0.144557
-0.1482414
-0.3651283
0.2936191
0.03792043
-0.2606395
-0.3877711
-0.1415523
-0.4160347
-0.2929544
-0.3173697
-0.3065905
-0.145689
-0.3828269
-0.4155161
-0.3238323
-0.3417853
-0.1302073
-0.2261982
0.1816662
0.1279005
-0.3198291
0.1029217
0.404369
0.259553
0.3703498
0.103005
0.01288293
0.04457331
0.5184653
0.3961939
0.3346249
0.1808656
0.05583504
-0.04227785
-0.1019619
-0.1880154
0.141748
0.02497063
-0.3819294
0.07599402
-0.2036496
-0.2012414
0.02402567
-0.1264174
-0.05944007
-0.1026811
-0.2695671
-0.1704251
-0.02378772
0.1565581
0.2260505
0.2458601
-0.2572887
-0.1549141
-0.2636975
-0.2721562
-0.3282393
-0.3103758
0.06620986
0.1095831
0.09107305
0.1072701
0.07216715
0.2141593
-0.3575227
-0.1640964
0.1079971
-0.1761694
-0.2029336
-0.1228889
-0.1729227
0.0468429
-0.03906374
-0.1385087
0.4109957
0.1622898
0.1345826
-0.08545443
0.06786018
0.1416126
0.4101173
0.6746919
0.02404505
0.2382162
0.1391407
0.07190534
-0.1685401
-0.1477427
-0.06951049
-0.3524261
-0.001294095
-0.09821981
-0.2602946
-0.4026354
0.08684073
-0.1525555
-0.2354797
-0.3120406
-0.3036161
-0.2694747
-0.2600778
-0.1541463
-0.1718931
0.01178667
-0.2343933
-0.2667334
-0.2396665
-0.352035
-0.3306675
-0.1730481
-0.05376607
0.2101404
-0.3097376
0.1717361
0.1147817
0.2555415
0.0284913
-0.09887532
-0.004731973
0.07010121
0.3323265
0.3669241
0.3363336
0.2415363
0.1711328
-0.1426687
-0.269423
-0.1762531
0.2863831
-0.03661096
-0.226663
-0.005559195
-0.2537148
-0.08382235
-0.03347845
0.1279752
-0.1290919
-0.0608954
-0.06050911
0.06424154
0.02026037
0.09726405
0.3498513
0.1684571
-0.1234515
0.07516572
-0.1892914
-0.1158953
-0.3419773
-0.3930106
-0.07360985
0.117714
-0.07738274
0.05928568
0.0463694
0.2045668
-0.4279745
-0.3751202
0.2673013
0.06547783
-0.06387471
-0.05847402
-0.09655321
-0.04698787
-0.02444082
-0.09070002
0.6182955
0.5059931
0.06428887
0.1278584
0.2152804
0.4129298
0.2965305
0.04680727
-0.01660159
0.3574118
0.230355
-0.05080857
0.1831817
-0.04479578
-0.160578
-0.04778984
0.1124526
0.1196868
-0.2117695
0.3178063
-0.1734816
-0.07654519
-0.1278916
-0.05242295
-0.2993207
-0.01697691
-0.1169845
-0.2065338
-0.1120516
-0.1581862
-0.2253486
-0.1586877
-0.2357118
-0.05433332
-0.2549344
-0.01677801
-0.1693691
0.0147465
0.03278986
0.2955884
0.045397
0.2874644
-0.04405712
0.1107732
0.1132184
0.2720196
0.164526
0.09288789
0.2253689
0.008245913
-0.2057509
-0.1681881
-0.1634699
0.1723391
0.3302527
-0.04419907
0.257711
-0.01849369
0.2536603
0.2895537
0.1085366
-0.03782295
0.1604718
-0.134861
-0.1657622
-0.02420617
0.1186131
-0.01916512
0.1242148
-0.07810334
-0.06681911
0.03559589
-0.1068257
-0.1867379
-0.1432923
-0.1736516
-0.09056935
-0.08446088
0.0003777233
0.004344703
0.1385368
-0.1426031
-0.01342554
0.212095
-0.03547526
0.02858609
0.0009184154
-0.0009797063
0.005445588
-0.1588794
-0.01217339
0.6073339
0.4966943
0.1238704
0.08646937
0.2919922
0.2504028
0.0626465
-0.1130757
0.09380804
0.007088644
0.189765
0.2523789
0.05149458
-0.04695401
-0.01652454
0.3631165
-0.03017864
-0.2394061
-0.09576769
-0.4137182
-0.1375469
-0.05507047
-0.2239761
-0.3258589
0.006604558
-0.03174492
-0.196161
-0.1222485
-0.004634601
-0.01359457
-0.00899782
0.005670489
0.2356164
-0.01738901
0.05713979
-0.221628
0.02504576
-0.1532792
0.09020547
-0.1833374
0.2257003
0.006600437
0.1188115
0.1011734
0.2998095
0.2592014
0.08333802
0.1098679
-0.01117334
0.05159731
0.03045651
-0.05838956
-0.0634709
0.04874424
-0.2134295
0.02216037
0.2338724
0.1918164
0.270942
0.2229834
0.02146682
0.4278149
-0.2279098
-0.1408263
-0.3159161
0.07075536
-0.3678315
-0.1241044
-0.02527322
-0.02254541
0.02601738
-0.01903388
-0.2041588
-0.1101658
-0.1355246
-0.1766967
-0.05646862
-0.05459554
-0.09792968
0.1426341
0.305237
0.3839562
0.04515337
0.06195576
-0.09408889
-0.2640634
-0.1421006
-0.02513808
-0.2753917
-0.2103158
0.6476564
-0.02488641
0.05116656
0.2293339
0.09630069
-0.03044992
-0.1136079
0.146731
0.2247291
-0.1030605
0.1287094
-0.009235813
-0.05220465
-0.04397909
0.2826067
-0.01928822
-0.1186613
0.1226624
-0.1121855
-0.1008988
-0.0487853
-0.07945812
-0.1879132
0.1079374
0.173716
-0.04432052
-0.00451288
0.02505768
0.0296658
-0.2792755
-0.2428089
0.1119155
-0.116731
-0.08846867
-0.2333213
-0.193679
-0.3973141
0.08935074
-0.05945097
0.2553519
0.1033196
0.0958069
0.05757462
0.1438344
0.108075
-0.09418612
-0.02936644
-0.01038142
0.04542371
-0.1372423
-0.1363125
0.1909919
0.2436012
-0.0290997
0.07860434
0.1196402
0.1016562
0.3058944
0.3292451
0.1819165
0.373626
-0.1482879
-0.1275149
-0.2206179
-0.02857092
-0.2806045
-0.133923
-0.2735967
-0.04652038
0.07265676
-0.09548427
-0.2635369
-0.1833693
-0.152728
0.06962839
0.09148408
0.01706737
-0.04921033
0.1119633
0.1668886
0.2415409
0.1177711
0.034902
-0.1194683
-0.2237391
-0.3038716
-0.001730592
-0.229292
-0.171348
-0.1455238
-0.2360071
-0.09782686
-0.1207649
-0.05484917
-0.1247646
-0.1710698
-0.07767722
0.07242518
0.05971582
0.08400485
0.1657724
-0.04557166
0.3423376
0.1578234
0.1024985
-0.1636202
-0.1917204
0.1491404
0.1580073
0.137042
-0.02582179
0.2324229
0.2287382
0.02963958
-0.005356592
0.1255735
0.2485596
-0.024215
0.08302676
0.4412681
0.1604133
-0.04291768
-0.2109536
-0.01370985
-0.4535172
-0.1988308
-0.3703707
0.2233004
0.1455555
0.3360727
0.2647439
-0.00740579
-0.09454154
-0.114713
-0.1615569
-0.05893558
0.2165126
-0.0555245
-0.2246007
-0.05858838
-0.1080641
-0.1954336
-0.1340196
0.2431126
-0.105602
0.1618663
0.3075594
0.2888036
0.5189056
-0.2390228
0.04604583
-0.2282126
0.05702148
-0.4097727
-0.1685668
0.05687936
0.1712773
0.2579603
0.1717469
0.01903661
0.1033917
0.03592893
0.2268678
0.2631026
0.1484535
0.01113177
0.0684931
0.5808581
0.5408264
-0.005373083
0.130922
-0.06572033
-0.1458669
-0.3477133
0.232626
-0.1228906
-0.2371179
0.7230783
0.2915108
0.182682
-0.01356837
-0.08764859
-0.02022287
-0.007803541
0.09438886
0.1739676
0.2068588
-0.0709301
0.1461754
0.06739291
-0.3790521
-0.3628153
0.04722821
0.04686685
-0.3555728
-0.3600028
-0.03087627
-0.1875274
-0.05612136
-0.09373008
-0.1268573
-0.06096506
-0.2083962
-0.1664896
-0.2911715
-0.1708916
-0.06109378
-0.08132073
0.02861517
0.09067035
-0.0559154
0.2242349
0.1800539
0.1413038
-0.03846132
0.06156421
-0.1065105
-0.1900227
0.3742182
0.3447267
0.4549861
0.3924472
0.2082245
0.2014356
0.1771917
0.4168567
0.1167912
0.08904889
0.1475757
0.2878854
0.1619219
0.1090193
0.01552341
-0.08303994
0.1212852
-0.148403
-0.1187563
-0.1169723
0.05378958
0.04067734
-0.07126552
0.08393466
-0.02831176
-0.1472714
-0.05526418
-0.09949591
-0.2903258
-0.1181738
-0.0742111
-0.08048775
0.0118787
0.06289882
0.2393304
0.2290918
-0.3206687
0.004121172
0.1482831
0.1556625
0.1664473
-0.2497703
0.09295494
0.0003187562
0.2671967
0.064947
0.3865458
0.2136476
-0.2044536
-0.0498576
0.1065851
0.1829016
-0.1255022
0.03716525
-0.0471828
-0.2470446
0.04340239
-0.0671346
-0.4780705
-0.3718109
0.1858189
0.1136412
-0.4344976
-0.4103056
-0.09896678
-0.1133069
-0.2300903
-0.1479299
-0.2826355
-0.07647562
-0.2829342
-0.2557894
-0.4055802
-0.4337047
-0.3982569
-0.2182962
-0.1151511
0.1511286
0.01329918
0.2265701
0.2297819
0.2761349
-0.1802609
-0.03677454
-0.3192079
-0.229146
0.37941
0.4513354
0.3497784
0.4294014
0.1375909
0.07731066
-0.003175874
0.3143227
0.2437711
0.3360167
0.2200883
0.4454203
0.05749218
0.2953318
-0.02425708
-0.1076333
-0.05716898
-0.3893627
-0.04373838
-0.1597504
-0.009619173
-0.1317432
0.1169904
0.08894668
-0.2673974
-0.3223723
-0.2065503
-0.3150584
-0.4543183
-0.3550768
-0.03455191
-0.1624557
-0.2258997
-0.1371427
-0.002106632
0.063351
-0.4986894
-0.109311
0.09187396
0.04716543
-0.0530103
-0.2793048
0.06662758
-0.1944388
0.0690057
0.03204604
0.7898419
0.4913864
0.5420039
0.5633297
0.2847476
-0.3498745
-0.3121078
-0.3389208
-0.4358788
-0.2457208
-0.3395068
-0.3086095
-0.3191475
0.350676
0.1426604
-0.2689513
-0.4185828
-0.2061635
-0.4184268
-0.4744112
-0.4409933
-0.4631078
-0.3148456
-0.4399045
-0.5225621
-0.3363292
-0.3594597
-0.03036533
-0.2396797
0.4078462
0.1740287
-0.2796527
0.09767703
0.4962672
0.3404486
0.4166547
0.1981037
-0.2999529
-0.1273739
0.5878708
0.469612
0.2736966
0.1525589
0.01045747
-0.02735706
0.03319388
-0.05398168
0.06821897
0.004125401
-0.3193134
0.09897511
-0.1206921
-0.2031064
-0.1593147
-0.4071916
-0.1777891
-0.3362426
-0.3443589
-0.3839517
-0.2216724
-0.04029213
0.07886495
0.1414326
-0.3552075
-0.3520563
-0.4688921
-0.4524293
-0.4496341
-0.4378601
0.1065085
-0.09213257
-0.09824569
-0.1579469
-0.1403933
0.01592387
-0.3165995
-0.04593691
-0.1092636
-0.3009333
-0.3900218
-0.310778
-0.2549626
-0.2160188
-0.3045705
-0.2913
0.3791555
0.5605873
0.346514
0.1787121
-0.1898578
-0.2211542
-0.1697294
-0.4088395
-0.1083593
-0.2458844
-0.3583625
-0.3469497
0.1349036
0.005837679
-0.2811485
-0.3710714
-0.3557542
-0.358479
-0.4303373
-0.3252417
-0.316035
-0.1955115
-0.3448652
-0.4257847
-0.2505543
-0.2815114
-0.1700081
-0.1742277
0.3073983
0.2219708
-0.3431174
0.0694155
0.3667386
0.361789
0.2082656
0.08618956
-0.2271091
-0.09725103
0.5035174
0.4287455
0.2825765
0.1034999
-0.006288363
-0.1264802
-0.03140478
-0.05232947
0.114601
-0.09404839
-0.3361039
-0.01868475
-0.1773015
-0.1646167
-0.1132177
-0.1820556
-0.1210588
-0.2108791
-0.2529265
-0.2231222
-0.2393336
-0.04048765
0.1219466
0.05958835
-0.2474863
-0.1780832
-0.429798
-0.2817666
-0.4151543
-0.4813063
0.1506322
-0.01516927
-0.09996498
-0.1024
-0.1393476
0.04722893
-0.3392045
-0.1893323
-0.02860522
-0.1553422
-0.3061853
-0.2753012
-0.2597922
-0.17227
-0.2711981
-0.2403946
0.674662
0.2390697
0.05689621
-0.1229014
-0.27592
-0.2333471
-0.1800381
-0.2263651
-0.2614701
-0.07248481
0.06737306
0.197292
0.08960681
0.001457467
-0.06170687
0.0371589
-0.2708805
-0.247938
-0.3005301
-0.2119313
-0.2151062
-0.09878517
-0.2131024
0.3347112
0.2836097
0.4688146
0.1887816
0.5244374
0.2393165
0.0895775
0.1053454
0.1282585
0.002266148
0.5427012
0.3213163
0.06591344
0.124008
0.1560482
-0.007441467
0.1451596
0.0070967
-0.04067191
0.04654074
0.2324946
0.0230128
-0.0406495
-0.1242433
-0.3277801
-0.2566036
-0.1811342
-0.2623519
-0.3565782
-0.4744419
-0.07371893
-0.1174049
-0.2617721
-0.1681806
-0.2675569
-0.06358567
-0.2133807
-0.03078051
-0.0464308
-0.2723445
-0.3282419
-0.1381948
0.076985
0.09689963
0.0257216
-0.3130618
-0.03362834
-0.1326003
-0.1701559
-0.1701491
0.05041331
0.1800068
-0.2392974
-0.348232
-0.2872569
-0.1378488
-0.1504672
-0.09626396
-0.2428428
-0.3476852
0.3353857
0.3711502
-0.3340407
-0.4802222
-0.1727687
-0.4707099
-0.3161771
-0.3832889
-0.1946211
-0.08503778
0.2617188
0.2849945
-0.1398288
-0.1860315
0.005713749
-0.1669426
-0.4011318
-0.4035363
-0.2621675
-0.2513768
-0.2555482
-0.3520923
0.1161489
0.1269058
0.1937952
0.1687644
0.4785065
0.4667821
-0.02762976
0.11858
0.3189129
0.3595797
0.4415485
0.4736936
0.0152474
0.03996385
0.2597927
0.12081
0.0601263
0.0007616795
-0.1105545
0.007205682
0.116226
-0.04427045
-0.031066
-0.133584
-0.2867482
-0.1701549
-0.404608
-0.2903069
-0.4524046
-0.5211005
-0.1303819
-0.3896817
-0.2478192
-0.1939165
-0.09571441
-0.08094924
-0.03883097
-0.0664617
-0.1695542
-0.2702763
-0.3623908
-0.2300351
0.01366373
-0.05883035
0.1761419
-0.1524147
-0.1193113
-0.249432
-0.2687787
-0.1819019
-0.09410632
0.09545534
-0.3637609
-0.4222575
-0.3495718
0.01841583
-0.1828723
-0.1808987
-0.2649221
-0.2698298
0.6598308
-0.6070461
-0.3680623
-0.4400979
-0.4934209
-0.4162906
-0.374439
0.0719459
-0.1565892
0.5331379
0.3805424
-0.2920588
-0.3747339
-0.05047343
-0.1175677
-0.3684026
-0.5081819
-0.473334
-0.5260562
-0.5885847
-0.594638
-0.2863021
-0.2714648
0.007250272
-0.1863308
0.3940831
0.1318991
-0.09680179
0.02869597
0.7293868
0.5753965
0.5612107
0.349759
-0.3952065
-0.1644207
0.376367
0.3457699
0.07456518
0.03989434
0.1701199
0.1185748
0.145413
-0.1206218
0.1714999
0.1387981
-0.05916932
0.3375066
-0.2957083
-0.06617102
-0.01593004
-0.4063093
-0.3426189
-0.2415453
-0.3794432
-0.4902288
0.06900176
-0.0323894
0.2186723
0.1889253
-0.2432569
-0.1912209
-0.1954905
-0.4478776
-0.1840071
-0.2624458
0.2294511
-0.01455759
0.1735588
-0.03944677
-0.06694639
-0.009458827
-0.1165812
0.004486777
-0.2701218
-0.271033
-0.3042916
-0.09852313
-0.3791887
-0.1342267
-0.3613598
-0.2427711
-0.4544629
-0.1518989
-0.08445701
-0.4908327
-0.2973022
-0.2189338
-0.04555318
-0.02994554
0.5140752
0.4920885
-0.381499
-0.2374555
0.04192957
0.110921
-0.2019621
-0.2384966
-0.3240221
-0.3443096
-0.4172465
-0.3770161
-0.2439731
-0.2325634
-0.1169317
-0.2026462
0.04973843
0.02439627
-0.005382329
-0.182208
0.6384078
0.5743819
0.4344489
0.4800895
-0.145859
-0.108445
0.1088552
0.1676725
0.01615245
0.06307276
0.03660493
0.1057831
0.2029931
0.1104187
0.372541
0.3260761
0.2388677
0.4146916
-0.3793196
0.1028683
0.06663843
-0.09767937
-0.2724387
-0.2218036
-0.2909172
-0.3997399
0.04415589
-0.10651
-0.0366211
-0.1284064
-0.3500003
-0.1562153
-0.09722976
-0.3263192
-0.1643851
-0.1257456
0.1157755
-0.0135613
0.02213025
-0.1648249
-0.1995729
-0.0997658
-0.02899327
0.06673148
-0.2426757
-0.2191066
-0.1005974
0.04959075
-0.2823603
-0.2752071
-0.278791
-0.1629699
0.6667309
0.699515
0.5834245
0.5817901
0.4668891
0.2015205
0.1998876
-0.3188284
-0.314952
0.3927085
0.470506
0.1381992
-0.02534906
0.443472
0.3990727
0.3855679
0.3488781
0.5407799
0.4523556
0.3140058
0.2979896
0.1281396
0.1051381
-0.2260942
-0.2934479
0.03223167
-0.0420476
-0.5018584
-0.6171155
-0.3025679
-0.2020518
0.2814624
0.1116818
-0.1953529
-0.3083376
-0.07335
-0.01173555
-0.3671302
-0.1811384
-0.06287871
0.1481586
-0.1952054
-0.179995
-0.04418193
-0.2154243
0.5050996
0.3547433
0.3396742
0.5206976
0.393719
0.4639898
0.3691408
0.3482364
-0.2971862
-0.03000255
-0.3849223
-0.2312053
0.3421979
0.2365655
0.223873
0.4173359
0.1910406
0.1872765
-0.2791092
-0.1538604
-0.1969827
-0.02792872
-0.09809592
-0.01358783
0.1810418
0.03519843
0.2737446
0.2733186
0.3191115
0.09043224
0.2303883
0.02913209
0.1186071
0.1864249
0.5518755
0.6322247
0.5852106
0.6800574
0.2156579
0.2347712
-0.1971532
-0.2189438
0.2859231
0.560037
0.1557376
0.2429822
0.6013528
0.5692687
0.501554
0.4121063
0.5795031
0.5592375
0.04645585
0.03051071
-0.02102647
-0.2218199
-0.3448096
-0.5519265
-0.01633673
-0.3190921
-0.2124674
-0.3660153
-0.2933612
-0.1828293
0.2053303
0.03665866
-0.2748406
-0.213471
0.05415402
0.125069
-0.1404585
-0.234763
0.05303228
0.2373422
0.03310893
0.01700719
0.1061884
0.06735811
0.370283
0.5567179
0.4973937
0.6109925
0.3828627
0.5254812
0.3680394
0.2523316
-0.2190827
0.04168545
-0.3124921
-0.2130508
0.142088
0.2095086
0.3369035
0.4584418
0.1727073
0.1179476
-0.263111
-0.2063803
-0.08185572
-0.04230778
-0.00518684
0.05925075
0.1830139
0.05370849
0.2400877
0.3350827
0.4645063
0.1241279
0.1704454
0.007622637
0.1788116
0.2050136
0.3262405
0.4493785
0.3846105
0.04391122
-0.02197675
-0.1771205
-0.0942592
0.1235889
0.2595172
0.2157512
0.06641411
0.4841602
0.3901152
0.4069691
0.3559166
0.4128345
0.4099766
0.02880678
0.1364787
0.1198086
0.03711383
-0.1973497
-0.2260703
-0.1521275
-0.1452372
-0.1910952
-0.3064803
-0.1594462
0.06415069
0.3473508
0.1053744
-0.1749742
-0.3321611
-0.04857931
-0.04074489
-0.2297732
-0.08154739
-0.1284334
0.1441256
-0.1825105
-0.1414989
0.01767912
-0.1023871
0.2249446
0.1463514
0.3177726
0.5034496
0.3643531
0.3384483
0.3260697
0.396907
-0.05024757
0.1121368
-0.2788934
-0.08896174
0.2492418
0.3631792
0.3581603
0.4944268
0.2182734
0.2592097
-0.1833644
0.08171243
-0.02925604
0.1353781
0.08793996
0.1816437
0.1586365
0.07741677
0.2984453
0.417191
0.4941463
0.1849548
0.08615827
0.1396082
0.2690158
0.1725324
0.5522297
0.5190909
0.3416661
0.4338802
-0.380096
-0.2056774
0.6182399
0.6829555
0.2447749
0.2042716
0.5748134
0.536215
0.5826842
0.3637936
0.6639134
0.6034659
0.2375954
0.2328784
0.06924614
-0.1089332
-0.2752698
-0.5096408
0.01807011
-0.212847
-0.4356419
-0.628759
-0.3821386
-0.3238761
0.09603374
-0.1150383
-0.4520847
-0.4682374
-0.08132094
-0.02783094
-0.1852871
-0.1247465
-0.01018918
-0.01638874
-0.1779996
-0.2798525
0.02916065
-0.1146629
0.5357863
0.3363762
0.3171984
0.4245292
0.5787334
0.5221491
0.4367182
0.3409555
-0.2612044
-0.02866627
-0.2897994
-0.09525917
0.3420712
0.2722612
0.3136226
0.4956963
0.3434709
0.218772
-0.2074521
0.01438228
-0.06508306
-0.03326328
-0.05874581
-0.2531009
0.2332208
-0.05144617
0.1443024
0.1635092
0.3226288
0.2258288
0.1570717
0.1321634
0.1511999
0.1951565
0.4936639
0.1463833
0.3328099
-0.04045362
-0.001060863
0.3105499
0.3876729
0.2930933
0.1595574
0.3755088
0.3838885
0.3438529
0.2738242
0.4226905
0.3094534
0.02085507
0.02042118
-0.1776902
-0.2099853
-0.2733516
-0.3105292
-0.07375029
-0.1283623
-0.3537392
-0.3231861
-0.3606364
-0.3245576
0.09948695
0.03123302
-0.1755096
-0.1869357
0.1008337
0.2014311
-0.08764706
-0.2133143
-0.08730876
0.07700204
-0.07690973
0.0489519
0.09393318
0.05705573
0.3657899
0.2864102
0.4540703
0.4455829
0.5242847
0.2916933
0.3214968
0.1124616
-0.2220204
-0.09423157
-0.06245319
-0.1094624
-0.09402915
0.06040324
0.04235113
0.1230639
0.08425427
-0.03128454
-0.1748893
0.0119435
-0.07451187
-0.04599211
-0.07500562
-0.0268324
-0.2185038
-0.3446074
0.05444129
0.02940854
0.2957662
0.1484899
0.09687662
-0.05386851
0.08280417
0.172969
0.1538619
0.2297484
-0.3329252
-0.29327
0.2193385
0.4682537
0.05133887
0.21429
0.5951013
0.6037034
0.5233475
0.3725052
0.5770794
0.5493331
0.1316212
0.119552
0.1525076
0.01167394
-0.2057711
-0.3596704
0.06585449
-0.3066741
-0.2706706
-0.3020093
-0.1969567
-0.06849229
0.2516453
0.06207295
-0.01378155
0.01214523
0.1531946
0.2207667
0.02301546
0.06975011
0.142812
0.1297417
0.007846441
-0.09121328
-0.03093354
-0.2129558
0.3142208
0.3014202
0.3300197
0.5439125
0.4379827
0.5969871
0.1902847
0.134875
-0.00436963
0.279358
-0.1232113
-0.001575309
0.01853988
0.1299642
0.1997319
0.373513
0.2526417
0.2856164
-0.03036889
-0.03887014
0.2125171
0.1934112
0.1727221
0.1999375
0.2850509
0.1511955
0.1566037
0.1514119
0.2426102
0.06693564
0.1548298
0.3055386
0.309704
0.1947341
0.6362901
0.2727514
0.1545705
0.6527395
0.5543416
0.621532
0.2839924
0.4125599
0.2127497
0.233889
0.01661266
0.2079477
0.230741
0.1155987
0.1138534
0.1876713
0.05748523
-0.1169361
-0.2131565
0.09696061
-0.1133992
-0.1755188
-0.3426263
0.2961987
0.08343453
0.2236171
0.2501694
-0.2837998
-0.425245
-0.2213504
-0.1002964
-0.2238935
-0.1183505
-0.007279223
-0.1798347
-0.1620538
-0.07987544
-0.05242565
0.01477903
0.1381171
-0.01431306
0.2352759
0.2365569
0.06008724
0.2544402
0.03814288
0.02259943
0.04496555
0.07347619
-0.06626899
-0.08001432
0.2533564
0.2219304
0.3322157
0.2154386
0.4331576
0.2138284
0.08671191
0.2364918
0.2346831
0.126767
0.03671044
-0.14331
0.3597244
0.1044545
-0.1559899
-0.04523153
0.1211824
0.3413504
-0.003799054
0.1717282
-0.08547507
0.02109505
0.3056673
0.3722227
0.7052821
0.7073006
0.581366
0.5180032
0.3725092
0.3310705
0.267141
0.0346517
0.3182637
0.3017828
0.2471373
0.1999233
0.1816926
0.02129146
-0.1629039
-0.2430462
0.1966096
-0.3004957
-0.3188959
-0.2969206
0.1355019
0.1049581
0.2182085
0.194259
-0.4217966
-0.4354173
-0.2429916
-0.09048052
-0.3188169
-0.1859848
0.07944427
-0.003726781
-0.04856537
0.008074966
0.1020221
-0.0009234897
0.1352479
0.05316501
0.06806932
0.1452682
0.1874942
0.1312743
-0.005395066
-0.1061639
-0.1965834
-0.1395365
-0.1784378
-0.1911328
-0.007900036
-0.0447564
0.08951747
0.1480226
0.3465567
0.2416246
0.1304307
0.1198114
0.1577082
-0.02491906
-0.1751124
-0.317464
0.2261154
0.03133246
-0.3166848
-0.1981901
0.1232841
0.2854655
0.0744342
0.01055573
-0.1106784
-0.06120343
0.7398197
0.05199223
-0.04146362
0.4783746
0.07608909
-0.1982868
-0.3219452
-0.385269
-0.3632926
-0.4076829
-0.4517153
-0.2999448
-0.3324827
-0.04625288
-0.2466274
0.1530721
0.1068265
-0.07238707
-0.06285636
0.3621006
0.3335478
0.557243
0.3604392
-0.04712794
0.189889
0.121393
0.03093523
-0.1542789
0.0789188
-0.1365912
-0.2023811
-0.08764225
-0.008681946
0.1163557
0.3639794
-0.008383844
0.3690218
-0.353733
-0.09736132
-0.02617063
-0.253484
-0.2217275
-0.4088458
-0.3146233
-0.4790426
-0.02521961
-0.1715058
0.1042322
0.04971373
-0.3068033
-0.2421584
-0.09815857
-0.4028419
-0.1269454
-0.2191469
0.06979073
0.03347477
0.08377344
-0.04075942
-0.1005343
-0.03687655
-0.2995415
-0.1419232
-0.3192651
-0.1855785
-0.05317412
0.008221685
-0.134164
-0.1892804
-0.2873092
-0.2597737
0.05818843
0.05809775
0.481112
0.3174019
-0.1155172
-0.2167442
-0.1274861
-0.2708854
-0.2541483
-0.2899015
-0.2818215
-0.255293
-0.1260736
-0.2103755
0.1333171
0.1520004
-0.2258575
-0.1298434
0.3202458
0.40135
0.3007945
0.4247716
-0.1216312
-0.008416889
-0.03153624
-0.05812568
-0.1416281
-0.01071095
-0.2325124
-0.08386105
0.149858
0.1559891
0.03688245
0.100273
0.004657935
0.2814382
-0.3682386
-0.2482099
-0.1157081
-0.295129
-0.1308042
-0.5102688
-0.2432571
-0.395001
0.02400528
-0.2338807
0.1465222
0.01710962
-0.3063953
-0.2163145
-0.1563348
-0.3286038
-0.07259653
-0.2118218
0.2915716
0.1240988
0.1726144
-0.0145775
-0.08187591
-0.1014286
-0.2204182
-0.2079224
-0.476544
-0.2143093
-0.06582101
-0.002157946
-0.216845
-0.1497634
-0.1355285
-0.258225
0.7591798
0.4868119
0.3181242
0.4617845
0.3968542
0.4190357
0.1938695
0.4659687
0.399204
0.2283876
0.2144795
0.1774389
0.07575787
-0.1527521
-0.2138463
-0.01728086
-0.2074691
-0.491548
-0.5303889
0.01171831
-0.05976352
0.2817211
0.248881
-0.3701351
-0.4854489
-0.2728763
-0.15427
-0.3774105
-0.1934498
-0.1146159
-0.1496756
-0.1340309
-0.1578899
-0.105881
-0.182174
0.3106754
0.01151023
0.05600462
0.2007316
0.3837584
0.2598576
0.1818692
0.1742058
-0.1415303
-0.03974233
-0.1728029
-0.07235777
0.2709318
0.1719932
0.2956412
0.3979734
0.4284779
0.1920374
-0.0321288
0.1410447
0.08659711
0.006499267
-0.1575629
-0.2950709
0.1878189
-0.02556287
-0.05977134
-0.002831271
0.2193646
0.3976848
0.1946453
0.1881705
0.004344967
0.04897477
0.464845
0.5046631
0.6843807
0.6242271
0.6569424
0.4427088
0.7631228
0.7261533
0.3029632
0.2845879
0.2031504
0.04598716
-0.1673802
-0.3446019
0.07043701
-0.2567487
-0.3834875
-0.4598323
-0.1040831
0.02105169
0.2515081
0.1309425
-0.496505
-0.5142347
-0.2152703
-0.06288504
-0.3804471
-0.2774163
0.01701537
0.09677779
-0.1667309
-0.2584343
-0.1038236
-0.2090663
0.1315516
0.2143551
0.1128009
0.3684927
0.3588228
0.3943139
0.3624129
0.297983
-0.2316748
0.03148251
-0.2992532
-0.2453033
0.2736445
0.2012324
0.2932583
0.5976671
0.5426953
0.3137926
-0.08552939
-0.06154995
-0.03451153
-0.1098238
-0.1317579
-0.152471
0.3654862
0.1206146
-0.1318373
0.1586071
0.3333916
0.3292526
0.1352461
0.04523036
0.05180569
0.03523956
0.4723444
0.3926485
0.2360454
0.1547893
0.06602107
0.2084932
0.251236
-0.002054612
0.09249233
0.1934727
0.054695
-0.1613318
-0.04085663
0.1553254
-0.02113544
-0.1603219
-0.2828748
0.2681277
0.2352436
0.3250972
0.3941784
-0.3191446
-0.4639311
-0.04170883
0.09655641
-0.1706691
-0.09567657
-0.02692959
0.07151034
-0.1162723
0.04265632
-0.01289845
0.1474744
0.006869114
-0.08339962
0.1237823
0.07575367
0.1717474
-0.00244785
-0.005804416
0.01752814
-0.06848349
-0.09736826
-0.1151541
-0.1472723
0.05391325
0.0611699
0.1872976
0.1718089
0.3225213
0.1421187
0.1434888
0.1678428
0.1729458
0.07495255
0.01737237
-0.08319495
0.1618424
0.07222005
-0.2403067
-0.03103061
0.1587915
0.2575968
-0.08926209
0.0595302
0.03689655
-0.05583395
0.4133512
0.5286552
0.3516784
0.2462079
0.3150252
0.424941
-0.0153893
-0.001253542
-0.04691736
0.1365762
-0.2855966
0.04293314
0.1544708
-0.07099175
-0.1836887
-0.0262956
-0.08763194
0.1607376
0.1827352
0.2100297
-0.4286178
-0.2168594
0.02782541
0.09583915
-0.03275534
-0.107625
0.1853888
0.3053568
0.1244973
-0.05482102
0.2354544
0.05196959
-0.1979112
0.03665213
0.02813087
0.2142895
0.04578551
-0.03121192
0.0696205
0.1218568
0.1970539
0.05576664
0.1140644
-0.08417818
0.02802109
0.1027558
0.07442992
0.2330939
0.2217117
0.1226002
0.2401093
0.147666
0.2873766
0.1285167
0.1007672
0.06407222
0.1831571
-0.05109612
-0.1730061
0.1380563
0.3059673
0.3554056
0.08911063
0.08921569
0.1722379
0.07433412
0.8469
0.8011998
0.6780938
0.7907664
0.8526817
0.07286076
0.1684603
0.2193874
0.0531476
-0.2584752
-0.4133871
-0.01192958
-0.2277044
-0.2572443
-0.4671681
-0.1373099
-0.03032835
0.3253546
0.1362452
-0.3918147
-0.486356
-0.07255847
-0.1010855
-0.1029305
-0.09574015
-0.03274342
0.1345506
-0.04302261
-0.09241538
-0.01813146
-0.1508936
0.1001961
0.1229172
0.3014866
0.5074861
0.445544
0.4654916
0.3939775
0.4447579
0.06869227
0.3221439
-0.1782997
-0.03027321
0.200218
0.3176388
0.3474091
0.7104577
0.4837348
0.4523818
-0.005557342
0.235985
0.236141
0.3097368
0.3234078
0.2285452
0.2866001
0.1827438
0.1400434
0.4000065
0.4897512
0.2839146
0.2189815
0.3829801
0.4572811
0.1497545
0.7498863
0.7293478
0.7918724
0.8566915
0.03861896
0.06991807
0.02960256
0.1184196
-0.4034145
-0.2940678
0.004119648
-0.2163475
-0.4059621
-0.4417819
-0.2832728
-0.08199391
0.2574903
0.1229376
-0.402225
-0.3467114
0.0006953852
-0.0361638
-0.09660143
-0.1299066
-0.05795087
0.2100859
0.1578437
-0.0662079
0.1189005
-0.2064809
0.1429656
0.159742
0.2325167
0.6461367
0.3930929
0.4241643
0.4176098
0.4673771
0.005136365
0.2067868
-0.122955
-0.1617902
0.06717003
0.2637676
0.2128963
0.5715035
0.2759462
0.2499233
-0.06228803
0.1841255
0.1338496
0.1980396
0.2066269
0.1548909
0.193835
0.0557055
0.2539815
0.3555299
0.3772243
0.2308178
0.2275723
0.2686189
0.4144238
0.2219702
0.7616642
0.8699312
0.8371223
0.0893403
0.172195
0.03341799
0.04564641
-0.2192904
-0.2520689
-0.1764571
-0.1163304
-0.2964656
-0.3100044
-0.3638999
-0.1647683
0.2161726
-0.05792223
-0.4207475
-0.4369038
-0.0690172
-0.1242064
-0.1988256
-0.1861617
-0.06204596
0.1031341
-0.09490192
-0.2619949
-0.06093649
-0.3388222
0.05419896
0.03807312
0.104954
0.3722353
0.456173
0.3055959
0.5759357
0.5305554
0.08936843
0.2599668
-0.02660733
-0.01588602
0.1424739
0.1893273
0.1655386
0.662139
0.4710604
0.3948121
0.07905242
0.1900036
0.1436953
0.1878193
0.2904526
0.1823091
0.1519966
-0.02297438
0.151426
0.2472379
0.3659082
0.2856606
0.2350617
0.3023031
0.4880871
0.2718607
0.7439029
0.8094814
-0.01306251
0.008807748
-0.08419008
0.009852781
-0.2708003
-0.1587488
-0.1113354
0.09166402
-0.2832769
-0.4070231
-0.4160649
-0.2979697
0.1747174
0.06052835
-0.3502579
-0.4012463
0.003193272
-0.1376211
-0.1238021
-0.2891987
-0.219433
0.04905626
-0.06298321
-0.2048084
-0.1654092
-0.3588633
-0.05337966
0.006289682
0.05590733
0.3867514
0.2747401
0.1925129
0.5248435
0.7432696
0.08446107
0.388842
0.05254697
0.03909391
0.1052854
0.1726363
0.04267878
0.500733
0.2357579
0.3058922
-0.1131141
0.1068196
-0.07557682
0.1995058
0.3802437
0.385334
-0.05306258
0.004015162
0.2889602
0.342267
0.3043437
0.1439525
0.3545204
0.1992894
0.5648192
0.3271249
0.9135055
0.2733609
0.3104812
0.1421706
0.09496005
-0.2169462
-0.313964
-0.01112874
-0.1513795
-0.4234588
-0.5047225
-0.3518965
-0.1907947
0.2109542
0.01114153
-0.4496444
-0.4730304
-0.0740027
-0.07003954
-0.2020754
-0.2186767
-0.03350947
0.1599919
-0.1185552
-0.2563344
-0.09893436
-0.3563285
0.1597089
0.1886212
0.1789405
0.442016
0.3951019
0.4186035
0.6546828
0.550835
-0.1521127
0.1633271
-0.2174295
-0.162532
0.1884119
0.2153057
0.1788028
0.6681752
0.476319
0.3835227
-0.1086734
-0.04733387
-0.08958191
0.002842391
0.05751716
0.03004674
0.2533197
0.0893942
0.1474614
0.261831
0.2850804
0.2302273
0.250129
0.1690978
0.3281976
0.1828035
0.1955572
0.2618098
0.1578017
0.1417023
-0.3188396
-0.3313192
0.05447722
-0.1384694
-0.4301218
-0.547932
-0.3552532
-0.1768528
0.2972079
0.09651037
-0.4882957
-0.4849919
-0.03925114
-0.1083452
-0.134844
-0.1402214
-0.06529983
0.1240853
-0.1317036
-0.2687473
-0.0956243
-0.3171859
0.123775
0.1244233
0.1231767
0.4791559
0.3672694
0.4539594
0.5193908
0.6471048
-0.08628372
0.2398141
-0.2168126
-0.1673746
0.2471617
0.2579066
0.2631076
0.7434977
0.4605733
0.4314751
-0.04500036
0.07545966
0.03081505
0.1370897
0.2231268
0.1755239
0.3497827
0.2510398
0.1492234
0.3779829
0.3569462
0.2033505
0.2081592
0.2214343
0.431349
0.1892393
0.812557
0.3197535
0.3866042
-0.02536214
0.03811743
0.4996164
0.1465797
-0.4469573
-0.3573484
-0.0623426
0.02585714
0.1670201
0.2388653
-0.1928123
-0.2225217
0.05831461
0.1461034
-0.1477728
0.1046029
0.1553873
-0.05430525
-0.07084148
-0.1631777
0.1418117
-0.2631912
0.1556622
0.1907718
-0.2303682
-0.07466593
0.02530825
0.2374188
0.1119853
0.11513
-0.119096
-0.1166699
-0.2107144
-0.1911748
0.3740638
0.07634736
0.1738429
0.293934
0.4854866
0.4962868
-0.1574836
-0.3415473
-0.2365217
-0.1954568
-0.2531819
-0.288227
0.2972382
0.1030924
-0.03245273
-0.1994441
-0.03072442
0.2899114
0.2332313
-0.06055899
-0.004878166
0.06265585
0.4992204
0.5007901
0.08485494
0.07129595
0.3857082
0.1094887
-0.3204798
-0.2754347
-0.0252653
0.07810035
0.2303572
0.1471807
-0.2594764
-0.3015963
-0.03889462
0.03247939
-0.1542814
0.1496274
0.1462073
-0.01269804
-0.1214628
-0.1995463
0.1747897
-0.1682048
0.2255582
0.1461652
-0.1496219
-0.06407621
0.1892657
0.2980669
0.08801935
0.1227719
-0.1611243
-0.1248264
-0.3481922
-0.2377923
0.3497042
0.08779672
0.2286593
0.3490469
0.4966786
0.5351794
-0.07528667
-0.2160575
-0.11981
-0.1260752
-0.185624
-0.2431094
0.3719375
0.2503771
-0.03540202
-0.1161356
0.06898409
0.283631
0.2053515
0.008915323
0.03093258
0.1262552
0.5336428
0.5264115
0.07478706
0.2421848
-0.09352011
-0.01086564
-0.2135286
0.5292442
0.4413457
0.3079676
0.2111322
0.01179394
-0.182445
-0.1077872
-0.1782022
-0.0371449
0.1790251
0.1742917
0.02104145
-0.2413007
-0.2159322
-0.2378025
-0.3471802
0.0526458
-0.148946
-0.1189945
-0.1287883
0.1158419
0.3465679
-0.1478058
0.06035491
-0.1412615
0.1506547
-0.437044
-0.02789262
0.2366238
0.02615867
0.1603533
0.2318084
0.3677856
0.49713
-0.00575363
-0.08315097
0.2123959
0.08686121
0.06558792
0.04196656
0.6056168
0.6462872
-0.1123252
0.06513423
0.1003261
-0.04926582
-0.06053251
0.2373697
-0.05425738
-0.1902787
0.2018538
0.6479982
0.4214856
0.3523797
-0.3345036
-0.1354792
0.1813033
0.384608
0.2412096
0.1620148
-0.01311976
-0.04785375
-0.04859386
-0.06049064
-0.02824978
0.1592929
0.1177401
0.1382096
-0.0644352
-0.1977999
0.02241091
-0.3661773
0.1196993
0.01142426
-0.2928575
-0.02548759
0.04020729
0.1874403
0.02756518
0.1993582
0.05857012
-0.08701358
-0.1556513
-0.1589293
0.3277421
-0.07621398
0.06443737
0.1307982
0.298414
0.294608
0.06970319
-0.06639988
0.1085788
0.02504635
-0.003246151
-0.06676938
0.3778945
0.3856991
-0.09965505
0.004567122
-0.03789131
0.06846759
0.0720829
0.1839957
-0.01608437
-0.006620879
0.3075136
-0.07769673
0.08149928
0.4976533
0.311892
0.457518
0.2982424
-0.1865843
-0.1079972
0.3746105
0.1639819
-0.1187438
-0.1592755
0.05855425
0.05543423
0.2252109
-0.07454715
-0.2552591
-0.2745582
-0.4343662
-0.2246838
-0.2307767
-0.2722585
-0.2148663
-0.4971656
-0.1750423
-0.1517977
-0.1640768
-0.1858261
0.008607365
0.2294223
-0.008955849
0.3151265
0.0150152
-0.1130652
-0.1824884
-0.2121449
0.1181395
0.08844299
0.1096607
-0.1229597
0.08427275
0.0003347202
-0.003067433
0.05621822
0.08934246
0.2587761
-0.3290153
-0.0296606
-0.1412291
-0.2050433
-0.1088207
0.1176285
-0.2020301
-0.3312844
0.1132567
0.5611237
-0.02068327
0.3535264
0.1824065
0.3457474
-0.1008713
0.02263528
0.2839651
0.2707739
0.1399952
0.1267205
0.02380798
0.05591919
0.07749774
0.1101596
0.08122211
-0.1292956
-0.02763816
-0.1718903
-0.1911229
-0.1730894
-0.5126921
-0.3653016
-0.1919755
-0.4239804
-0.1226689
-0.02320768
0.1967928
-0.1331354
0.3036691
0.07619458
0.009421155
-0.2426839
-0.2803314
-0.3183401
-0.05141906
-0.1236132
0.1582369
-0.07500974
0.01235848
-0.0327515
-0.01828024
-0.02466014
-0.198896
-0.0340484
-0.2085209
-0.2018487
-0.2649802
0.01065589
-0.01761262
-0.04112546
-0.1200316
-0.06956497
0.3027677
-0.1256083
-0.1348045
0.05797811
0.08206558
0.1924934
0.1374943
-0.13019
-0.04999512
0.09293137
0.1750957
0.2017654
0.2049098
0.1627055
0.1244582
0.04362694
0.2029459
0.3300829
0.03010445
0.09574101
0.3140007
-0.004186066
-0.05034495
-0.08204424
0.1775593
0.01918606
-0.03666858
0.07633324
-0.03830725
-0.2102803
-0.2415053
0.1827284
-0.1656762
0.05093198
0.05984553
0.2943765
0.3982984
-0.02629881
-0.2500865
-0.1498756
-0.1692291
-0.1198075
-0.1954793
0.252506
0.3032345
-0.1305964
-0.1732054
0.02681158
0.1522753
0.1356558
-0.03021274
-0.02929055
0.08906407
-0.04680179
0.006044815
-0.1025926
-0.0897752
-0.07111248
-0.03193784
0.08751744
0.06972466
0.2500099
0.2611547
0.1206043
-0.04261655
-0.06045132
0.08927978
-0.1044913
-0.1740722
0.02378007
-0.05162505
-0.1292658
-0.0222309
-0.2734496
-0.2178109
-0.2026868
-0.2969998
0.04812436
0.245263
0.1545716
0.008922395
0.2817077
0.1093815
0.1162557
-0.2051329
-0.3548885
-0.132781
-0.07256851
-0.06153868
0.0207787
-0.03561832
-0.195856
-0.004169306
0.1718371
0.1466825
-0.3005929
-0.1979333
-0.03967493
-0.1302977
-0.07576528
0.004390251
0.1766996
-0.1290325
0.1422961
0.1145568
0.6741733
0.393305
0.2385868
-0.3648325
-0.3510651
0.2766574
0.2623593
0.03796991
-0.06525472
0.1863317
0.1011868
0.1941887
0.01283533
0.07836418
0.06886322
-0.106075
0.3073749
-0.3900906
-0.1025796
0.1012655
-0.3415067
-0.315591
-0.2514505
-0.1900614
-0.3401662
0.1227114
0.2136964
0.07017744
0.2131744
-0.2537853
-0.09179856
-0.1934839
-0.3338748
-0.1709432
-0.1132789
0.1768631
0.02415181
0.04004594
-0.01499642
0.02045184
0.1154102
-0.1271453
0.08981322
-0.1707771
-0.04572428
-0.1056146
-0.181205
-0.2540515
-0.06004965
-0.137957
-0.2031397
0.1515498
0.2915292
-0.415663
-0.3983864
0.3470635
0.5025733
0.1121583
0.1024165
0.2582339
0.1451662
0.2108907
0.1879371
0.2918125
0.2070947
0.1734329
0.2740916
-0.4371754
-0.07703612
-0.1992351
-0.3616235
-0.3376172
-0.4647204
-0.2044135
-0.4855699
0.2502774
-0.07862511
0.3074342
0.08310017
-0.3624779
-0.2120571
-0.2279745
-0.3909349
-0.1916946
-0.2619968
0.2465449
-0.07665002
0.04366978
-0.1208496
-0.06729313
0.02174983
-0.3062184
-0.1802056
-0.188166
-0.1810356
-0.137881
-0.1076873
-0.2354035
-0.1988666
-0.1724269
-0.07434424
0.6678027
0.1358235
0.2999995
0.2230995
0.03726367
0.009155289
-0.03094266
0.009053787
0.1279052
0.181501
-0.01518371
0.0795268
0.03635731
-0.1863121
0.05696862
-0.2037192
-0.2986241
-0.006542894
-0.220254
-0.2617138
-0.01500261
-0.3806718
-0.3664656
-0.00584757
0.1167071
-0.1474086
-0.004582267
-0.07552651
-0.003486083
0.002850787
-0.2523333
0.09775186
0.09918016
0.06047816
0.03224528
0.2721336
0.01055875
-0.05862991
-0.05515723
0.2763072
0.3480706
-0.2205711
-0.1306083
-0.1419096
0.04579075
-0.2771322
0.0315612
-0.3447181
-0.3986123
0.07815816
0.09101492
0.1245774
0.05496997
0.001481724
0.03574653
-0.09666819
0.1783372
0.2775663
0.3333194
0.0970966
-0.04974488
0.04243916
-0.02181912
-0.2279358
-0.1516153
-0.2184253
-0.1063469
-0.144582
-0.1060223
-0.2768984
-0.2952832
0.04961639
-0.0914383
-0.2168334
-0.2439772
-0.03094409
0.00923742
0.03510452
-0.06811602
0.1434565
0.05143719
0.1068166
-0.07861343
0.143664
-0.1640295
-0.137491
-0.108587
0.3372445
0.3538538
-0.2689911
-0.04461368
-0.02355853
-0.005035366
-0.2910996
-0.0372479
-0.2489731
-0.3421312
0.6523172
-0.2972455
-0.3297066
-0.1655461
-0.05450606
-0.1523385
-0.1407365
-0.1022091
-0.08365956
-0.09646994
0.09099082
-0.06877314
-0.1479487
-0.03301053
-0.1316289
0.09689133
0.2121079
0.2660226
0.2733624
-0.1476579
0.1483705
0.04406972
0.1125331
-0.1836549
-0.1084678
0.06235729
0.05423128
0.1972891
0.3626073
0.1819583
0.2607516
0.06096611
0.1967049
0.315502
0.2971905
0.1918054
0.1956907
0.3156707
0.2127242
0.05207406
0.1101829
0.4060209
0.2461468
0.1307061
0.3098525
0.1949387
-0.07353385
-0.1141144
-0.2058021
0.01651522
0.1237033
-0.1303334
-0.08511911
-0.1748423
-0.1932134
0.01556466
0.09858747
-0.1269141
-0.1251578
-0.1086604
-0.2278579
0.01482962
0.07887624
-0.1095395
0.08844201
-0.2054692
0.05823508
0.03212434
0.1037169
0.06636663
-0.02505115
0.04964964
0.1448825
0.1983133
0.09574795
0.1229399
0.1624773
0.02019871
0.07631523
0.2215554
0.2279794
0.1223415
0.1980941
0.1911044
0.09592483
0.04193483
0.1331627
0.1011462
0.2156639
0.114334
0.132045
0.06822752
-0.1151646
0.8098481
0.429116
0.3567403
0.2586791
0.282441
0.236407
0.04016113
0.04572527
-0.02676088
-0.2709824
-0.1045059
-0.02316467
-0.1474632
-0.1852353
-0.343033
-0.168444
-0.1645673
-0.3428431
-0.3905104
0.1447547
0.1888171
0.2614552
0.3485034
-0.08683739
-0.218769
-0.2098684
-0.3273881
-0.2771609
-0.2051939
0.1205975
-0.1087291
0.09772941
0.1697429
0.1189915
0.2438063
-0.1968314
0.03499841
-0.08050495
-0.1554912
-0.3216605
-0.331947
-0.0587874
0.09710085
-0.01209221
-0.02961938
0.4579341
0.4518741
0.3432043
0.3077473
0.2711852
0.1569507
0.2214107
0.06596978
-0.03228682
0.02863616
-0.08233954
-0.006464703
-0.2093572
-0.2494477
-0.2538107
-0.215016
-0.3288387
-0.4444229
0.1511541
0.03806484
0.2949275
0.1745524
-0.2152865
-0.286831
-0.2874919
-0.4063615
-0.4203844
-0.3570268
0.1350993
-0.1584868
0.05928747
0.05845245
0.02001984
0.1827003
-0.2458349
-0.08203127
-0.05622966
-0.1759909
-0.2816823
-0.3385182
-0.06531498
-0.020394
-0.02235936
0.002637545
0.7589462
0.4254219
0.4020513
0.400593
0.3044535
0.283301
-0.134791
0.05709222
0.01274637
0.01235963
-0.04597558
-0.04847858
-0.04536874
-0.09674737
0.01394486
-0.06321489
-0.001378969
0.08178976
0.1463941
0.2494949
0.126694
0.02805241
0.01521453
-0.166333
-0.03094247
-0.1462382
-0.02618851
0.04697003
-0.1615113
0.007413209
0.06893969
0.1704939
0.1639255
-0.1292277
-0.1282212
0.1726083
-0.06578685
-0.04803352
-0.09479433
-0.09712073
-0.1019484
0.210421
0.06876636
0.2632471
0.2557346
0.3197179
0.3027866
0.3027711
0.03505281
0.2600419
0.1805599
0.04284073
0.2077864
-0.04471137
0.0007580513
-0.06834556
-0.04983648
-0.0456817
-0.1770289
0.01467866
-0.06841821
0.208844
0.008875992
0.04738244
-0.02431023
-0.05074498
-0.06952035
-0.1322807
-0.1196313
-0.05955594
-0.2545698
-0.130852
-0.0717833
-0.03533482
-0.01449026
-0.1850594
-0.239086
0.09413342
-0.06924669
0.1054074
0.01151597
0.04065514
-0.2108539
0.07115676
0.0812044
0.4403181
0.346814
0.1556967
0.2553202
0.1039746
0.1344038
0.1363615
-0.1610348
-0.04070452
0.06202133
-0.07297646
-0.2022803
0.09997156
-0.06693565
-0.06623522
0.3547434
0.2448024
0.2139272
0.1777347
0.02134685
0.1577747
0.0492117
-0.02152214
-0.04087307
-0.01405764
0.009247776
-0.005347573
0.1472023
0.1698168
0.2579169
0.1977607
-0.01191771
-0.01606038
-0.003175853
0.1344925
0.06566603
-0.08984885
-0.03389181
0.1217499
0.1935494
-0.02498333
0.3886135
0.1289999
0.0947493
-0.03593622
0.1477369
0.04597688
0.09220601
-0.1954746
-0.0903308
-0.10061
-0.03046652
0.1346239
-0.2636169
-0.1898473
0.1930057
0.07138402
-0.09386273
0.01509495
0.093942
0.09238324
0.09548724
0.00152612
0.003530797
0.1585215
0.1549861
0.04035856
0.1736467
0.105685
0.04409064
-0.01208443
0.2412616
0.2212103
-0.02708536
-0.05220984
-0.09913366
-0.1367144
-0.192778
0.07727406
0.1431822
-0.1809042
0.5847612
0.186551
-0.121711
0.09199828
-0.03612795
-0.0529414
-0.01185165
0.03221625
-0.1848249
-0.1545162
0.06697411
-0.2038289
-0.3292219
0.09575313
0.0729256
-0.09860427
-0.0441548
0.08590196
0.01953112
-0.05449704
-0.04801269
0.03177792
0.05496528
0.08837809
-0.2558752
0.1381949
0.02574048
-0.0868943
-0.1275202
0.2789434
0.1256058
-0.2872861
-0.1131927
0.007884004
-0.1048177
-0.08379996
0.01290673
0.01263426
-0.1812517
0.2449266
0.09082615
0.270898
0.009180887
-0.1260477
0.1646214
0.06838929
0.1067937
-0.111698
-0.08265986
0.07140562
-0.124942
0.01159009
-0.07942349
-0.1976143
-0.2903491
0.01318029
-0.02814202
-0.1105364
0.08589845
-0.05825457
-0.1018828
-0.09483146
-0.3380807
-0.07568311
-0.1419759
-0.05465112
-0.03388019
0.02949453
0.01464902
-0.00130123
0.1770991
0.1677514
-0.1975195
-0.001602954
-0.1359534
0.09086637
-0.00453244
0.4052996
0.4930318
0.3131674
-0.01710818
0.2821503
0.06347903
0.1980908
-0.1017222
0.009031237
-0.03820155
-0.1345326
0.0371963
-0.1230819
0.09643386
-0.1742236
-0.1811677
0.08575823
0.07758971
-0.1503806
-0.2154968
-0.1735579
-0.1050521
-0.1429699
-0.02441886
-0.09501471
-0.15173
-0.1618573
-0.2504303
-0.1930572
0.3023222
0.04503436
0.06103074
0.1373167
0.02367781
-0.1046686
-0.0224897
0.09850208
0.4524221
0.4828422
-0.05590082
0.2520522
0.1854441
0.01463289
0.006435595
-0.1712497
-0.154812
-0.3492204
0.002614031
-0.3353834
-0.07591047
-0.1767686
-0.4418504
-0.304558
-0.008274139
-0.2362857
-0.2222679
-0.1637493
-0.06132678
-0.1416837
-0.03002472
-0.1304358
-0.1076324
-0.1172132
-0.3246162
-0.147729
0.09972702
-0.1846562
0.03375204
-0.003310151
0.02320855
-0.1021256
-0.1330124
0.1072463
0.5201816
0.2302834
0.440838
0.1632438
0.2423953
0.02042131
-0.0446279
0.0902012
-0.1802909
0.1364134
-0.3217103
-0.05088543
-0.3286152
-0.09426924
0.04519929
0.1771179
-0.07250211
-0.03876567
0.02351613
-0.1519211
-0.0537771
-0.1770446
-0.2572214
-0.2086271
-0.3299329
-0.0993408
-0.2152874
0.1656472
-0.06941076
0.2681536
0.2962684
0.1286365
-0.250754
-0.06242092
0.2422326
0.1406561
0.3594323
0.3304597
0.1013494
-0.05464439
-0.1531628
-0.10647
-0.2993916
-0.0893532
-0.3546317
-0.04292681
-0.1774314
-0.2338976
0.04161177
0.1827154
-0.191904
-0.254217
-0.32009
-0.03154836
0.002815034
-0.1101976
-0.2479069
-0.2697825
-0.2575092
-0.2304991
-0.1868819
-0.006008851
0.02814429
0.1491666
0.08689994
-0.1726663
-0.3132077
-0.2790865
-0.1226499
0.4388618
0.3552959
0.338954
0.4196391
0.4849156
0.2402127
0.03498564
-0.3472056
-0.2786715
-0.2962804
-0.2301259
0.1880898
0.08474123
0.3262373
0.08811499
0.06522793
0.02852804
-0.1754442
-0.09918359
-0.1399908
-0.2020665
-0.3184396
-0.4109294
0.188485
0.1192736
0.223435
-0.008264668
0.02666522
0.04905131
-0.01735747
-0.05278744
-0.1867872
0.1768117
0.3633667
0.3799408
0.2142292
0.3686194
0.3637955
0.06100954
-0.3150285
-0.3330987
-0.2847476
-0.327289
0.1373981
-0.05282152
0.2619452
0.1111872
0.06014552
-0.03326592
-0.3685843
-0.4636301
-0.4090707
-0.4255725
-0.406011
-0.3537954
-0.00011667
0.03556148
0.1405726
0.09643412
0.1608201
0.1245809
0.1202061
-0.2878479
-0.2225038
0.2294898
0.5948311
0.1608242
0.5088087
0.3024871
-0.03267569
-0.1052865
0.0711049
-0.1681024
-0.1249108
-0.09637277
0.2445534
0.2242758
0.02402737
-0.04347151
-0.05701041
-0.2038581
0.1042301
0.06184021
0.01791904
-0.1035684
-0.05365364
0.130722
-0.05876091
0.2280394
0.2171574
0.187427
0.06563938
-0.1457119
0.006625819
-0.09788232
0.005786339
0.2227593
0.5703561
0.3399906
0.3636069
-0.1576985
-0.001941673
-0.2379562
-0.3493234
0.05290037
0.4218537
0.2905873
0.3309354
-0.003456842
-0.06803362
-0.3027509
0.1554514
-0.0841074
-0.01648052
-0.05997774
-0.02143376
0.1968953
-0.06924238
0.3989034
0.3839783
0.3065378
0.1201591
-0.0332696
-0.0007684184
0.03214098
0.1274601
0.4189417
0.1161548
0.1380672
-0.1422197
-0.09061108
-0.239598
-0.03142548
0.04143566
-0.06692876
0.1796511
0.3909811
0.1877659
0.1511653
0.03200358
0.140433
0.2149481
0.1211208
0.05098831
-0.001798179
0.008651832
0.0002562913
0.05160668
-0.008653997
0.3483963
0.1708758
-0.001941237
0.227191
0.1811869
0.1510532
0.2122872
0.2425402
-0.2310632
0.1039271
-0.4037939
-0.2061263
0.3734844
0.3341755
0.4906605
0.4810693
0.2780207
0.3003492
-0.2018764
-0.04913723
0.1129236
0.06615399
-0.03255423
0.009893293
0.5560201
0.3357657
0.2620549
0.297907
0.2644215
0.05012406
-0.1287452
0.1747788
0.02885097
0.04957232
0.5288187
-0.02589909
0.04055197
0.005091539
-0.1451116
0.2439365
0.2492565
0.2634112
0.3563259
0.391104
0.2431937
-0.2793785
-0.1380733
-0.3720395
-0.2612563
-0.1144897
-0.1831374
-0.03628497
-0.1246537
0.3160736
0.3177177
0.2158822
0.2722238
0.2266531
-0.07332845
0.1392359
0.3327857
-0.03963331
0.2378151
-0.07011161
0.01996011
0.3807283
0.2855715
0.1726792
0.4886596
0.2030049
0.2778759
-0.2634829
0.0267329
-0.2477069
0.0372089
0.2067874
0.1999318
0.04533745
0.1152381
0.3338535
0.4212574
0.2472493
0.1092763
0.2033539
0.09171294
0.3682303
0.252648
0.6244423
0.5647734
0.4917009
0.0926352
0.1900422
0.1338811
0.01736753
0.24817
0.344785
0.2180408
0.3130932
0.4369299
0.5004936
0.593792
0.4362265
-0.06946221
-0.1280862
0.1088451
0.08445591
0.171185
0.3149888
0.3753585
0.5257579
0.5366891
0.2919706
0.2948847
0.5633922
0.1846737
0.2934293
0.08065036
0.1943406
0.2801664
0.5149765
0.05346298
0.278389
0.3601049
0.5494339
0.6387179
0.6238436
0.1126126
0.2171417
0.1711387
0.2908109
0.1597644
0.1786967
0.382145
0.572018
0.5615029
0.1914144
0.6211531
-0.2024395
-0.04447815
-0.1854223
-0.2372484
-0.06671587
-0.1273699
0.386639
0.2930353
0.3420129
0.4455253
0.4604063
0.3658191
-0.3954157
-0.4930097
0.06062486
-0.07239699
-0.06890311
0.1317126
0.1733884
0.2423025
0.3101828
0.1655179
0.02894279
-0.03356627
-0.1019667
-0.08180796
0.01278231
0.1738228
0.2141215
0.3117869
0.4163325
0.6218356
0.5624843
0.4677001
-0.2419564
-0.1837723
0.06651943
0.07611976
0.05398137
0.01749222
0.2818666
0.5348626
0.4158325
0.02247463
0.5289114
0.5705395
0.5238886
0.4230607
0.3872709
-0.2301574
-0.1334607
-0.1233689
0.04183943
0.07238991
-0.03979982
0.3478483
0.2327991
0.2345187
0.4608776
0.3257641
0.2245272
0.1816141
0.1755582
0.1266619
0.1914986
0.6004259
0.4526467
0.2618184
0.1647946
-0.2792141
0.1633278
-0.02328738
0.0970759
0.03897037
0.007833623
0.291243
-0.01821495
0.4411595
0.6352665
0.3820653
0.3101753
0.01008243
0.1315386
0.06755241
0.01967069
0.5323364
0.4927333
0.382703
-0.2198902
-0.04353307
0.06160584
0.02288476
-0.02732995
-0.0919444
0.4185329
0.2698806
0.2735821
0.5443108
0.5114536
0.3586139
0.1224995
0.1706566
0.07934036
0.1544218
0.5638052
0.4540109
0.01641934
0.06935624
0.08926737
0.1808892
0.1955351
0.1439834
0.4061256
0.223106
0.2155547
0.4920615
0.5572779
0.2871369
0.1226286
0.303747
0.3754418
0.1167716
0.7448878
0.08844635
-0.03628722
0.1293538
0.03192011
0.09096585
-0.08889723
0.432298
0.2830378
-0.1133209
0.06938299
0.2426664
0.5819179
0.2050245
0.3063697
0.1831453
0.1995663
0.005554213
0.0009522375
0.1827674
0.2194586
0.3114807
0.1687486
0.3990593
0.4419151
0.09783535
0.09176172
0.2632329
0.4311645
0.3952133
0.3666898
0.4223426
0.2908576
0.4272581
0.5936323
0.4378365
0.3319916
0.237232
0.1434376
0.04758307
-0.3055579
-0.2523421
-0.128188
-0.03550612
-0.2040984
0.3730473
0.1704627
-0.0699019
0.528427
0.6121411
0.4468117
0.2784954
-0.0009863531
-0.1690733
0.008170485
0.05801056
0.1144536
0.1873258
0.01007117
0.4766778
0.307243
-0.02790055
0.7789125
0.60672
0.4722354
0.2329488
0.1267098
-0.09462353
0.02817069
0.1050399
0.07642085
-0.07336292
0.654204
0.352424
-0.07553266
0.7799022
0.6564445
0.0470011
-0.006458258
0.105024
0.1956013
0.1765948
0.01660296
0.2148899
0.7619453
0.6321344
0.08964768
0.815919
-0.01783429
0.03661742
0.1793569
0.2177793
0.2110399
0.04051317
0.2896568
0.6078064
0.7199181
0.2825754
-0.05102324
0.09638997
0.1335778
0.3156563
0.1980652
-0.136128
0.1545402
0.4159229
0.6030813
0.1204826
0.6665945
-0.1334913
0.1807246
0.09835815
0.04491278
-0.1995539
0.1804272
-0.1261751
-0.1960367
-0.1795635
0.1762512
-0.04754827
-0.1620681
-0.1408766
0.1193158
-0.08430424
-0.1742604
0.4022576
0.2286557
0.07339972
0.2027007
0.1506196
0.2891737
0.4448952
0.5840996
-0.06957293
0.1033885
0.1549766
0.215528
-0.0666727
0.313599
0.2550374
0.1353768
0.3001675
0.05991157
0.376166
0.1558867
0.1353139
0.3414307
0.3010486
0.5230248
0.4948072
0.583221
0.1859639
0.4129634
