0.4618442
0.2589904
0.1229305
0.09611262
-0.0841728
0.2582612
-0.09627528
0.1642642
-0.07222326
0.4301867
-0.02949413
0.1580103
-0.2990197
-0.04791801
-0.4111216
0.3528622
0.2489958
0.4722232
0.3864513
0.1387389
-0.04142293
0.07148667
-0.06711401
-0.1782788
-0.1992813
0.03806959
-0.120683
0.3100198
-0.0115622
-0.09013278
-0.1565474
0.2029148
0.1516593
-0.04641163
0.09850898
-0.1690873
0.009082816
-0.1962963
0.02308802
-0.0641272
-0.1462742
-0.155386
-0.2179964
-0.1052518
-0.1295409
-0.2720528
-0.2455814
-0.3211308
-0.3444676
-0.1406957
-0.2182363
-0.1280342
-0.0959276
-0.130838
-0.2057207
0.4512727
0.343458
0.279337
-0.02457438
0.463519
-0.03026549
0.1861251
0.174096
0.1818696
0.09678148
0.06584079
-0.09659403
0.2631838
-0.09072305
0.008040749
-0.04250842
0.1502751
0.3059287
-0.03593851
0.1735797
0.2223206
0.03273538
-0.01150034
-0.200127
0.0505964
-0.1576815
-0.2111623
-0.239705
0.2338581
-0.3835148
0.1962501
0.05335269
0.05086877
0.07075791
-0.2781694
0.1366619
-0.2205188
-0.06515999
-0.0959101
-0.2345758
0.1333113
-0.05198451
-0.1065727
-0.08969692
-0.3875409
-0.2367875
-0.1933699
0.1626871
-0.281038
-0.1672161
-0.09815553
-0.008331731
0.03859593
-0.3535419
0.06055955
0.2071793
-0.1452731
0.2347897
-0.01743592
-0.1794354
-0.0541862
0.09245681
-0.05553777
0.007829446
-0.05217657
-0.1490769
0.01160875
-0.1417513
0.1398249
0.003052652
-0.1411631
-0.3777819
-0.1695373
-0.3578523
0.4860179
0.5745667
0.2554754
0.4230633
0.1061838
-0.02254897
-0.1651568
-0.1366978
-0.3180506
-0.1401358
-0.03281983
0.05197104
0.3407801
0.215356
-0.005333583
-0.102868
0.2070553
0.03889314
-0.1596833
0.1577312
-0.2798506
0.1992747
-0.2677478
0.1170306
0.05905561
0.08391726
0.03431323
0.01756212
0.09799169
0.1460947
-0.09777075
-0.1453364
0.009515045
-0.1021075
-0.2097587
-0.1742819
-0.1067662
-0.09871415
-0.2429591
-0.1730904
0.7309881
0.7526106
0.08593152
0.02465891
0.1254485
0.02591142
0.3148824
0.3399559
-0.2667065
-0.04251497
-0.1530346
-0.1701126
0.09435706
-0.1459319
-0.1223815
-0.1151469
-0.007760554
0.07905463
-0.08064944
0.2090113
-0.06672214
0.08105577
0.0662769
0.07895598
0.2782216
0.1519656
-0.2547352
-0.2820289
-0.10799
-0.1559138
0.06198609
0.03822936
-0.1487154
0.01314003
-0.2749568
-0.05875074
-0.06785053
-0.1615533
-0.1370906
-0.3729016
0.04943679
-0.005649426
0.0867748
0.2023978
-0.2039778
-0.2266203
0.03607071
0.08531807
-0.03801062
-0.1176258
-0.1357771
-0.1970084
-0.03205205
-0.4128085
-0.0119264
0.3203555
0.1857866
0.1191002
-0.000679035
-0.03135706
0.1796281
-0.04268412
-0.3943369
0.5168728
-0.4810796
0.1520853
-0.2336849
0.18757
-0.44335
0.2498442
-0.1746378
0.5442796
-0.151873
-0.1493345
-0.2139325
0.52777
-0.03004333
0.09894785
-0.2295283
0.5995772
0.1993531
0.5651504
0.2690883
0.3082149
-0.2212529
0.1879208
-0.037769
0.4777326
0.2868557
0.1748438
0.08956543
0.1691751
-0.1801878
0.1871071
0.01738221
0.03423823
0.007999262
0.09136774
0.02893829
0.1175133
0.04867192
0.003165346
-0.1746207
0.1007364
0.01305903
-0.07486946
-0.4124028
-0.06044561
-0.01267469
0.05077888
0.09525562
0.08369923
0.05612374
-0.04942888
-0.2970955
-0.176372
-0.4261193
-0.08603269
-0.4705788
0.101147
-0.358141
0.5504766
-0.08879505
0.1732013
-0.1720487
-0.2127804
-0.2321745
0.05171375
0.1211426
0.2621311
0.2558357
-0.11345
0.2288193
0.09570252
-0.03921254
0.06057889
-0.16806
-0.01157187
-0.2646625
0.1537584
0.02919201
0.3905243
-0.182723
0.4436342
-0.007116814
-0.00454485
-0.2459056
-0.4041547
0.03474
-0.2836648
0.250173
0.09382994
-0.04421735
-0.1787339
-0.2287218
-0.2441636
-0.1011829
-0.2444627
0.1149046
-0.2387359
0.08484692
-0.1568867
0.1158426
-0.2326593
-0.1241749
-0.09588828
-0.1951066
-0.3183345
0.03725575
-0.06722541
0.001390686
-0.2164613
-0.3182995
0.05350042
0.1084482
0.4990407
0.4707881
-0.1569991
0.007848543
-0.3207519
-0.1365027
-0.2872876
-0.158112
-0.442337
-0.2277903
0.1057141
-0.04423151
0.01319246
0.4285336
-0.05725313
0.08925621
-0.1322328
0.5726728
-0.03805619
0.2729226
-0.2774155
-0.07656784
0.05072071
0.1465249
0.05061911
0.4168736
0.3059969
0.484459
0.2597558
0.2192065
-0.4897715
-0.2161283
-0.4160756
-0.3638006
-0.222583
-0.2325389
0.006755362
-0.04327491
0.2690883
0.1266288
0.06898758
-0.09948781
0.258944
-0.3000514
-0.4453981
-0.438239
-0.4318504
-0.3353791
-0.5178571
-0.3214648
0.1814801
0.08886386
0.3339719
0.09375
0.1645564
0.2908224
0.3904317
0.5385121
-0.3206706
0.2017139
0.1916441
0.2728497
0.1363979
0.1515477
0.02196179
0.1231022
0.01580559
-0.04079524
0.1005416
-0.1427336
-0.1026047
-0.09371793
-0.007822233
-0.2014469
0.2940892
0.09217957
-0.2531958
-0.1912207
-0.3706568
0.1706028
-0.09596221
-0.08888149
-0.1897554
-0.2338824
0.198543
0.07523756
0.1479795
-0.06978819
-0.09854658
-0.1546797
0.08782031
-0.2488274
-0.03587446
-0.4090333
-0.104443
-0.2122501
0.2795971
0.230636
-0.3152897
-0.1540753
-1.661787e-05
0.09763286
0.1044891
-0.1225288
0.2421369
0.1036525
-0.1655783
0.003248411
-0.06011484
-0.06624085
0.5086538
0.1120676
0.2717112
0.5969584
0.5253887
0.1270094
0.1857053
0.3159072
0.2821144
0.07971563
0.1831884
0.2499965
0.1136336
0.0828747
0.0855358
-0.1842286
0.1429872
0.1656838
0.06872271
-0.02444859
-0.09504957
0.2116093
0.3826201
-0.1745776
-0.07651654
-0.2182211
-0.05699263
-0.254683
-0.2270296
0.126097
0.01307743
-0.06662661
-0.3011772
-0.3682644
-0.0723625
-0.1360299
-0.1158551
-0.2370958
-0.2947294
-0.06555092
-0.1787552
-0.2298014
-0.2146523
-0.1652775
-0.1728181
-0.04436683
-0.1109188
-0.09203416
-0.0703803
-0.06971428
-0.2386855
0.07228981
-0.001041141
0.1014924
0.2179684
0.1856221
0.2203881
-0.02083472
-0.0009621128
0.1456493
0.2355286
0.1801179
0.08418139
-0.03733691
-0.1011555
-0.1285783
0.1205065
0.04046328
0.2102197
-0.2094453
-0.06552554
0.0007878629
-0.162036
0.06100903
0.192439
0.1400048
-0.08434365
-0.2554965
-0.1756753
0.1340379
0.0619181
-0.05226614
0.135864
-0.1229979
-0.3378677
0.1137072
0.07320476
-0.03646873
0.1601251
-0.06776464
-0.05844353
0.08896905
-0.2175466
-0.1036065
-0.1304249
-0.07324248
0.05681669
0.03582051
-0.04262369
-0.1768385
-0.3501093
0.3949695
0.2086948
-0.05752299
-0.07937826
0.1174868
-0.01024796
0.006728418
-0.2584193
-0.05753441
-0.2130098
-0.03280178
0.5320357
0.34083
0.5434081
-0.03446644
0.4261729
0.05208202
0.3001849
-0.1810151
0.2405519
0.1745102
0.0508767
-0.1320419
0.03238377
-0.01562129
0.3690388
-0.1750429
0.08831294
-0.2422442
0.08495949
0.02282628
0.6238632
-0.2380443
-0.0002972819
-0.1700991
-0.07582663
-0.3809943
-0.1547894
-0.1913029
-0.007029177
-0.08319747
0.02333737
-0.4447017
0.08127376
-0.07304101
-0.0351203
-0.2016927
-0.1366787
-0.01745798
0.03146687
-0.137819
-0.09629703
-0.05766335
0.04336198
-0.07978384
-0.09216937
-0.2063296
-0.1528597
-0.1560262
-0.2594329
0.1157254
0.1457051
0.04951098
0.370766
0.1112792
0.4399331
-0.1104094
0.1693279
-0.2862281
0.02389679
-0.1706153
0.04407606
0.09987734
0.02576273
0.2048391
0.1841806
0.03638009
0.0670997
-0.06356833
-0.2196412
-0.03930087
0.03620396
0.06831655
0.1183525
0.05960221
-0.07100067
-0.3671739
-0.0786512
-0.247959
0.08105797
-0.21062
-0.0003330087
-0.1800585
-0.1338957
0.3462086
0.07084106
0.1116265
-0.08808751
-0.2124995
-0.07062393
0.05729016
-0.183067
0.1398635
-0.03873617
0.1118093
0.1128651
0.1962525
0.05229066
-0.1976511
-0.3724116
0.380854
0.05196299
0.06772015
-0.1576664
0.1708637
0.03363691
-0.1508397
-0.07069451
0.1213983
-0.05280502
0.124744
0.1602081
-0.05917128
0.2023751
-0.3116077
0.2059593
-0.2557361
0.0642158
-0.2449221
0.05746174
-0.1828863
0.2519915
0.08740487
-0.07993358
-0.09614259
0.2342855
0.2888948
0.1906873
0.2785336
-0.0309157
-0.1044228
0.1934967
-0.07943295
0.2391917
0.3288975
0.1070461
0.2324491
0.161955
-0.03319817
-0.1279044
-0.2187786
-0.2347092
-0.2402655
-0.05124529
-0.1823335
-0.02514974
-0.1219669
0.05753021
-0.02438162
0.03536043
-0.1263794
-0.1011874
-0.3453909
-0.3162977
-0.24114
-0.3004116
-0.1975745
-0.2626463
-0.2496301
0.00389313
-0.1311985
0.1871629
-0.005245246
0.2501513
-0.03167264
0.3232672
0.164545
0.2322279
0.1604549
0.2612407
0.1352898
-0.05713958
-0.0006698072
0.1108788
0.08774672
0.2292827
0.005817734
0.06389076
-0.01595399
0.03585376
-0.1067004
0.1012778
-0.257814
0.03350302
-0.2570879
-0.1778442
-0.2292235
0.05926409
-0.1018316
0.1060418
-0.1461637
-0.008434298
-0.1114165
0.08138471
0.2230616
0.03970156
0.2140036
-0.05677167
-0.204598
-0.1377748
-0.3306989
-0.1842842
-0.204349
-0.2782012
-0.05779104
-0.01819311
0.129161
-0.285747
-0.02830084
0.005892027
0.05544755
-0.07969167
-0.1691598
0.01051709
-0.1320253
-0.05087728
-0.02476613
-0.1273084
-0.2799402
0.03634009
0.4538463
-0.3172628
0.4721494
-0.2264528
0.2316771
-0.5893907
0.1512914
0.0606698
-0.1175628
-0.368732
0.2676402
-0.1385183
0.3025637
-0.3851842
0.3162148
-0.4631695
-0.05945692
-0.4263704
0.2217752
-0.1571136
0.06631239
-0.2111086
0.2051254
-0.1110447
0.2564924
0.08473133
0.1647444
-0.4364699
-0.2929156
-0.4109038
-0.3284059
-0.4043709
-0.396178
-0.2659051
-0.2478921
0.06659235
0.1610186
-0.09766711
-0.03518287
0.1636752
0.1909961
-0.1288849
-0.1978617
-0.2237644
-0.2582607
-0.2876393
-0.1993852
-0.06842833
0.009718881
0.3834985
0.5750525
0.2833937
0.7259488
0.03139912
0.5353919
-0.5451113
0.1654785
-0.04992326
0.3875925
0.2781931
0.308278
0.1495057
0.2079348
-0.06555028
-0.1290742
0.1413005
-0.3036304
-0.1616374
-0.1435712
-0.1504432
-0.08013602
-0.02844598
-0.004085452
-0.3533849
-0.2293057
-0.4653347
0.2315395
-0.3423914
-0.09494061
0.02620419
0.1055101
0.4976957
0.06749031
0.1864908
-0.1602132
-0.205597
0.0582239
0.136587
-0.1195057
0.07549299
-0.3310075
0.1654497
-0.01668554
0.3495286
-0.0778529
-0.3510635
-0.4085459
0.3788933
0.3210044
0.2958167
0.06959314
0.4057932
-0.2054909
-0.2596379
-0.2531772
0.06045505
0.06061143
0.5917922
0.438117
0.2300954
0.4836364
0.2824501
0.3846792
0.3805324
0.1848731
0.08155556
0.2179904
-0.002486928
-0.2225555
-0.08844972
0.3227068
0.0009364413
-0.01923388
-0.2357238
0.1801893
0.3065216
-0.1188207
-0.1589868
0.08036239
0.03678354
-0.2237422
-0.2798492
-0.09724972
-0.2349187
-0.005901088
-0.1611718
-0.2457786
0.03469016
0.009822819
-0.1009981
-0.481005
-0.4333235
-0.3509203
-0.4079366
-0.390292
-0.4074172
-0.4059949
-0.1075176
0.07299406
0.08215625
0.09195163
0.0613157
0.07031851
-0.1021886
0.07749512
-0.01813628
0.03061902
0.2024725
0.3026791
0.1540027
-0.05314431
-0.2115412
0.2513169
0.1718534
-0.03079005
-0.1865564
-0.0122144
-0.04493924
-0.1450983
0.0844518
0.1357781
0.2671008
-0.225134
0.2367848
0.05340686
-0.08399201
0.005267941
0.1070358
-0.06093411
-0.2296604
-0.07963307
-0.2377306
0.294785
-0.07722169
0.06917232
0.2347419
0.02102811
-0.08197431
-0.08659217
-0.1099128
-0.2158196
0.009640799
0.2180016
-0.09899696
0.07053862
-0.1073442
-0.2616894
0.006547851
-0.07174814
0.08840694
-0.2368853
-0.08862608
-0.1309878
-0.255024
0.1739301
-0.002402616
-0.1324957
-0.03300375
0.03568927
-0.1628624
-0.01437313
-0.2671693
-0.2430397
-0.244148
0.04342174
0.3179667
0.1208765
0.3566709
-0.02761387
0.5646695
0.1317403
-0.08595078
-0.08649493
0.01470524
-0.3872949
0.01227092
0.1937236
0.2601192
-0.1694054
-0.2241512
-0.004996618
0.3739337
-0.2447833
-0.1282773
0.02697662
0.2448855
-0.3124828
-0.221178
0.02890015
-0.02957526
-0.1806571
-0.3154701
-0.3199425
-0.1012813
-0.181605
-0.2647991
-0.4248027
-0.3872045
-0.2669034
-0.3509973
-0.3261568
-0.1713887
-0.2220004
0.1133825
0.1408198
0.1053939
0.05672417
-0.01024289
0.03848778
-0.03949501
-0.08273077
-0.1064996
0.1862014
0.4772499
0.3210184
0.5989444
-0.1879375
-0.04201762
-0.03336693
0.2853464
0.05126536
0.1319442
0.135237
0.1319934
-0.09385327
0.2602402
-0.0008405102
0.1413168
-0.08904806
-0.0126921
-0.1169973
-0.1496349
0.04969999
0.2681888
-0.1015266
-0.1322077
-0.2313345
-0.2367708
-0.0117679
0.08011799
-0.2225858
0.06072417
-0.02095613
-0.008797842
0.2728873
-0.07178148
-0.1142768
-0.1331154
-0.02187574
0.08374027
0.1894703
0.115997
-0.191715
-0.114523
0.03089688
0.02918403
-0.1022257
-0.1883566
-0.3885948
-0.3439186
0.4018304
0.3230814
-0.01022287
0.04042
0.1868909
-0.07413756
-0.05032495
-0.3535879
-0.09243287
-0.2529042
0.05561518
0.6604833
0.007198126
0.4731794
-0.1734561
0.01577561
0.03588712
0.4083397
-0.03600735
0.069593
-0.1371803
0.188868
-0.3321113
-0.04663318
-0.2544304
0.185026
0.03807283
0.1152338
-0.2279767
-0.07240369
-0.3743101
-0.126322
-0.4200537
-0.2854141
-0.3278668
0.1434638
0.02631349
0.09838415
0.06087072
0.05785374
0.01932584
-0.3724495
-0.3282676
-0.3501833
-0.3535774
-0.3588782
-0.3866939
-0.431445
-0.1342367
0.1659121
0.1465416
0.1266983
0.17139
0.2343048
0.01013203
0.01368862
0.01209754
-0.07752075
-0.02341144
0.313365
-0.1902442
-0.02024166
-0.273422
0.3998939
0.05591716
-0.02880839
-0.3138048
-0.02722734
-0.1155507
-0.03311029
-0.01747995
0.2136285
0.2669913
0.04477518
0.2471551
0.07820245
0.07300409
0.04149104
-0.1463962
-0.2577572
-0.3330247
-0.06545901
-0.03582088
0.5875599
-0.1367578
0.1513729
0.2518971
0.2518258
0.09576844
-0.2333181
-0.02269837
-0.1962226
0.04651232
0.01938324
-0.01097243
0.05205415
0.04257194
-0.2233429
0.03214504
-0.04000778
0.03004821
-0.3514065
-0.07370491
-0.0613709
0.0293819
-0.03654714
-0.1839587
-0.1834954
-0.1828232
-0.1131353
-0.09875431
-0.06723461
0.03296947
0.0205339
-0.08851
0.07322255
0.557987
-0.1360018
0.294989
-0.03121821
-0.08555726
-0.2276097
0.1488649
-0.1156068
0.1412033
-0.2862341
-0.08189788
-0.5595979
-0.366547
-0.2347052
0.2312382
-0.1565449
0.03496434
-0.2071827
-0.1413195
-0.2997002
-0.1811762
-0.3205623
-0.1379133
-0.08907162
0.04243005
-0.2535294
0.03847696
-0.1323623
-0.2279986
-0.2877484
-0.1501294
-0.2922557
-0.03473147
-0.2004104
-0.06170803
-0.1536756
0.4141058
0.277377
0.2317378
0.2027986
0.1596203
0.1432224
0.07506476
-0.1435074
0.04445579
0.1234744
0.4264221
0.1617924
0.3549061
-0.1923504
0.1928321
-0.41115
0.01734411
-0.4083937
-0.01019274
0.2583572
0.1909148
0.09175145
0.1565235
0.07993689
0.1177042
0.03363661
-0.09313126
0.003552002
0.04757015
-0.2815288
-0.05664203
-0.1925293
-0.04693207
-0.1975952
0.007867438
-0.03800437
0.2662118
-0.1845013
0.06076544
0.2172187
0.2965928
0.2122177
-0.07221081
-0.05733572
-0.2231696
-0.1191758
0.09571372
-0.0881158
-0.03996983
0.08410426
-0.05252155
0.2785329
-0.01685572
-0.01723153
-0.06876677
-0.2125751
-0.2538116
0.2417432
0.1694499
0.3495166
-0.01131601
0.1767298
-0.2062411
-0.2383655
-0.08211625
0.1921245
0.09444329
0.2934731
0.6380295
0.1665912
-0.170362
-0.1850428
0.2903797
-0.1768547
-0.1868725
-0.07254873
0.329318
-0.2064471
0.1402216
-0.1582129
0.2028949
0.06641451
-0.01598258
-0.2378159
0.1038013
-0.09697914
-0.2350374
-0.3317009
-0.1158087
-0.2634323
0.2950105
0.0601156
-0.08524476
-0.1621912
0.1304525
0.03443029
-0.1263194
-0.06174031
-0.1622573
-0.219135
-0.04576431
-0.1908016
-0.2664281
-0.06262552
0.2319939
0.2171725
0.1322606
0.1553734
0.3140676
0.00941736
-0.209343
-0.2355984
-0.1251703
-0.03895951
0.1256269
-0.2278037
-0.1499129
-0.3801312
0.3978577
-0.08922557
0.05815485
-0.1889205
-0.2411726
-0.07525921
-0.1273137
0.1353636
0.1373609
0.2342872
-0.1426323
0.2524084
-0.02294638
-0.08824506
0.07325547
-0.08447249
-0.2465372
-0.4381175
0.04579249
0.05369661
0.4995527
0.01881175
0.229211
0.1357313
0.2270961
-0.0256951
-0.1766816
0.07096746
-0.2122918
0.2744147
0.09106802
0.01157296
0.02066837
-0.04013604
-0.3144453
0.0002555156
0.02744567
0.1339317
-0.4270191
-0.0500638
-0.01637315
-0.003594271
0.116643
-0.193291
-0.125616
-0.1897101
-0.2239107
-0.2085734
-0.002082827
-0.1500415
-0.1300207
-0.07927489
0.2430706
0.4934786
-0.3086315
-0.2554859
-0.2398459
-0.1694086
-0.135384
0.02725064
0.03540446
0.02282248
-0.0747874
-0.1297195
-0.04255047
0.2325541
-0.2960294
-0.1652321
-0.09317272
-0.05611923
-0.2778043
-0.1710826
-0.07510259
-0.1829731
0.03876877
-0.1478567
-0.02962589
0.07885707
0.1010849
-0.07297228
-0.1312485
-0.04187483
-0.1645624
-0.112793
-0.06302405
-0.005072996
-0.06381118
0.2974361
0.2493983
0.2493112
0.2605011
0.1800766
0.2254725
0.152551
-0.455377
-0.3394084
-0.1423172
0.144026
-0.04346197
0.1005132
-0.3505346
-0.1648728
0.0002589891
0.04055218
-0.1737943
-0.001888254
-0.03864402
0.1530329
-0.05488972
0.02574957
0.009638959
0.09515189
-0.02856217
0.04078057
0.05388912
-0.04069842
-0.2141842
-0.1444067
-0.06224877
-0.07116297
0.1183364
0.0993507
0.1228089
0.3657394
0.02297338
0.09811597
0.2810932
0.2069909
0.118092
-0.1800617
-0.1457664
0.03280698
0.02916731
0.03153675
-0.07213979
-0.08457761
-0.1277166
-0.1534352
0.2598211
0.1621024
-0.1470893
-0.07291599
-0.01910223
-0.0007169395
0.1244418
0.09501087
-0.0225015
0.053943
-0.0909608
-0.2638169
-0.1410452
-0.3191133
0.08142891
-0.04378405
0.2545957
-0.2569564
-0.1731428
0.357243
-0.2678289
0.04424747
-0.1535669
0.6384681
-0.07303543
0.538403
0.02786515
0.4811849
0.06437226
0.0256072
-0.1544228
0.354799
-0.04576162
-0.1429494
-0.3428571
-0.1045179
-0.356039
0.5108927
0.1556639
0.2427035
0.1519638
0.2731621
0.124033
-0.0388875
0.05884891
-0.2317276
-0.3547946
-0.05551584
-0.01453903
-0.2629488
-0.116521
0.3110294
0.3605587
0.3690301
0.3900051
0.4372138
0.2559541
-0.2681035
-0.368507
-0.4772212
-0.3874017
-0.2344098
-0.5475593
-0.3033091
-0.710414
0.5828441
-0.1243449
-0.05633417
-0.3980743
-0.2342417
-0.1193563
-0.01762299
0.1002574
0.2200492
0.2665861
-0.1931075
0.2584338
-0.007625171
-0.02047498
0.006980922
-0.06602672
-0.2200618
-0.3338992
0.3359352
0.1358904
0.6434006
-0.02953675
0.3732889
0.2036044
0.1703551
-0.02188131
-0.4128656
-0.08580136
-0.3200298
0.3369554
0.1026373
-0.02120141
-0.1552529
-0.04270693
-0.3073113
0.009019658
0.05758419
0.3133981
-0.4842025
-0.1430299
0.08933106
0.1541724
-0.2090559
-0.2957143
-0.1871117
-0.09696094
-0.4171051
-0.2088214
-0.02589593
-0.2156866
-0.176115
-0.1252152
-0.1023904
-0.2733267
-0.2117007
-0.2611423
-0.3873463
0.09036138
0.1782447
0.1288726
0.06322427
-0.1252013
0.1190819
0.3033509
-0.2781532
-0.03894842
0.2402019
0.2481292
-0.2935994
-0.2208756
-0.09717131
-0.2204315
0.1156906
-0.09277474
-0.05440759
-0.03823217
0.07666613
0.003790958
-0.2093114
-0.03371297
-0.2431516
-0.2065657
-0.08556037
0.05946089
-0.1231454
0.2253778
0.3182178
0.3292202
0.2139274
0.1363225
0.2306156
0.118693
-0.3622454
-0.3369383
-0.05277764
0.2136582
-0.09643421
0.2029007
-0.2197112
-0.2202831
-0.002326466
0.02567626
-0.06411241
0.06709917
-0.005899087
0.09717063
-0.1712708
0.07631697
-0.1039423
-0.01609685
-0.1552825
-0.04141208
-0.1317089
-0.1715704
-0.06525855
0.2610164
-0.07903687
0.01716667
0.1742371
0.1115361
0.09019115
0.2462594
-0.06497095
0.1213639
0.1184646
0.05891464
0.1026532
-0.2631383
-0.2077454
-0.0804969
0.04610369
0.0872442
0.01438053
0.1775427
-0.1272229
-0.090764
0.2079647
0.1206123
-0.0938028
-0.1922645
-0.07198798
-0.02146917
0.2046434
0.1544844
-0.009771406
0.1621731
0.1189337
-0.2398167
0.07377782
-0.2587005
-0.1926883
0.03273132
0.5639495
0.01630473
0.2208143
0.08342825
0.02085981
-0.1775774
-0.04648212
-0.2076612
-0.1207889
0.1336999
0.07114808
0.1520169
0.1311175
-0.30505
-0.1662862
0.1156195
0.1265418
0.01548174
0.2111716
-0.246797
0.1023325
-0.4105169
-0.03934802
-0.02476184
0.07689636
-0.1006991
-0.2254627
-0.04531699
0.04507743
-0.1831453
-0.2928884
-0.06895767
-0.250695
-0.3329389
-0.3743574
-0.2831013
-0.2725845
-0.4165723
-0.4314815
0.7434893
0.6542752
0.3053817
0.2155129
0.2779425
0.2205687
0.5246425
0.4080005
-0.1276873
0.245945
0.09685776
0.0482422
0.1759497
0.06495893
-0.17357
-0.2812117
-0.1740045
0.03374142
-0.1454637
-0.03439655
0.1400007
0.05697283
0.01369829
0.1375699
0.3593915
0.1561081
-0.3311753
-0.2362361
-0.02924686
-0.2677248
-0.009785807
0.1159267
-0.156501
-0.1512408
-0.08474965
-0.04949609
-0.1051172
-0.1613495
-0.1288991
-0.3204584
0.02344886
-0.05640463
-0.02337768
0.06384339
-0.1915101
-0.3851736
0.2036586
0.2168475
-0.2361615
-0.4052229
0.09234272
0.07766534
0.02047485
-0.1435269
0.2048549
0.2647475
0.153751
0.2574819
-0.02016108
-0.05072892
0.0374299
0.2787221
0.1497933
0.06859005
-0.3208034
-0.2272257
-0.1934214
-0.06218914
-0.05872984
0.0289156
0.4095296
0.3918948
-0.1956776
-0.2153422
0.2982795
0.1888301
-0.0588204
0.1677771
-0.238922
-0.04792729
-0.05800689
0.1947683
0.03332302
0.1925498
0.1190579
-0.1191021
0.3239376
0.3022166
-0.1159645
-0.3154544
0.2090516
-0.2482547
-0.4735951
-0.5044079
-0.3087121
-0.4061645
-0.4726709
-0.4390269
0.7061809
0.6952036
0.111904
-0.01140214
-0.02362636
0.03917728
0.431943
0.4545417
-0.189361
0.009671379
-0.04415283
-0.1473177
-0.09327134
-0.2690557
-0.1403467
-0.08804982
0.1258534
0.2044904
-0.07541317
0.2300489
0.1639839
0.02509573
0.2344173
0.1779633
0.5631571
0.489687
-0.07865336
-0.2880867
-0.2240161
-0.2224325
-0.1268433
0.2573294
-0.3575451
-0.1964172
-0.2479698
-0.09216145
-0.07436286
-0.205741
0.05977863
-0.3617606
0.2000207
-0.008628832
0.1498651
0.2623061
-0.2804374
-0.1964726
0.1440957
0.09871671
0.004298725
-0.1658278
-0.286722
-0.1924443
-0.1490728
-0.01071283
0.0725944
0.3928476
0.2437091
0.1000059
-0.05648637
-0.06958064
0.3865101
0.08027271
-0.1069802
0.311312
-0.06595161
0.1356359
-0.132075
0.1731165
-0.101244
0.2272773
-0.1292865
0.2395675
-0.02584739
-0.09392294
-0.0255926
-0.2138004
-0.1541364
0.1172099
0.08833355
-0.1012974
0.05750968
0.0201726
-0.1158818
0.003147778
0.08212189
-0.04863262
-0.1795038
-0.009275442
-0.03442289
-0.2546389
-0.3138817
-0.01082899
0.004430229
0.01772798
0.08332607
0.1157456
-0.01201267
0.07024107
-0.07105548
-0.2032342
-0.2578968
-0.0521331
-0.3976555
0.0328517
-0.322436
0.2892765
-0.2275796
-0.09211578
-0.2486002
-0.05296091
-0.2891043
0.2025015
0.2222277
0.3772507
0.4845206
-0.05176436
0.1471891
0.1163684
0.2092759
0.02720621
-0.1155677
-0.1282016
-0.2860424
-0.06258712
-0.04815632
0.3249987
-0.3368276
0.1512554
0.05971318
-0.1899287
-0.1513995
-0.2545866
0.1808389
-0.194193
0.1093057
-0.1012373
-0.2051908
-0.1096987
-0.1249576
0.09239273
0.06081964
-0.3178835
-0.02488751
-0.2379302
0.1370459
-0.1204461
-0.09572704
-0.09017738
-0.2018291
-0.1073292
-0.4115912
0.01547427
0.1974409
-0.01514774
0.08377123
-0.02599906
-0.1278384
0.04905869
-0.03395746
-0.1185876
0.2638379
-0.3678969
-0.2456936
-0.3281634
-0.1354461
0.2852398
0.1247707
0.1046699
0.150604
0.2222388
0.3643913
-0.09578853
0.09251799
-0.4208337
-0.1688432
-0.2462791
-0.09539527
-0.2190766
-0.430129
-0.1280903
-0.01765263
0.041407
0.01889957
-0.0805944
-0.07685415
0.03793988
-0.07389877
-0.1209256
-0.2044272
-0.04425133
-0.1096444
-0.140705
-0.1007465
0.3067109
0.2743954
0.08420431
0.08515137
0.1497679
0.1235978
0.1663346
0.3488121
-0.3354696
0.05218908
-0.2023595
-0.05399258
0.2355809
0.1321592
0.05208413
0.153511
0.2600284
0.2954315
-0.008082427
-0.02989057
-0.01117252
-0.04288842
-0.06018318
-0.1364843
0.03073968
0.05502617
-0.3323887
-0.3324381
-0.1334753
0.008067102
-0.1598188
-0.02947589
-0.2226348
0.1022428
-0.07450729
0.01057694
-0.03392667
-0.1701822
-0.2321362
-0.2545122
0.001787959
-0.06232527
0.1602477
-0.1854704
-0.2059367
-0.3688454
0.04407559
0.2007058
-0.2074908
-0.3323553
-0.02567496
-0.01582056
0.3558277
-0.2553461
0.2237243
0.142716
-0.0674122
0.1608169
0.04022526
0.03237601
0.369567
-0.09152823
-0.1083165
0.1918662
0.2193251
0.3258898
0.1252151
0.1605426
0.161568
-0.1793286
-0.3394479
0.2268834
0.1784601
-0.1222573
0.005333317
0.1005044
0.3063585
0.2362577
0.4257535
0.1799938
0.1962311
0.06091498
0.05446737
-0.03975197
0.1334145
-0.1123132
0.1035683
-0.01022278
-0.1792324
-0.03190668
-0.08249312
0.0524095
0.06517265
0.02838045
0.1148272
0.1644932
0.1605337
-0.1782678
-0.2678887
-0.1824874
-0.3368916
-0.07545481
-0.04010484
-0.0001245714
-0.1264666
-0.1905749
-0.2021254
0.1459613
0.08379092
0.3124834
-0.09038368
-0.002130858
0.0703971
0.2149953
-0.0414462
0.09805461
0.3397821
-0.2071157
-0.3102728
-0.08151941
-0.1111077
0.06079835
0.05946737
0.00773957
-0.2031387
0.0113982
0.05350049
-0.1418328
0.003704376
-0.2972899
0.0118542
-0.200349
0.03856359
-0.1952253
-0.09036455
-0.07775654
-0.06994559
0.1748267
-0.08835877
0.04589366
0.1239902
0.05395298
0.06672765
0.1925409
0.02111806
-0.1874692
-0.2656361
0.09889611
-0.1412689
-0.129836
-0.1017165
-0.3795473
0.07180042
0.001710408
0.1601846
-0.2656958
0.006266178
0.04109416
0.221697
0.2544889
0.4637578
-0.08034959
0.2342894
-0.2271743
-0.1815841
-0.09142797
0.09280029
-0.1546357
0.02160421
0.09924005
0.1869913
-0.0703221
0.08147036
-0.04987643
0.06035875
0.1067791
0.1053956
0.1859108
0.2278106
0.06644843
0.1728126
0.1107647
-0.2799198
-0.1317838
-0.2037136
-0.2251026
-0.2190299
-0.1077768
-0.1863832
0.03197427
0.003134485
0.1182246
0.08406601
-0.2503065
0.04228896
-0.01634706
0.1472984
-0.2537592
-0.1882236
-0.07076612
0.1088365
0.1182287
-0.001905882
0.3106777
0.2287883
-0.01175429
0.006731549
0.0992013
-0.2888321
-0.03870223
0.07555474
-0.01547917
-0.0403665
0.007221955
0.038381
-0.03536783
0.106893
-0.304181
0.03264638
-0.259998
0.2599331
-0.1620742
-0.29521
0.0455945
0.02648313
-0.05814491
-0.01314933
-0.1828174
0.04395249
0.2016424
-0.02244722
0.2364066
-0.1247382
0.1197697
0.1866561
0.1742854
0.03882678
0.01668975
-0.1700099
0.1399915
-0.08624419
0.1961614
-0.002848296
0.2517309
-0.005649713
-0.2580136
-0.04402929
0.07241473
0.2083474
0.4149645
0.576283
0.1880783
0.4640263
-0.008917362
-0.09295061
-0.2038283
0.5139619
0.3328592
-0.06626186
-0.1371411
0.2868643
-0.04259666
0.3117781
-0.01153465
0.1090521
0.09559771
0.2509036
-0.1487061
-0.1620166
-0.09993001
-0.337845
-0.5185607
-0.2028154
0.06449987
-0.4168891
-0.2213805
0.3123398
0.3554276
0.3327317
0.4574446
0.4039192
0.3349489
-0.2005391
-0.4361842
-0.4234023
-0.4273667
-0.01659827
-0.3369517
-0.4016414
-0.6153851
0.5826091
0.11535
0.1336884
-0.2222622
-0.2305055
-0.06766771
-0.05517123
0.07393708
0.1205499
0.1217115
-0.2468691
0.1582285
-0.08882918
-0.2249307
0.03245118
0.01011631
-0.2418509
-0.3157335
0.2497334
0.009907323
0.4638398
-0.14802
0.3256624
-0.02968414
-0.02328767
-0.02743541
-0.3112724
0.04601471
-0.2210913
0.3296017
0.06174974
0.08361053
-0.1267783
-0.09153174
-0.4819102
-0.1329108
-0.2371068
0.110939
-0.5535761
-0.1789499
-0.1143641
0.02060709
-0.06175605
-0.03453489
-0.01021268
-0.07225763
-0.4026014
-0.1026658
-0.05690462
-0.2096599
-0.1622833
-0.3473458
0.2771868
0.3791243
0.04452674
0.04871587
-0.08571343
0.08979619
0.3770292
0.6186754
0.2167006
0.408829
0.3756712
0.244901
-0.1737693
-0.13825
-0.2558508
-0.1355713
0.07298163
-0.3204728
-0.1427416
-0.1060719
-0.06582478
-0.196311
-0.1172236
0.08023013
0.006686264
-0.228495
-0.06871943
-0.03896601
-0.02495992
0.07494702
-0.07921499
0.0219961
-0.05742079
-0.2784491
-0.00937948
-0.1471753
0.01899162
0.2006273
0.003347119
0.12843
-0.05876687
0.2893072
0.1778758
0.2078755
0.09923742
0.2014125
0.06091276
0.1417179
0.136998
-0.05098672
-0.09275113
-0.06939574
-0.2536713
-0.3314206
0.03021735
-0.001323295
0.009991502
-0.04277745
-0.03858239
-0.09139133
-0.1481827
0.09626144
-0.01164542
-0.1159647
-0.2241954
-0.08672028
0.003872035
0.0293018
-0.05754891
-0.03277483
-0.1604779
0.004846218
-0.01927732
-0.2058125
-0.265015
-0.4330124
-0.1598182
-0.09422999
-0.1137405
-0.07024295
-0.3677138
-0.2379275
0.07912865
0.0684627
0.2674217
-0.02707362
0.001469115
-0.01401514
-0.137228
-0.1558633
-0.08286896
-0.1912616
0.6156159
0.6133734
0.04526767
-0.05210453
-0.08709519
0.3693331
0.2397986
0.1594281
0.04825021
0.4100494
0.04892022
0.3846364
0.04667275
0.217523
0.06430113
0.3044579
0.155146
0.2331212
0.2048035
0.07574702
-0.1472453
0.06398735
0.1075244
-0.01520046
-0.3791504
-0.009645585
0.05811614
0.04900151
0.1714031
0.1212369
0.1341192
-0.1854743
-0.37125
-0.2853227
-0.4812328
-0.3729593
-0.5049879
-0.1611055
-0.5053644
0.6122269
0.1017497
0.4282636
0.07107343
-0.254733
-0.07794821
0.09508769
0.08719758
0.08693103
-0.00526094
-0.07888595
0.06728049
-0.04599478
-0.1375412
0.08349684
-0.004571225
0.08776106
-0.10363
0.3269169
0.149113
0.2541677
-0.1958975
0.2555927
0.01843286
-0.1676
-0.4078362
-0.3397474
-0.07214023
-0.2306048
0.2663501
0.09265553
-0.07238133
-0.106493
-0.1108852
-0.3005117
-0.1643225
-0.1385461
0.2057871
-0.2033999
-0.04064633
0.06619929
0.1919768
-0.1690247
-0.2541903
-0.1374135
-0.0154411
-0.2659942
-0.0521894
-0.07920591
-0.08250311
-0.1404523
-0.2306043
0.3037517
0.2015907
0.1001964
0.1796171
0.2718338
0.3053617
0.2581537
0.3127529
0.4599174
0.2849048
0.1440317
0.0755212
-0.04186109
0.04732765
0.3197874
0.2678615
0.27872
0.1209196
0.3192206
0.2095873
0.09825193
0.04552249
0.1835242
-0.3733096
-0.3488144
-0.2856361
-0.2937128
-0.1412975
-0.2559791
-0.1918696
0.01898076
-0.10176
-0.07039395
-0.2748738
-0.3283046
-0.1701096
0.01481289
0.04007288
0.1838247
0.08730597
0.405321
0.3132507
-0.1980172
-0.1814607
0.221358
0.1782549
0.13843
-0.1822089
-0.003040081
-0.01615208
0.04030187
-0.1805021
0.2879117
0.1121806
0.3602531
0.1947476
0.1781162
0.1561905
-0.2262802
-0.04755676
0.1440344
-0.08680854
-0.2932543
-0.4297307
-0.08195277
-0.09309423
-0.09504498
0.01629869
-0.02418235
-0.04960759
-0.1450383
-0.3850152
-0.1976223
-0.2148967
-0.1515664
0.1226901
0.05396698
-0.0479602
-0.07866298
0.05357377
-0.1115625
-0.2346764
-0.1015792
-0.05217959
-0.2506594
0.08102493
-0.02077921
0.04672222
-0.1091083
-0.2711831
0.4549487
-0.2715386
-0.1825992
0.02951484
-0.1241018
-0.02841676
-0.2242078
0.1587272
-0.02420336
0.2977361
0.2251361
0.01413826
0.2233114
0.2979898
0.2544133
-0.08661185
-0.105395
-0.2179106
-0.292268
-0.2516259
-0.0943405
-0.2907891
-0.3665538
0.1419561
0.1527016
0.1222646
0.2805352
0.1919239
0.0707198
0.07483766
-0.09914921
-0.1916778
-0.2786761
-0.1106245
-0.3167442
-0.16372
-0.4762062
0.4954822
0.1483134
0.2528124
-0.08250495
-0.01352187
-0.1187988
0.04425348
-0.06663374
-0.0481721
0.06175939
-0.1447372
0.04425768
-0.03886962
-0.03618843
-0.09210188
0.09343131
-0.02980543
-0.1894511
0.1516262
0.1706726
0.4349889
-0.2193436
0.1694045
0.2630577
0.01933804
-0.3296179
-0.3752008
-0.1062831
-0.2246821
0.2516087
-0.04063111
-0.05298882
-0.1265892
-0.1741449
-0.2580727
-0.1378213
0.0007724622
0.1030101
-0.1191096
-0.04667433
0.06667884
0.04232484
-0.001847957
-0.175924
-0.1551293
-0.1930186
-0.1987032
-0.118633
-0.07309565
0.008223603
-0.06590434
-0.1451634
-0.2606619
-0.01884876
-0.06046613
-0.1237424
-0.2254398
-0.1589511
-0.05156723
-0.02536683
-0.03897463
0.03292519
-0.2132792
0.1616668
0.07780966
0.1012388
-0.2404079
-0.2217917
-0.04229793
-0.04585368
-0.2944998
-0.2156953
-0.08736441
-0.0392342
-0.01616971
-0.01656483
-0.1320777
-0.03713253
-0.1267186
-0.2290926
0.09777461
0.08685355
0.04411147
0.2319905
-0.0389095
0.2752903
-0.1909193
-0.04185134
-0.06562422
0.1728707
0.0181657
0.1398698
0.1358502
-0.0342576
0.2012748
0.1457642
-0.03260909
-0.07454147
0.04929131
-0.1051234
-0.07634093
-0.1030421
0.01873963
0.2403561
0.09022844
-0.1158196
-0.0870094
-0.009210758
-0.02192279
0.04554977
-0.1153277
0.2145896
-0.05864305
-0.1964805
0.02857229
-0.05873175
0.01301094
0.1307339
-0.1266869
-0.02789507
-0.01881017
-0.1605993
-0.07205975
-0.1263919
0.09095927
0.09314806
0.1307953
-0.01305776
-0.1159639
-0.2205135
0.1886574
-0.0973655
-0.1197384
-0.1448457
-0.02396188
-0.16249
-0.08804564
-0.2010638
-0.06247896
-0.1380562
0.5938616
0.1928501
0.08466466
0.3301139
0.36668
-0.01282532
0.03767876
-0.03020318
0.005540891
0.1817452
0.08767767
0.1090049
0.06541961
0.2586964
0.1545119
0.3095817
0.3317349
0.09518929
0.05084475
0.1730579
-0.2208135
-0.3258965
-0.3693676
-0.1930158
-0.3174614
-0.1943663
-0.1579932
0.238992
0.2338867
0.03313817
-0.1967994
-0.1873737
-0.1882789
0.2071945
0.2673489
-0.03087787
-0.1867031
-0.03039854
-0.05702289
-0.02237465
-0.2292172
0.1228871
0.3458365
0.3334404
0.1940001
0.08434685
0.2368804
0.1919274
-0.008025256
0.2944424
0.02308422
0.3182882
0.2828093
0.1361449
-0.07399304
-0.1036187
-0.181641
0.1254121
-0.1194842
-0.3133741
-0.09405096
-0.3629698
-0.0319647
-0.3496618
-0.2175754
-0.121845
-0.1782418
0.03167134
-0.07054165
0.1025056
0.1485889
-0.3519864
0.001749778
-0.0999418
-0.01452231
-0.0866697
-0.005852238
-0.3014728
-0.04531497
-0.0239244
0.04164408
-0.09658071
0.2452712
0.02193529
0.1748908
-0.09881535
-0.1967942
0.1022945
0.06301494
0.1731697
0.2467108
-0.09607994
0.0005930436
-0.06001336
0.1369945
0.1008033
0.2527782
0.03714693
0.2107103
0.2122831
0.09183015
0.3212242
0.365487
0.1244531
0.1275683
0.2840347
-0.2318392
-0.2928552
-0.3419267
-0.2642103
-0.3541491
-0.2771346
-0.2383437
0.2245827
0.184855
0.01251034
-0.1619074
-0.3570925
-0.003727278
0.1789837
0.3834553
-0.3496081
-0.2572351
-0.1496113
-0.03197833
-0.04767588
-0.2085568
0.0470906
0.2969374
0.2523399
0.1588441
0.08337935
0.1205979
0.08635199
-0.133385
0.3269731
0.2322277
0.3597713
0.4552785
0.2309652
0.206426
-0.3232441
0.1022586
0.05258599
-0.02923251
-0.4156604
-0.2416906
-0.1808741
-0.03978658
-0.2368253
-0.2855824
0.08401261
0.1753642
0.2413957
0.08154184
0.2653671
0.0731689
-0.09773803
0.2295737
0.07322484
0.04591953
-0.1054342
-0.04620092
-0.1893799
-0.01444302
0.2427308
0.361625
0.01665655
0.2771231
0.02144744
0.1217975
-0.2204646
-0.07953258
0.7184745
0.1845314
0.1577684
0.1665321
-0.1206509
0.1192817
-0.02700747
0.07586469
-0.01750102
0.1681891
-0.1421443
0.02587153
0.1136136
-0.05009487
-0.1330136
0.002115449
0.1152098
-0.06350658
-0.03800409
0.09517216
0.1775854
0.1764122
0.1597871
0.1674127
0.1943456
-0.1252707
-0.258365
-0.1801889
-0.2526804
-0.1486858
-0.1751053
-0.1650226
-0.2027531
0.2235077
-0.08335167
0.06102981
-0.04785513
-0.1535893
-0.04584381
0.1478003
0.323989
0.2724755
-0.03629525
-0.09839075
0.1465617
-0.09159108
-0.2236621
0.2207069
0.06913759
-0.02100516
-0.06193498
0.1561307
-0.0167327
0.1019785
0.04088113
0.2522596
-0.1502932
-0.1296973
-0.01560609
-0.3023728
-0.09891722
-0.3056868
-0.03479782
0.02285664
0.04702741
-0.2081422
0.03408663
-0.171548
-0.06184838
-0.2328957
-0.04200589
-0.3663566
-0.03150487
-0.1770925
0.04072976
-0.1908748
-0.1379531
0.1041102
-0.1298203
-0.3606039
-0.02515802
0.01277255
-0.07601317
-0.262757
-0.3465299
0.239574
0.3868448
0.413766
0.1343868
-0.1499162
-0.2628423
-0.2514509
-0.3417775
-0.05496406
-0.2522639
0.05604422
0.06206265
0.05703846
-0.03580726
0.05459494
0.1469702
0.1111555
0.002636911
-0.06394392
0.01080929
0.008409672
-0.01693453
-0.0207935
0.07610741
-0.09449749
-0.2303352
0.1632285
0.014462
-0.03319458
0.1679033
0.007959624
0.1124132
-0.03861993
0.1271562
0.2831865
0.2827571
0.008392307
0.1034731
0.04760162
0.35662
0.1832138
-0.1218728
-0.1418431
0.03722339
-0.173783
-0.2719057
0.1830601
0.08669562
0.1256344
0.08192588
-0.0957069
-0.2164639
-0.2243377
0.07176839
0.02593576
-0.3162141
-0.2075004
-0.1400897
-0.00832829
-0.04763885
-0.1829719
-0.1570299
-0.1204609
0.009184213
-0.1476738
-0.03524042
-0.1706301
-0.1816989
-0.1838666
-0.2052058
-0.11328
-0.1174539
-0.3749807
-0.1528131
0.08878217
0.2011903
0.1126144
-0.09357667
-0.09619115
-0.0916381
0.004477866
-0.1481651
-0.2330467
-0.3106021
0.6145116
0.4463852
0.3641646
-0.3172951
-0.2157913
0.05056543
-0.1613792
0.08352534
0.016433
-0.01514154
-0.1407416
0.2527723
0.2011373
-0.1277687
-0.3066947
0.2350959
-0.2408665
-0.403385
-0.4127372
-0.2116818
-0.2256713
-0.4250167
-0.2202026
0.3588311
0.3498869
0.3479735
-0.05169302
0.2037174
0.06952485
0.2834323
0.3555151
-0.006741365
0.2900946
0.3526217
0.203464
0.05485635
0.1150429
-0.1747671
-0.1673069
-0.05263212
-0.1800518
-0.02350587
0.2382837
-0.06543941
-0.1764494
0.02708878
0.002797718
0.3709143
0.363448
0.06155531
-0.173481
-0.02253894
0.06300676
0.08687149
-0.02731164
0.04781008
-0.08141841
-0.2871344
-0.2617451
-0.1531593
-0.1446707
0.007449201
-0.1142743
0.003732327
-0.1406335
-0.3016648
-0.4065543
-0.1086109
-0.3725433
0.003921579
0.01571
-0.04396254
0.02027875
-0.5011057
-0.1938501
-0.02384841
-0.003647289
-0.02999883
0.0410498
-0.01567637
0.1464445
-0.2516254
-0.04336252
0.3603673
0.443783
-0.2926942
-0.1219696
-0.1550388
-0.1932901
0.01808798
-0.1725238
0.1803039
0.0895118
0.4050119
0.4002843
0.1128789
-0.005217983
0.3317244
-0.2531754
-0.452194
-0.4870093
-0.288053
-0.3214832
-0.4544629
-0.2699679
0.1713296
0.07723805
0.2541293
-0.08998383
0.01819571
0.09853198
0.2736304
0.4367443
-0.2290606
0.06936895
0.1272516
0.2869448
0.03199156
0.06028157
0.1739112
0.09199532
0.1378198
-0.06681792
-0.04669252
0.0816212
0.02553993
-0.1592087
-0.03551826
-0.1394726
0.3467699
0.2553982
0.02398375
-0.1922136
-0.3463315
-0.0778673
-0.02106688
-0.1886839
-0.2422632
-0.02164241
-0.1442987
0.01120427
-0.05247235
-0.07857348
-0.185798
-0.2132193
0.01076229
-0.3346286
-0.05796525
-0.3062569
-0.2826761
-0.298431
0.07374841
0.1735164
-0.1833774
-0.2105206
-0.3150752
-0.1037935
0.1421649
-0.01258447
0.1200492
0.123571
-0.1400698
0.1463464
-0.1427026
-0.06419142
0.5883185
-0.2033231
-0.3590458
-0.1336014
-0.3973576
-0.02264351
-0.1652747
-0.01565049
-0.1941718
0.3016143
0.06667679
-0.1012695
-0.1977386
0.1846558
-0.2243846
-0.3080849
-0.3151942
-0.2171757
-0.113105
-0.3072091
-0.171562
0.04766248
-0.01319012
0.2383915
0.009114304
0.1299135
0.1799018
-0.07622698
0.07801466
0.2151112
0.4545939
0.7047911
0.5152057
-0.1284371
0.01998007
-0.1472475
0.02154186
-0.1911614
-0.3533855
-0.03104583
-0.01029354
-0.1154404
-0.426864
-0.001894283
0.1101793
0.2287384
0.1846451
0.08051678
-0.04711535
0.005878578
-0.0007412513
0.2302302
-0.08559205
0.03413032
-0.2496496
-0.01464608
-0.09591697
0.007475817
0.1541893
0.1322482
0.08842315
-0.06204203
-0.3285355
-0.4639859
-0.3553898
-0.04750738
-0.1177372
0.08683249
-0.07943784
-0.166395
-0.1861224
-0.00610185
0.07250094
-0.0505825
0.03238634
-0.1482734
-0.0115837
-0.05472262
-0.05853302
-0.1554982
-0.2785468
-0.2022372
-0.04007788
-0.3293941
-0.2008963
-0.04135317
-0.05260742
0.1132743
-0.05729932
0.3607313
0.2879738
-0.001021712
-0.1381862
0.208736
-0.1211305
-0.3540058
-0.3650351
-0.2941031
-0.2045238
-0.3788957
-0.2841174
0.2582411
0.3094114
0.2956177
0.1239531
0.1516422
0.2542218
0.03661684
0.2159654
-0.17492
0.3298499
0.4662364
0.4925866
0.005163419
0.02839966
-0.1385525
-0.06394791
-0.2060136
-0.2489526
-0.07994341
-0.0851684
-0.1056159
-0.2463293
-0.0276144
0.2150195
0.2000661
0.2270503
-0.08589189
-0.04215865
-0.2830437
0.01440624
0.008300646
-0.203502
-0.1459994
-0.01709331
0.1186975
0.01387149
0.1996737
0.02187707
0.04734299
0.04470691
0.06049795
-0.2381722
-0.207511
-0.1785894
-0.06354263
-0.2162738
0.09023312
0.01286789
-0.1035453
-0.2959993
0.1276981
-0.08230215
0.005445031
-0.09100666
0.1349185
0.2272054
0.06292386
0.01207198
-0.09617121
0.07404101
0.5218586
0.3818326
0.2848727
0.3961842
0.3525015
0.3087861
0.382489
-0.1498162
-0.1387276
0.1403043
0.3595288
-0.2478119
-0.01657369
0.2921931
0.2968918
0.1934741
0.2801865
0.4657475
0.2599384
-0.3011768
-0.3248112
-0.4065828
-0.3814094
-0.4110909
-0.5480738
-0.3142448
-0.6109061
0.3570858
-0.2515151
-0.08508453
-0.1982472
-0.1045395
-0.07076379
0.1769128
0.1841284
0.09486503
0.1195933
-0.1485617
-0.1584116
0.2451582
0.2861352
0.1384542
0.08948951
-0.1600856
-0.1794353
0.2661103
0.386298
0.1731862
-0.09189084
0.1007083
0.1173194
-0.08250655
-0.1246936
-0.2697872
0.007074667
-0.2008463
0.07375672
0.06875257
0.1602261
0.06615275
0.03209974
0.05377963
0.2168836
-0.09798807
0.3006721
-0.4489202
-0.1765561
0.1724291
0.1739942
-0.04382503
-0.1036456
0.002621451
0.05266375
-0.3901625
0.001160228
-0.02205256
-0.02386141
0.150049
-0.02146209
0.04879563
0.3474091
0.3518769
0.4533285
0.2000406
0.2979728
-0.1192727
0.04207114
0.1271663
0.1799852
-0.1121838
-0.04079655
0.08591863
0.1215217
0.03881613
0.1532022
0.1864706
0.09731333
0.1259823
0.126809
-0.2977484
-0.2814246
-0.2277918
-0.3200496
-0.08298503
-0.2269154
-0.09038232
-0.3346546
-0.3421598
-0.28881
0.0714225
0.01636286
0.1963733
-0.01122358
-0.07803977
0.06082515
-0.02135858
-0.1274129
0.2257534
0.3615229
-0.05504244
-0.04473949
-0.1282546
-0.2147474
0.08367414
0.4503294
-0.003243498
-0.1314644
0.1774914
0.05772667
-0.0457515
-0.009024984
-0.2573252
0.03950648
-0.1016081
-0.04521483
0.001855649
0.02492677
-0.02534752
0.01782184
0.1657061
0.2034135
0.04002349
0.1123028
-0.1590194
0.1142671
0.1631127
0.01637332
-0.1044254
-0.2812448
0.2210371
-0.1604215
-0.2054139
0.1569071
-0.107071
0.1951905
0.2045022
0.1361047
0.346227
0.2121962
0.136657
0.1008585
0.1328348
-0.097443
-0.1108395
-0.04895978
0.1960018
-0.09770557
0.1298597
0.2669967
0.2538096
0.2586421
0.1997782
0.3418263
0.4161367
-0.3332845
-0.2886181
-0.3524841
-0.3769814
-0.2869822
-0.4187286
-0.3184711
-0.3688215
0.3214232
-0.1239147
-0.13412
-0.2663812
-0.1273559
-0.01391147
0.05416044
-0.0799737
-0.04523795
-0.1208177
0.1947254
0.01387576
0.1072848
0.1448674
0.04663348
-0.1027748
-0.1237077
0.07897934
0.5914394
0.2221787
0.1577387
-0.01841637
0.01890853
0.0998919
0.04081891
0.1381278
-0.2689298
-0.1025939
-0.04699303
0.09222116
0.2301657
0.2069346
0.1566974
0.332304
0.03408096
0.1734036
-0.1011547
0.2274355
-0.2238486
-0.2237398
0.492936
0.5317504
-0.4153779
-0.07147828
-0.05663494
0.4912356
-0.3147484
-0.1353992
-0.03901561
-0.05082157
0.1742711
0.04912872
0.468355
0.4054813
0.01445511
0.08598631
-0.2684072
-0.1219895
-0.1992283
0.1295284
-0.31032
-0.0786084
0.1359315
0.1651186
0.1257703
0.1753542
0.2025645
0.2384936
0.03639348
0.002992713
-0.4081804
-0.3811383
-0.2528821
-0.3385284
-0.2119009
-0.2090405
0.06756614
-0.2037625
-0.4043773
-0.4076884
0.1313462
-0.1532959
0.1042973
-0.1088905
0.1286282
0.3192715
0.06728813
0.1782055
0.2468434
0.2998141
0.02352265
0.04107276
-0.0242255
0.0530245
0.2679611
0.246572
0.04525623
-0.1284782
0.1359482
0.1021612
-0.2020557
0.1049393
-0.3058619
-0.1045808
-0.1319658
-0.08386135
0.08130098
-0.06740255
0.0927922
0.1030124
0.2194595
0.2241607
-0.1345587
0.2876809
-0.1510878
0.08130619
0.2403177
0.3158722
-0.1972893
-0.1520152
0.01968453
0.06797558
-0.1723621
0.05629602
-0.07917623
0.01769264
0.0646426
-0.06575641
0.4369211
0.0596451
0.1819408
-0.244479
-0.196538
-0.2145205
0.06063183
-0.3979152
-0.1549986
0.1406472
0.2227177
0.234136
0.3830365
0.1819949
0.2742004
-0.02555983
-0.05346078
-0.3497987
-0.5112121
-0.2030428
-0.4404251
-0.1826363
-0.2510665
0.2757338
-0.05758766
-0.135438
-0.2120816
-0.05419842
-0.07279807
0.02234251
-0.1174211
0.0556868
0.01803654
-0.1921264
0.2582198
0.08796941
0.2476135
-0.06755183
-0.04268593
0.1488095
0.02921513
0.4270921
0.1919326
0.1748361
-0.09918974
0.238631
0.07237232
-0.1778957
0.04446716
-0.4877298
-0.2354281
-0.3309391
-0.06984234
-0.008112691
-0.3153354
0.009033148
-0.2003804
-0.1553453
0.1274801
-0.3327152
0.08377122
-0.3811529
-0.1315738
0.2872413
0.2902092
-0.316816
-0.2467296
-0.2183629
-0.07055043
-0.3928821
-0.03159707
0.01024952
0.0479506
0.05204776
-0.1764744
0.2709212
0.1733852
0.1423938
0.15595
0.04443493
-0.03053488
0.10806
-0.1262863
-0.1629541
-0.1153015
-0.2115591
-0.1440145
-0.08341814
-0.1587829
0.1417223
0.1764713
-0.09169355
-0.1886599
-0.3017353
-0.2760106
0.1433389
-0.1177698
0.07030198
-0.2014338
0.03125268
-0.1162121
-0.04440721
-0.2560743
-0.1744728
-0.1601167
-0.02039037
0.0855302
0.01291511
0.1696152
0.2564277
0.3150483
0.2825443
0.2731797
0.3464734
0.2625548
0.2350094
0.4574832
-0.01260079
0.04005377
0.2283107
0.1732702
-0.0625788
-0.2743009
-0.1953192
-0.2688191
-0.08160859
-0.1246093
0.1927828
-0.000239826
0.1734939
-0.03742648
0.1662644
0.2023989
0.1215593
0.2284877
0.09222849
-0.006239531
0.2362431
0.2311194
-0.1828238
-0.1549519
-0.2121882
0.05070163
-0.2415908
0.1022407
0.2143579
0.1515273
-0.0764781
0.01949871
0.825216
0.6084618
0.5875095
0.790477
0.5905996
0.494577
-0.03359032
-0.2646112
-0.2274522
-0.1920901
-0.312133
-0.07345236
-0.09751966
0.005493644
-0.0122832
-0.1183844
-0.3142454
-0.5829334
-0.4251769
0.1932977
0.01830428
-0.02842272
-0.412595
0.08229409
0.0385257
-0.2387984
-0.2154023
0.1709279
0.1348854
0.06960557
-0.02065609
0.09146236
-0.1527852
0.24609
0.1862988
0.3118619
0.06273691
0.3273714
0.2770607
0.09280351
0.150064
-0.4330778
-0.2050104
-0.06944761
-0.1786424
-0.3833611
-0.3337068
-0.09149961
0.05204413
-0.04686842
0.04241108
-0.01824506
-0.1427271
-0.07159999
0.03447842
0.3201563
0.3394723
-0.137703
0.1138767
0.06627974
0.1443457
0.2312059
0.2147213
-0.04519087
-0.1210167
-0.09359411
-0.04952004
-0.1992636
0.3662928
0.1764833
0.1990559
0.1093732
0.07816557
0.3325103
0.3631477
0.7375365
0.7549481
0.2852493
0.09191567
0.08262211
0.1146494
0.07902092
0.01847161
0.2340351
0.2509862
-0.1936324
-0.1658135
-0.2903598
-0.3835231
-0.6074583
-0.5233098
-0.04025989
-0.1690844
-0.0950478
-0.5056726
-0.1582342
-0.1215006
-0.09085251
-0.07192323
0.2199145
0.1415952
0.03444638
-0.0002909181
0.01654068
-0.1554344
0.07474738
0.2853801
0.1084133
-0.08983896
0.05527393
0.1009046
0.08338193
0.1952409
-0.3062762
-0.1379566
-0.009881769
-0.2512896
-0.3431252
-0.1603818
-0.1283327
-0.0184276
-0.04119659
0.01300493
-0.1748523
-0.2104545
-0.1299069
0.1265124
0.3913397
0.326708
-0.0387623
0.1397916
0.005504183
0.1529113
0.359193
0.2501272
0.0008368072
-0.1145348
0.05445037
-0.1346225
-0.1543438
0.2114279
0.01273184
0.2455071
0.2177291
0.2251911
0.8121773
0.5566146
0.06787136
0.8187164
-0.1681194
-0.6678278
-0.6756004
-0.5954471
-0.682922
-0.5600458
-0.5414013
0.1782191
0.1958889
0.1665883
-0.005854414
-0.2819746
0.01878545
0.2797661
0.3238174
-0.2167737
-0.2028793
0.3085244
0.3087008
-0.3630291
-0.2903316
0.01748096
0.173986
0.06769693
-0.08039942
0.1068319
-0.1003873
0.06414864
-0.1961082
0.3127205
0.1661265
0.4494881
0.4160784
0.01485073
0.08309365
-0.4568538
0.02516246
-0.03320237
-0.05983376
-0.2467323
-0.3766969
0.08277979
0.0009190142
0.1605161
0.07992849
0.1036603
-0.03681124
0.155786
-0.2439259
0.2265842
0.04868802
0.01804032
0.1003456
0.3701166
0.1624168
0.05791397
-0.1216498
-0.1250817
-0.2437178
-0.1041743
0.02957814
0.06549771
0.4462473
0.1684117
0.1426563
-0.05866936
0.05916482
0.566367
0.1537478
0.76767
0.0732921
-0.5626181
-0.5716721
-0.4966141
-0.6338854
-0.4631418
-0.4464646
0.1919893
0.2734381
0.1414701
0.04379842
-0.2463727
0.01855739
0.2920055
0.4467584
-0.3934003
-0.3481766
0.0543026
0.230994
-0.2768949
-0.2024289
0.09023246
0.04756871
-0.006577491
-0.09433539
0.08334329
-0.1445174
0.1158746
-0.02865721
0.1535993
0.04688332
0.3495459
0.400234
-0.04197829
0.1528687
-0.5095158
-0.02054772
-0.08920396
-0.1940558
-0.2278113
-0.1670658
0.08837957
-0.03225757
0.109343
-0.008862011
-0.03639961
-0.01739203
-0.004842402
-0.1929889
0.3491307
0.09046296
0.1014907
0.04816544
0.3960507
0.08764637
0.07641473
-0.1701469
-0.06172796
-0.2535976
0.05616115
0.02262401
0.09085236
0.3148201
0.1148884
0.2424717
-0.01128679
0.2348116
0.5948934
0.5698855
0.05605153
-0.1686639
-0.1453508
-0.122355
-0.3065806
-0.0006683731
-0.07447405
-0.12651
-0.1557231
-0.1044314
-0.1586054
-0.4513373
-0.2370518
0.2133794
0.009427267
-0.168515
-0.5161273
-0.03662825
0.02819471
-0.3114915
-0.1576959
0.1097621
0.0951281
-0.03950547
-0.1059391
0.038134
-0.2206903
0.06704909
0.02903555
0.2498398
0.0463447
0.04823805
0.1344178
-0.01849995
0.1623632
-0.3708584
-0.01987125
-0.03482075
-0.2633985
-0.168053
-0.1638119
0.1352916
0.1038082
0.1525704
0.05775465
0.0001394105
0.03662175
-0.1676707
0.07203024
0.3701522
0.2692869
0.1196802
0.1629406
0.1842405
0.1844743
0.2231549
0.1352746
0.1274713
-0.07598049
0.02928893
0.009241144
-0.0432983
0.3153322
0.1686281
0.2138922
0.03963391
0.3012667
0.1250161
0.1743222
0.3355957
0.3371027
0.3049098
0.1943642
0.4742342
0.4868105
-0.351692
-0.3836498
-0.3058494
-0.3447946
-0.5580833
-0.3667233
-0.2059682
-0.2044029
-0.107465
-0.5072584
-0.2465774
-0.1201151
0.01089702
-0.03102191
0.3121734
0.1817714
0.01428579
-0.07461557
-0.009548277
-0.2477064
-0.05173289
0.1957699
0.05219887
-0.1076411
-0.2144789
-0.05531851
0.06915776
0.1200879
-0.3144614
-0.1113825
-0.07009109
-0.3233279
-0.2906145
-0.004346008
-0.006977285
0.1740159
-0.05445565
0.01083214
-0.3345839
0.06298394
-0.1278027
0.2152433
0.4278427
0.3413731
-0.04123547
0.2683272
-0.02664955
-0.07120137
0.208001
0.1918919
0.2443612
0.2299935
0.1651518
0.001176374
-0.1551511
0.0761114
-0.05579323
0.05959708
0.248745
0.1952269
0.04785484
-0.5068945
-0.5350438
-0.4292572
-0.5862292
-0.4323657
-0.3815787
0.1064801
0.148707
0.09734164
0.05741532
-0.2790288
0.1333224
0.3133114
0.355057
-0.3697431
-0.2321756
0.1411523
0.1956623
-0.2920491
-0.151155
-0.003635602
0.09866309
-0.03826727
-0.1384089
0.1367097
-0.1564887
-0.02224172
-0.1841078
0.2026294
0.1176001
0.2887014
0.346273
-0.06398574
0.1413739
-0.4370798
0.1855651
-0.07280896
-0.1215016
-0.1308447
-0.2390479
0.1728783
-0.04637139
0.2247009
0.06372892
-0.0219902
0.09896537
0.0006500332
-0.08407751
0.288585
0.02871502
0.317337
0.06944953
0.5001244
0.09600747
0.02805603
-0.1356075
-0.04709195
-0.1449458
0.0349949
0.1042147
0.1120995
0.3219468
0.14853
0.114652
-0.03505433
0.17121
0.4758595
0.5134596
0.3772133
0.2425211
0.3586369
0.3552399
-0.2959123
-0.03639246
0.06955289
0.437719
0.02983873
0.2361809
-0.2567277
-0.0733526
-0.2007284
0.05759392
-0.1781134
0.1566311
0.1270577
0.3361112
-0.1066314
-0.1429335
-0.1536188
-0.2188661
0.02230806
-0.05138572
-0.1838711
0.02534667
-0.09202584
-0.03829595
-0.2686271
-0.1152738
-0.1632424
-0.159299
-0.08497945
0.2645287
-0.2809825
-0.2643081
0.2644644
0.477152
0.2328565
-0.04801744
0.09356927
-0.0612931
-0.04621886
0.1411503
-0.1282573
0.3298669
0.08473931
0.1092818
0.2680062
-0.1377317
0.02961277
-0.1734699
0.09098446
0.07598194
0.224978
0.1626289
0.0597567
0.03938089
-0.122191
-0.3720069
0.1992509
-0.1633334
0.09534592
0.1467029
0.9427767
0.8526327
0.8285552
0.8905753
0.8274115
-0.500797
-0.4231408
-0.3175931
-0.06165589
-0.03749119
-0.1910058
-0.5141413
-0.5491111
0.1816347
-0.06454222
-0.3130903
-0.2527347
0.1570419
0.2349501
-0.01039657
-0.03472898
-0.02431939
0.02844115
-0.1693964
0.08711883
-0.2965699
0.03433041
-0.2607921
-0.1513699
-0.5981506
-0.4459815
0.05952765
-0.05091398
0.3689536
0.08953189
-0.05539554
-0.0888311
0.2248787
0.4346483
-0.09452356
0.04012725
-0.1106448
0.05633492
-0.1545466
0.1367389
-0.1114727
0.3602602
-0.06992341
0.08997618
0.122952
0.06619039
-0.3556525
-0.202597
0.1974098
0.2280273
0.2400772
0.1931964
0.1063574
-0.05118766
-0.2141699
-0.4460198
-0.05461172
-0.1850097
0.08572234
0.1270305
0.8339433
0.850747
0.8596415
0.8230121
-0.4989589
-0.4306964
-0.3423682
-0.07195115
-0.09091048
-0.2262723
-0.4735016
-0.5724728
0.2187649
-0.04707038
-0.299583
-0.2290487
0.1119637
0.2169162
-0.02934463
-0.1147457
-0.01646246
-0.01194793
-0.1607742
0.1256577
-0.3446786
0.0519026
-0.2426548
-0.1327688
-0.5465817
-0.4231609
0.08873
-0.07943871
0.3550027
0.07116695
-0.02434837
-0.116058
0.247787
0.4291619
-0.06674655
0.03657849
-0.07709153
0.06128788
-0.1381513
0.06413457
-0.1961042
0.3511312
-0.08925719
0.1324388
0.0951545
0.09522639
-0.3634044
-0.244199
0.2078417
0.3075985
0.2133653
0.1423472
0.02465239
-0.08812798
-0.2344604
-0.4707523
0.03284589
-0.242956
0.0855248
0.1244214
0.8594357
0.8086149
0.8395827
-0.4062504
-0.3672713
-0.3955051
-0.2074505
-0.04600337
-0.263464
-0.4153427
-0.5099925
0.2581429
-0.09250969
-0.3693282
-0.360577
0.05274101
0.1761317
0.03501531
-0.09365793
0.06542564
0.02889803
-0.2665971
0.1608841
-0.2400359
0.02705019
-0.354209
-0.2295533
-0.4546042
-0.3283887
0.09808023
-0.1580949
0.3934259
0.06371967
0.01571711
-0.07430896
0.1958099
0.4613768
-0.2519582
-0.05988112
-0.2509843
-0.02356656
-0.1893897
-0.04082476
-0.213364
0.1991569
-0.09555672
0.1140305
0.03510545
0.08520847
-0.3591705
-0.2543279
0.280888
0.2072359
0.06150043
0.05545182
0.007804339
-0.1062887
-0.2625264
-0.3611665
-0.0822655
-0.1955463
0.03549249
0.1083863
0.7451767
0.8349563
-0.3920033
-0.355235
-0.4605466
-0.304656
-0.0003291878
-0.339922
-0.5287032
-0.5797275
0.3156151
0.03020051
-0.2941362
-0.3086464
0.07551618
0.1525308
0.05574228
-0.1184454
-0.01098361
-0.009430902
-0.2448925
0.08626164
-0.2948351
0.07214641
-0.4278988
-0.2291548
-0.495499
-0.3877623
0.1481281
-0.05187183
0.4799752
0.04253637
0.1583728
-0.05026715
0.2069142
0.4078011
-0.2228157
-0.003771036
-0.1284267
0.1221866
-0.1832123
-0.03991427
-0.2250254
0.06321327
-0.2337715
-0.01328207
0.002068539
0.06026188
-0.4022288
-0.2515623
0.2302525
0.2071523
0.00079451
-0.01705327
0.02791388
-0.1590885
-0.2775361
-0.400179
-0.2083773
-0.1939508
0.1246264
0.002991862
0.8247889
-0.5334889
-0.5154544
-0.4666586
-0.2396462
-0.1983568
-0.3949541
-0.5404252
-0.6758362
0.2940015
-0.2253035
-0.2776366
-0.32492
0.04406892
0.1040151
0.06911764
0.05733952
0.0996812
0.1211937
-0.1555593
0.04993763
-0.1625849
0.07763228
-0.1174681
-0.1270838
-0.6072458
-0.4038935
0.08152378
0.06498431
0.3511675
-0.01128931
0.006165016
-0.08515339
0.1467412
0.32858
-0.2081186
0.005999462
-0.2081206
0.003425254
-0.1631813
0.1424174
-0.1569354
0.3179639
0.02720431
0.1841538
0.09617001
0.1618775
-0.4362407
-0.2521052
0.254493
0.2137034
0.2594735
0.1296537
0.09853072
-0.09934284
-0.3019321
-0.3360094
-0.07141952
-0.09618628
0.1348458
0.1450495
-0.4999873
-0.4426531
-0.4618642
-0.3500952
-0.1394392
-0.3675578
-0.5564537
-0.5324494
0.1852755
-0.1878778
-0.3540743
-0.3425147
0.1178898
0.2067119
0.09397192
-0.009142927
-0.05042875
-0.02328439
-0.1327056
0.0748596
-0.2468763
0.1650403
-0.367698
-0.3047856
-0.5491137
-0.3343073
0.2087303
-0.005831548
0.2350024
-0.001110165
0.07666791
-0.2300148
0.09118046
0.4019175
-0.2202097
-0.01790113
-0.1190749
0.0464161
-0.1880392
0.01379651
-0.1489723
0.273101
-0.01268715
0.1250872
0.02598222
0.1762047
-0.2920127
-0.2910006
0.3804453
0.3459643
0.03943576
0.1087285
0.08603864
-0.01796649
-0.2385393
-0.365688
-0.2277588
-0.1919722
0.2265887
0.09970454
0.8314142
0.3001147
0.08184628
0.2468718
0.189115
0.4785412
0.47606
-0.2120762
0.1044592
0.07903184
-0.04474665
0.1035144
-0.06280127
-0.1347493
-0.2264081
-0.1332769
-0.02284582
-0.1599975
0.06553412
0.07067586
0.005597717
0.1872776
0.1920567
0.4528898
0.2678586
-0.2365128
-0.2655883
-0.177944
-0.2893772
0.07323295
0.08872659
-0.2075433
-0.2336149
-0.2302939
-0.06504858
-0.04781437
-0.1557075
-0.003376555
-0.2502549
0.1199877
-0.02295399
0.001382947
0.1028051
-0.2137737
-0.3318154
0.1465946
0.1699442
-0.1759379
-0.290105
-0.1225357
-0.1768129
-0.02835132
-0.1821066
0.05138575
0.3924106
0.1686262
0.2389893
-0.1127045
-0.05705497
0.3629909
0.3082006
0.2861742
0.2798927
0.3897606
0.534057
-0.3605231
0.1983083
0.04292342
0.03697881
0.1687907
0.0569407
-0.1670834
-0.2240432
-0.2267152
-0.09690635
0.04434783
0.04208933
0.1282457
0.0976785
0.04987008
0.1822456
0.4190147
0.2891196
-0.3431052
-0.2653995
-0.2289831
-0.08777815
-0.06629114
0.06466528
-0.04847533
-0.02414974
-0.03736882
-0.06861055
0.07519488
-0.1981528
-0.01747743
-0.2587607
0.08676109
0.02527084
0.05392055
0.1130159
-0.02811243
-0.3763662
0.2554533
0.147184
-0.06926597
-0.2180226
-0.103789
-0.08685821
-0.02709119
-0.2367502
0.09167435
0.2539316
0.1728479
0.1987999
-0.04253941
0.01737271
0.6679495
0.4582496
0.5952254
0.4264271
0.5424359
-0.1938928
0.451634
0.5135201
0.6081697
0.4006873
0.2331471
-0.115355
0.0055793
-0.1094142
-0.2067196
0.1200283
0.0142508
-0.0271437
-0.1488538
0.1439602
0.1102332
0.260437
0.121098
-0.3720822
-0.3183823
-0.2103485
0.1145759
-0.2054778
-0.008946108
0.1705171
-0.1100807
0.2154692
-0.06312962
0.02129262
-0.2748236
-0.001447294
0.07993539
0.2133681
0.09556906
-0.1082907
-0.2118541
-0.001051132
-0.4087291
0.2426269
0.1636536
-0.3940167
-0.2097434
0.2063586
0.2978974
-0.02920299
-0.009242015
0.2739153
-0.04169984
0.1025456
0.06960606
-0.1571033
-0.07340613
0.4166616
0.7851883
0.1784882
0.3513917
-0.3223708
0.4385062
0.2320285
0.546014
0.2918862
0.3261691
-0.1805553
0.01157695
-0.1454958
-0.1473593
0.1907595
-0.09102739
-0.1401515
-0.1743851
0.02621018
0.2065932
-0.009755671
-0.0152205
-0.532203
-0.3626533
-0.180952
0.2694966
-0.3940458
0.05024223
0.358069
0.107858
0.5329339
-0.04146647
0.1346837
-0.215409
-0.002144586
0.09025975
0.05834836
0.1283824
-0.06626983
-0.1935287
0.3054957
-0.2736965
0.3073652
0.01131184
-0.3713404
-0.3059434
0.4066394
0.3212889
0.05055752
-0.0610118
0.3517409
-0.257126
0.15287
-0.1652149
-0.1306881
0.03656636
0.5462928
0.1153196
0.2615755
0.05936945
0.4370035
0.1359475
0.0515798
0.1828341
0.1962032
-0.1984783
-0.2509786
-0.2846076
-0.1535434
-0.08424134
0.05545377
-0.05590066
-0.1321886
-0.2677987
-0.1092977
-0.1594072
-0.2382828
-0.2972725
-0.2700612
0.228251
0.04533959
0.03542939
-0.009288325
0.4301046
0.3234196
0.1372954
-0.009387113
0.1149353
-0.02358643
0.03737191
0.0087786
0.1323662
-0.05914586
-0.375061
-0.2929785
0.01404104
-0.3326387
-0.0099304
0.01169773
-0.2242825
-0.1909313
0.01219165
0.1252584
0.03779726
-0.07594103
0.1902429
-0.1017014
-0.1601216
0.008109899
-0.05709362
-0.1142222
0.1809615
0.5180256
-0.4175847
0.4417427
0.1656743
0.446626
0.2681308
0.2446998
-0.1210488
0.02607339
-0.2626557
-0.2761461
0.1002462
-0.1185193
-0.1957269
-0.3121608
-0.005384374
0.2860692
0.07187238
0.08689548
-0.3788647
-0.2756986
-0.2823637
0.2853637
-0.2958186
-0.02684137
0.2123195
0.09622023
0.4593716
-0.03001509
0.2034271
-0.2472353
-0.01699361
0.1892903
0.158443
0.03244542
-0.1373066
-0.2656305
0.2163665
-0.2127426
0.3461078
-0.0637076
-0.4144445
-0.3307127
0.3083877
0.3281539
0.09401147
0.109706
0.343546
-0.09540971
0.01991776
-0.2000949
-0.1226638
-0.04467548
0.6049643
-0.1481066
0.1081981
0.1639417
0.1174243
-0.008265198
-0.1192227
-0.1730943
-0.2663352
0.01716183
0.01829512
0.01471674
0.05117326
0.1013241
-0.05432764
0.1852551
0.06751864
0.5039267
0.2724807
-0.2916712
-0.2030925
-0.1847325
-0.05989893
-0.1604579
0.1202556
-0.1168955
-0.2687733
-0.01357412
-0.02914752
0.04509855
-0.2476984
-0.07328264
-0.2830428
-0.009966762
-0.04978613
0.1120345
0.04936044
-0.1527104
-0.2678805
0.3681257
0.2313061
-0.2015641
-0.007618889
0.00254752
0.02324727
-0.1459527
-0.08989608
0.2548094
0.2611353
0.3854845
0.1722245
-0.0470299
0.09087615
-0.580448
0.1387264
0.04061013
0.2503692
0.1685919
0.05046066
-0.04291168
-0.07545757
-0.06911397
-0.1657809
0.1404895
-0.03739332
0.04699308
-0.1075454
0.07435437
-0.0139999
0.4680283
0.4018405
-0.320243
-0.247636
-0.5283102
0.05873889
-0.2294287
-0.03225976
-0.1158753
-0.06152097
0.2336971
0.02549563
0.1240415
-0.3135026
-0.1521973
-0.177041
0.06515129
-0.09093388
0.1651948
-0.07940957
-0.05995636
-0.3173518
0.4399596
0.1867976
-0.2845495
-0.1953721
-0.000983161
0.1614161
0.1245061
0.002187223
0.3243284
0.1804132
0.06099564
0.1260214
-0.02535887
0.02858888
0.206946
0.3546009
-0.0466661
-0.2289713
-0.2149401
-0.03687499
-0.1131801
0.06013921
0.1004381
-0.1635521
0.1796513
0.1114869
-0.07921522
0.07474681
-0.01551682
-0.05057552
-0.2327325
0.2686673
-0.01274825
0.6335057
-0.2344997
0.3104897
0.1072928
0.1221
-0.1179439
-0.3907311
-0.1255869
-0.3375448
0.2063551
0.1536462
-0.06440218
-0.08478298
-0.04724432
-0.4216694
-0.06552944
-0.3195468
0.09049653
-0.3815877
-0.1692678
0.08613011
0.2609496
-0.1811687
-0.1627876
-0.2698831
-0.02802568
-0.3737563
-0.08436779
0.006840527
-0.05482008
-0.01975818
-0.3833531
0.571272
0.539679
0.2819332
0.3909064
-0.2702318
-0.2353876
-0.1678883
-0.2090878
0.1373856
-0.01160962
-0.02165162
-0.3218101
-0.07860865
0.1320424
0.1556956
0.02930687
-0.2255894
-0.3383291
0.2234679
0.2074396
-0.1529734
0.09084835
0.2420528
0.06835662
0.06065582
-0.1729618
0.003363761
-0.0752286
0.03658973
-0.0677555
-0.001778653
-0.06104748
-0.5675937
-0.463958
-0.08190087
-0.4923199
-0.01986004
-0.000138732
-0.337179
-0.07752566
0.07553859
0.1351061
-0.07363625
-0.03555578
0.06169002
-0.3115935
0.04122931
-0.1887993
-0.05805891
-0.2797442
0.7128045
-0.01754039
0.03954008
-0.218709
-7.561117e-06
-0.1069905
-0.2631587
0.1119631
0.01105106
-0.0314153
-0.3802458
0.331482
0.3167327
0.3008842
0.1571427
-0.1100958
-0.107438
0.03816821
-0.001041618
0.04973445
0.02949003
0.1060066
-0.3674086
0.02492611
-0.1481283
-0.06924652
0.008525415
0.1530548
0.07631296
0.06907661
-0.0794162
-0.41143
-0.3086653
-0.1112524
-0.2400123
0.06321209
0.02084435
-0.2185113
-0.04490884
0.186505
0.0867821
-0.2294794
-0.06067491
-0.03774736
0.03277626
0.1982798
-0.004014386
-0.2238914
-0.2231964
0.166929
0.2323792
-0.1114488
0.07719284
-0.09744181
-0.2796485
0.168626
-0.1563151
-0.1358778
-0.3679299
0.1688527
0.3068
0.2048824
0.1730103
-0.234201
-0.1714121
-0.2257559
0.1889872
-0.1690777
-0.1162826
0.1131635
-0.1380318
0.2727008
-0.0520171
0.006801695
-0.1386714
8.824572e-05
0.09428851
0.01886349
-0.08829653
-0.2035075
-0.3938037
-0.04414579
-0.2877306
0.2043806
-0.01789256
-0.3767208
-0.1972111
0.3119559
0.1626044
0.01201925
-0.0207896
0.1911002
-0.1144774
0.139038
-0.1032113
-0.111988
-0.1010884
0.5621539
0.08405529
-0.01091969
-0.09065961
0.04332515
0.1938126
-0.04927031
0.120857
0.2673644
-0.1908562
-0.1000245
-0.08152614
-0.07523545
-0.302928
-0.138348
-0.0309165
-0.06415297
-0.07431812
0.007460974
0.1562891
0.1330242
-0.02628483
-0.1265842
-0.1398573
-0.3401801
-0.2839921
-0.106612
0.03068195
0.2095097
0.02100893
-0.2697293
0.1046979
-0.2031017
0.1090098
0.07056405
-0.2136224
-0.06218501
0.1933536
0.3237228
0.1418841
-0.2048859
0.207194
-0.3303915
-0.217779
0.002863392
0.05783588
0.1018067
-0.04079986
-0.1815187
-0.209579
-0.1524775
0.1164186
-0.1440865
-0.02948745
0.06983372
-0.3162666
-0.244621
-0.2181778
-0.2219368
-0.2766655
-0.1742873
-0.009405237
0.1752638
-0.1870552
-0.09256676
0.3112176
0.2933983
0.09573784
-0.02226076
-0.04978824
-0.09112584
-0.1306564
-0.02633951
0.05076666
0.2246582
-0.1469055
-0.3840571
0.2344568
-0.2850448
-0.04747317
0.07631945
-0.08320542
-0.09944698
0.1778048
0.1642911
0.2870904
-0.08631005
0.1021553
-0.4823419
-0.1880416
-0.1461612
0.01285357
0.236842
0.4723377
0.2881091
-0.0279161
0.2193511
-0.2967173
0.2002454
0.27745
-0.0817255
-0.2267366
-0.1342479
-0.2235954
-0.007078504
0.04253015
-0.1523938
-0.2596095
-0.07191533
-0.05352305
-0.2238049
-0.03255077
-0.04800622
0.2201011
-0.0839177
0.005453462
-0.3114924
0.03607139
-0.147928
-0.1361776
0.2544121
0.09781624
-0.09352172
0.1492322
-0.02879727
0.09059313
-0.09521038
-0.1284551
-0.01938705
-0.02202712
0.1099678
-0.07344291
-0.1406715
-0.01609778
-0.4728629
0.05199038
0.2067972
-0.1263193
0.4471519
0.2478313
0.109542
-0.03824556
0.01648773
-0.01441513
0.2439618
0.1120442
-0.03890874
-0.08540775
-0.005198795
0.01434443
-0.2340927
0.03099003
-0.1219647
0.0132388
-0.3087442
-0.2834622
0.02492844
0.1504176
-0.1656206
-0.06752005
-0.05768186
0.1487927
0.0816115
-0.1078061
0.1445692
0.05549256
-0.09074789
0.2313461
-0.1580396
-0.05989824
-0.2706839
-0.2006454
0.08776849
0.1510796
0.09456137
0.007663962
-0.05732151
0.1108015
-0.2476865
-0.1225447
-0.06867789
-0.345639
0.6370459
-0.01711596
0.3098383
0.09580774
-0.09575457
0.3147282
-0.117228
0.04559126
-0.0284223
-0.1001165
-0.1056914
0.01140491
-0.06735653
-0.1183625
0.1008318
-0.2503486
-0.09940936
-0.1094011
0.1094761
-0.2183985
-0.1409161
-0.0964608
-0.1155624
0.04436333
-0.1886061
0.172597
0.06224295
-0.2382889
0.1313003
-0.275896
0.1101781
-0.2789185
-0.1586111
-0.1091058
-0.08691042
-0.0113434
-0.1166817
-0.008942256
0.09239241
0.1091958
0.08137707
-0.04427177
-0.2897136
-0.1194021
0.3809895
0.2366878
0.1574561
0.06465498
-0.118806
-0.0219213
-0.08746428
-0.105894
0.01195662
0.188185
-0.1525658
-0.03146638
0.2074755
-0.1774932
-0.101419
-0.1904287
0.04988834
-0.2643337
-0.06545457
-0.01483816
-0.19557
0.1437584
-0.06794456
0.1641548
-0.0209177
-0.1476408
0.1777852
-0.2278606
0.1094877
-0.2413336
-0.1596807
-0.08348647
-0.08941211
0.0822648
-0.1814535
0.1381413
0.1320381
0.02668962
0.04184135
-0.001857745
-0.1106584
-0.1562189
0.2191247
0.1660657
0.08956294
0.007232529
-0.07305145
0.007295655
-0.02850699
0.08254441
-0.14913
0.05409954
-0.1615296
0.2331535
0.1641844
0.1150511
0.1901828
0.007881433
0.1102528
-0.05320434
0.1229863
0.07867438
-0.01739873
0.1547985
0.05663307
-0.1043927
0.1759342
0.05115783
0.1630751
0.2149699
0.007577353
0.2175902
0.0192866
0.05753131
-0.0104338
0.03638662
0.06292807
-0.1352635
-0.2186504
-0.09847472
0.01211897
0.02719302
-0.1035057
-0.07761495
0.1283072
0.009927365
0.1545103
0.01982935
0.1717074
-0.1972404
0.1959119
-0.09731449
0.1578601
0.09372058
0.07064467
0.05874833
-0.3158339
-0.09378341
-0.2384256
-0.07116329
0.1748876
-0.2030435
0.1185599
-0.02383233
-0.2523392
0.03869799
-0.1353762
0.05798909
-0.2308144
0.03833153
-0.006162901
0.1853807
-0.3190349
-0.09284692
-0.2254923
-0.05845792
-0.06571482
-0.0483555
0.272181
-0.02352741
-0.3842168
-0.2223682
0.3954347
0.08015804
-0.03531476
0.2899603
0.1444978
0.05572425
0.3086348
0.02250042
-0.1806086
0.07045947
0.08573405
-0.0347277
-0.08060016
-0.167669
-0.09593371
-0.207207
-0.1330413
0.1233266
-0.08342489
-0.09534479
-0.1088248
0.08942478
0.06701099
-0.1757453
-0.07840542
-0.07525457
0.2505606
-0.07009482
0.01641118
-0.1689923
0.03295801
-0.01887874
-0.03140783
-0.1374652
0.1552012
-0.1045763
0.2390175
0.1477325
-0.193145
-0.1545913
-0.2395139
-0.05038784
-0.07803177
0.05582943
0.199525
-0.01525957
-0.200955
0.001391116
0.02612346
-0.1029838
0.04646556
-0.02887463
-0.0143629
-0.04724904
-0.07584728
-0.08364378
-0.1750817
-0.03677686
0.04940622
0.3399441
0.2720054
0.03634449
0.02318068
-0.06211274
0.03222711
0.2157884
0.1305037
-0.1452955
-0.004240534
-0.06834968
-0.1181196
-0.09788691
-0.00476976
-0.2669642
0.09881296
0.2600117
0.1819862
0.5068793
0.3290046
0.3423791
-0.03930892
-0.02229914
-0.2615583
0.000843472
-0.05634851
0.07002604
-0.2707806
-0.328806
0.009223454
-0.06433561
-0.07625964
-0.2336896
0.1502319
0.1861441
0.1697897
0.1974376
0.0720395
0.1846773
-0.2020002
-0.02460705
-0.1796362
0.05646448
-0.1687623
0.03275758
0.0667209
-0.01600963
-0.1356742
0.1021023
-0.2557447
0.3724787
0.4273513
0.1074378
-0.2369507
-0.2328817
0.2853278
0.4264027
0.06633178
0.08302859
-0.1416702
0.128074
-0.05722739
0.07734813
-0.09308391
-0.2344253
0.0690055
-0.1635964
0.02221391
-0.2292453
0.2128815
0.2485426
0.1184999
0.1231114
-0.05384677
0.04091544
-0.001091739
0.004244379
0.0005124236
-0.1814599
-0.08752904
-0.02016659
0.1785906
0.06500728
-0.07582293
0.1883034
0.02292554
0.2356541
0.3436264
-0.04691492
-0.3310043
-0.02180741
0.6680469
0.05246254
-0.1273086
-0.3227944
-0.04078209
-0.05296738
0.1223388
-0.2839125
-0.4750359
-0.1859515
-0.2633428
-0.1540535
-0.2558684
0.02777687
-0.3672769
0.1087283
-0.1939748
-0.04155944
-0.03362764
-0.3292402
-0.1726425
0.2132324
0.1081698
-0.1006506
0.06172929
-0.2562536
0.01967717
-0.2891271
-0.01718631
-0.03238201
0.3279707
0.3036295
0.1123051
-0.1472733
-0.2340065
0.1748884
0.05687776
-0.3593254
0.08943969
-0.05941007
0.1353422
-0.2103001
-0.2403521
-0.04896739
-0.4717549
-0.07782782
-0.4584897
0.1047139
-0.03074031
0.11149
0.004223734
0.1077135
-0.03586805
-0.01721283
-0.1108719
0.2068875
-0.1142335
0.04832633
0.05866236
-0.2190582
-0.005707114
-0.05620633
0.2736208
0.0821264
0.2988049
0.1972567
0.2150186
-0.1279962
0.0953221
0.4378244
0.1885325
0.02863632
0.3396287
0.06304245
-0.03155626
0.03429604
-0.3016095
-0.1689591
-0.07845323
0.2396863
0.4425147
0.1917302
0.09732565
0.002240991
-0.205473
0.04501056
-0.08914727
0.3869587
-0.3098587
-0.2403228
0.3903327
0.4304803
-0.5005025
-0.2892726
-0.1580362
0.5747923
-0.2556009
-0.03780786
-0.06495386
-0.1153568
-0.1080924
-0.01109578
0.166451
0.1805869
0.3693034
-0.02511213
0.0006232076
-0.1398404
-0.0193871
-0.09699932
0.0513447
0.07083546
0.2341346
0.4737921
-0.001736414
-0.08549863
0.2108032
0.02090197
0.3418755
0.3477044
0.01616353
0.02177329
0.1738807
0.05557873
-0.07937912
-0.1572763
0.2337608
0.3048988
-0.08757789
0.1558903
-0.1527871
0.2998294
0.1765394
0.1637383
0.06764815
0.4388125
0.1071433
0.41848
0.2224853
-0.3406885
-0.1127717
-0.2416934
0.2300456
0.01926519
0.04578584
-0.2041485
-0.04495689
-0.3900472
-0.2058304
0.07367518
-0.03818532
-0.3572845
-0.08381199
-0.04746657
0.06317365
-0.1868841
-0.1699332
-0.08462198
-0.09458238
-0.2115549
-0.273708
-0.1168324
0.01544426
-0.01154472
-0.1035836
-0.05658761
0.02925061
0.303134
0.2169283
0.2601875
-0.1462669
0.1937285
-0.02538641
0.0981245
0.3316138
0.09865388
-0.02759635
-0.06913254
-0.2862632
0.4087083
-0.0191161
0.05572529
0.0009413998
0.00642056
0.07779573
0.01194673
0.01588992
0.06745497
0.1693684
0.00452111
-0.1971745
0.04967659
-0.1914897
-0.109531
0.09091035
-0.1020646
0.1886927
0.02992682
-0.3001622
-0.1454758
-0.1663046
0.2095181
0.1338244
0.1296492
-0.08187752
-0.1417349
-0.1903995
-0.04148374
0.01877753
0.2125392
-0.08894159
-0.05733719
0.009254896
-0.01368828
-0.2012647
-0.2258728
0.1099972
-0.01224787
-0.3027005
0.09217961
-0.2097838
0.08703086
-0.09861588
-0.1052858
0.263396
-0.1227358
-0.1851144
-0.2709093
-0.1347352
-0.1020709
0.2698267
-0.09354625
0.2873313
-0.07359032
-0.1014807
-0.09876206
0.07060583
0.1495347
-0.08385387
0.1007236
0.01750671
0.04483737
-0.1765128
-0.1278941
-0.1565775
-0.00665538
-0.01185198
0.02090878
-0.05091057
-0.1690258
-0.1077107
0.01025011
0.4541205
0.1253354
-0.1403776
0.08123102
0.121928
0.09504381
0.09456958
-0.1015209
-0.001690412
-0.3540553
-0.3423469
0.4386807
-0.01540918
-0.03331571
-0.0164721
-0.02470419
0.1681781
-0.05180286
0.08323887
-0.04095027
-0.09426719
-0.02443037
-0.4190277
-0.07627388
-0.1692854
-0.08988706
0.1610991
0.08227719
0.01310607
0.1377069
-0.03095858
-0.03228328
0.02705552
-0.06797265
0.1827669
-0.07851831
-0.04006093
0.1332676
-0.121766
-0.273688
-0.0865058
0.08258056
0.1125882
-0.07153386
-0.02439334
0.08986632
-0.02128927
-0.04344463
-0.295344
-0.1043328
-0.1467484
0.009412006
0.2275059
0.3861646
0.6223661
0.1416984
0.009563161
0.2479838
-0.0730783
0.04943197
0.2408547
0.04238773
0.3929121
0.002574138
0.3779102
0.03163638
-0.101991
-0.1483488
0.3841838
0.3304778
0.06321037
0.1451048
0.4250801
-0.01244293
0.1345627
-0.04632251
0.04275614
0.1923765
0.421158
0.4966323
-0.1005385
0.1081505
-0.1088518
-0.03415215
0.2596059
0.2442014
-0.1615181
0.04561632
0.03576473
0.2234962
-0.1199083
-0.08877998
0.1728876
0.2549883
0.1040832
-0.00762483
0.1170339
0.0475802
0.05737418
-0.03630948
0.09626501
-0.02003353
0.3993084
0.08847463
0.1656783
-0.02044471
-0.03781541
0.1966692
0.177634
0.2561444
0.008586271
0.3656068
0.1427393
0.2002775
0.06473687
0.1191895
0.09481192
-0.03242884
0.2064387
0.2208232
0.03452818
0.1710378
-0.01604113
0.2265394
0.2806925
0.09310181
0.05559074
-0.1831268
-0.2144256
-0.1854749
0.008463422
0.05945642
0.1734636
0.005057611
0.1111594
0.172543
0.05036121
-0.08842352
-0.1357322
-0.07761192
0.04017101
-0.1589395
-0.1568057
-0.003481822
-0.179472
0.006878691
-0.06063726
0.3036413
0.3106757
0.0604678
-0.144366
0.04779937
0.01712114
0.2348526
-0.1478782
0.1242325
0.2302173
0.1877012
-0.251895
-0.2168522
-0.04987999
0.4968291
-0.09261797
0.06751806
0.1134165
-0.06996907
-0.3110941
-0.07779806
0.1986879
0.266784
0.04832061
-0.02984605
0.3551538
0.1906073
-0.06931157
-0.1419323
-0.1349433
-0.1143238
0.1929343
0.143061
0.3260678
0.5399889
-0.08989128
0.004223026
-0.05204732
0.02481979
-0.0874577
0.06194778
0.2376561
0.04745292
-0.01778855
-0.1001796
0.2315787
-0.05810842
-0.04194706
0.0587265
0.03032549
-0.08522016
-0.02800405
0.04475546
0.3241732
0.1893778
0.2091259
-0.02405223
-0.1115728
-0.0872709
-0.01294125
0.1330875
0.1977083
0.092506
-0.0627744
-0.1194318
-0.09350753
0.07699083
0.2720362
0.1506571
0.1884643
0.1075838
0.2185506
0.09676802
0.002594954
0.1832147
-0.03268238
0.008725329
0.204258
0.5164594
0.1333231
0.1928411
0.3719716
0.1510201
0.1795537
-0.0884394
0.19462
0.187732
0.2382996
0.03924556
0.2022969
0.3237416
0.04024854
0.3065757
0.2270149
0.3289292
-0.1639248
0.1370309
0.03306676
0.05843208
0.3228387
0.1360264
0.1335404
0.1086179
-0.2119013
0.08458647
-0.1531556
0.3746909
0.3223362
0.1728261
0.2292712
0.02571855
0.2138746
0.3078636
-0.03691429
0.09826501
-0.0966364
0.1991707
0.01338208
0.1481751
0.06320258
0.1334469
-0.3032983
-0.149038
0.008010501
-0.1158319
0.423878
0.06795646
-0.2324046
0.2638453
0.1936287
0.0264019
-0.08395325
-0.05834897
0.257547
-0.03176932
-0.01405368
-0.1519638
-0.2846706
-0.06034358
0.09537423
0.1429741
0.09169919
-0.09710055
0.2250364
0.2013484
0.05822848
0.002510398
0.4098797
0.05201028
0.07280703
0.1604175
0.1009199
0.2199556
-0.05388476
0.0007522707
-0.05926314
-0.05189233
0.04444658
-0.1663864
0.1026121
0.2085369
0.005238815
0.3904574
-0.1046953
-0.1089508
0.5291564
-0.1881133
-0.2716572
-0.2268771
0.1684858
-0.09587973
0.0009430865
0.06008596
0.04491091
0.1065037
0.3849955
-0.3082471
-0.0316338
-0.3756222
0.1545742
-0.1339191
-0.1083283
0.166139
-0.1179813
0.02657062
0.02329256
0.4315962
0.09994621
-0.2001901
0.1693568
-0.1127233
0.1123731
-0.09955999
0.08772163
0.2212313
0.09485886
0.1120198
0.1257429
-0.1172159
0.1008928
0.005994564
0.1350016
-0.1044353
0.1380716
0.12322
-0.008513382
-0.3348684
0.2268772
0.1352854
0.1250072
0.07887193
-0.01592323
0.01693066
-0.02393639
-0.007725204
0.02453714
0.1264955
0.02396052
0.09699736
0.0425961
0.2835142
0.2426815
0.4285899
0.1302701
-0.07558437
0.07335111
-0.1213818
0.008332799
0.1468304
0.05817019
0.03097793
