0.5760687
0.5007855
0.2309096
0.0305183
0.2194887
0.3533338
0.2139031
0.05658439
0.1937461
0.6033958
0.4240981
0.5777622
0.4197211
0.3784761
0.1899753
0.2925588
0.3566198
0.5649166
0.5842401
-0.07642317
0.06133972
0.2298935
0.2656642
-0.1849394
0.08124952
0.05698021
0.08799459
0.3751995
0.2981448
0.1714862
0.2380265
0.2356391
0.3331573
-0.2295202
-0.4009846
0.2609545
0.358962
0.03024287
0.2122389
0.2668557
0.2825606
0.002944725
0.08725427
-0.008920914
0.1836908
0.01908356
0.1131886
0.3278611
0.3830299
0.4216496
0.3177073
0.1470978
0.08320925
0.08695773
0.183377
0.651882
0.55852
0.4382353
0.3699671
0.4316309
0.3151539
0.261587
0.3441029
0.0508762
0.03267152
-0.1464475
-0.1768527
0.4786962
0.3883863
0.3088675
0.1933344
0.2508423
0.3638585
0.02909382
0.102444
0.5583089
0.5599415
0.1014432
0.06880007
0.3663514
0.4334712
0.339304
0.21665
0.4004256
0.06634547
0.108064
0.1336622
0.2696065
-0.1814558
-0.3038482
0.009221675
-0.2250904
0.1307673
0.2106201
0.02656376
0.1275395
0.08695106
0.07858844
0.1312537
0.3129295
0.3968054
0.2097282
0.3330011
0.1209719
0.078801
0.07920245
0.2175172
-0.01345674
0.1422724
-0.04289071
0.1485412
0.003929365
-0.07322072
0.1361868
-0.07931344
0.07130807
0.005608853
-0.1897795
-0.1771135
-0.09811336
0.07175717
-0.1602778
-0.1262451
0.3948309
0.309831
0.148718
0.1527908
-0.04645415
-0.1032069
0.2534347
0.4611328
0.2824375
0.4538339
-0.2296297
-0.1071964
-0.1125502
-0.07853444
-0.4757565
-0.3152116
-0.1038641
-0.1069173
0.185217
0.2162965
-0.002300429
0.01445982
-0.1165107
0.2072741
-0.3602124
-0.3428136
0.05632169
0.1706215
-0.1947768
-0.03311512
0.1095794
0.1847568
0.300055
0.2761167
0.03258381
0.2479214
0.2846683
0.3450869
0.2919237
0.4833247
0.4103518
0.4207116
0.3520212
0.277946
0.2480046
0.278898
0.7506281
0.7539252
0.1383531
0.2023853
0.06281647
-0.06173316
-0.05372818
0.1850903
-0.1305503
-0.3070387
-0.4249227
-0.3138578
0.3722577
0.416815
-0.1066118
-0.0826751
-0.009895498
0.006155454
-0.1303564
0.09326322
0.4277569
0.4328969
0.1624753
0.07903488
0.2062523
0.3334228
0.1800668
0.1471719
0.0515415
0.00382629
-0.172969
-0.1464446
0.09125563
-0.1192651
-0.09017498
0.07134534
-0.08336839
0.05911588
-0.08242564
0.05305003
0.2109213
-0.03301831
0.1476171
0.1731218
0.07741772
0.1426996
0.153626
0.1238314
0.1044391
-0.08201121
0.01406933
-0.07673795
-0.2025798
0.1013967
0.1743904
0.3330892
0.2021134
0.006914292
-0.1081932
-0.232792
0.6658604
0.282571
0.3916826
0.8132046
0.5931523
0.4216561
0.4451751
0.5596599
0.3620213
0.7142049
0.4077413
0.5481094
0.2922831
0.3253874
0.1750837
0.4264791
0.4230424
0.2165165
0.08074774
0.7746541
0.773891
0.3097953
0.4030727
0.1846308
0.1307997
0.4193109
0.3325844
0.6324847
0.6014745
0.3917798
0.522735
0.1887194
-0.2061747
0.1535234
0.2925756
0.1323414
0.1144726
0.09561311
0.2175399
-0.36932
-0.2179938
-0.04659555
-0.06662893
-0.3988649
-0.2961547
0.05815774
0.01264822
0.03210227
-0.1540768
-0.1797583
-0.2563803
-0.3282745
-0.313016
0.1957834
0.1091521
0.3480822
0.1142523
0.4592956
0.4242978
0.2976747
0.2755365
0.4890938
0.3153469
0.1793173
0.1679569
0.1298632
0.1449447
0.6023203
0.4906901
0.2961652
0.409974
0.1095951
0.1020267
0.3883429
0.2737254
0.262584
0.09590767
0.4357223
0.2894288
0.2812429
0.09551911
0.402865
-0.1263777
0.2177811
0.290937
0.09428184
-0.270316
-0.225402
-0.0439144
-0.1423935
0.02776356
0.2641011
-0.01832565
0.01670527
0.1403201
-0.1223337
-0.1931477
0.3672579
0.344357
0.2506333
0.1716762
-0.1944773
-0.03448485
-0.09452689
0.2649227
0.003664048
0.1477162
-0.2762777
-0.1096442
-0.4061628
-0.2066126
-0.03412243
0.02429826
0.002334066
0.05660016
0.7629693
0.7727289
0.1791872
0.1184476
0.2876267
0.3203467
0.4461528
0.3432006
0.2083754
0.005340895
0.1867716
0.02518128
0.2968761
0.2288517
0.01053482
-0.09645192
0.8111686
0.7213702
0.1672037
0.1469552
-0.05231738
-0.09915968
0.1352826
0.1711936
0.7623217
0.6327052
0.4026933
0.5968988
0.2882009
0.08489916
-0.2179912
-0.1583464
-0.1288177
-0.144781
-0.140591
0.05502882
-0.3812484
-0.3590863
-0.1508496
-0.2482162
-0.3618425
-0.3534199
-0.1388847
-0.2165809
-0.2312197
-0.3290152
-0.2378521
-0.2447195
-0.3990708
-0.3903487
-0.0190132
-0.1204092
-0.02606135
-0.1791349
0.1584993
0.1571644
0.1005378
0.2101759
0.3711249
0.3088122
0.1486562
0.2553892
-0.1376054
-0.04898257
0.3801961
0.3878835
0.187639
0.1371187
-0.01514173
0.07792194
0.03144478
0.03477896
0.2298341
-0.05407356
0.1961667
-0.04103235
-0.02239026
-0.05632291
0.1697314
-0.07632097
0.03308312
0.09613314
-0.09229767
-0.1773983
0.06300289
0.01398648
0.2130987
0.1292147
0.1353622
-0.07070723
-0.03666847
0.008999731
-0.2987002
-0.3434788
0.1123789
0.02949192
0.06378196
-0.008776773
-0.2048827
-0.01630966
-0.2416998
0.1185153
-0.01661299
0.1336508
-0.3288461
-0.19649
-0.4277748
-0.1302394
-0.121928
0.0911111
0.846236
0.2904111
-0.07605463
0.7884125
0.8440241
0.1534915
0.05700422
0.2243436
0.1023265
0.7329581
0.5045286
0.1577974
0.172048
0.3712304
0.3743225
0.6141575
0.7930999
0.218353
0.3714886
0.5210026
0.7972231
0.7848682
0.8222685
0.4015364
0.03685263
0.1996757
0.3249846
0.1721202
0.1562436
0.04988076
-0.1260167
0.2916038
0.4650841
0.6687494
0.6179642
0.480562
0.416931
-0.08685072
0.141888
0.4080566
0.3278366
0.0459501
-0.01965594
0.4615356
0.2565457
0.1063538
-0.09896945
-0.429881
-0.5077187
-0.05015373
-0.2312553
0.175953
0.1677314
0.5602941
0.5311966
0.3187434
0.5813559
0.2583114
0.5427796
-0.1517079
0.2302817
0.2809586
0.2363959
0.08230037
-0.1009293
0.4513538
0.3201548
0.3518906
0.3858579
0.3703235
0.05993241
0.3391409
0.2671458
-0.09276268
-0.1074443
0.3457298
0.3618506
0.4444863
0.4206479
0.2853976
-0.07218159
0.4508825
0.6463926
0.1453051
-0.2548169
-0.4612043
-0.2970761
-0.613555
-0.5107587
0.1803644
-0.1879071
-0.1991164
0.05618659
0.2208344
0.2509235
0.419339
0.340818
0.2435305
0.231573
0.1223594
-0.2091968
-0.161562
-0.02085794
0.1454948
-0.1144582
0.01309888
0.03413911
-0.2417661
0.02876912
-0.0458619
0.02338011
0.3656153
0.03735525
0.797893
0.8905844
0.3750191
0.3619008
0.4377762
0.3899278
0.8301694
0.6824965
0.3589091
0.2857456
0.459976
0.4423952
0.5304107
0.6460007
0.2722653
0.4593471
0.4844432
0.8396921
0.688138
0.8080943
0.6248138
0.3346036
0.3005564
0.5292199
0.146313
0.1930244
-0.01228434
-0.2378487
0.3559182
0.4706184
0.7035026
0.606639
0.485109
0.415654
-0.1624709
0.1214179
0.306116
0.3200069
-0.07914978
-0.1012007
0.4394339
0.2334271
0.1996936
-0.09240577
-0.4444098
-0.4329458
-0.1488921
-0.1721333
0.1808878
0.1390794
0.627486
0.4978358
0.4326752
0.6495105
0.2570879
0.5300967
-0.03275352
0.2242864
0.1859787
0.1286384
0.1406021
-0.01119469
0.5808717
0.4732326
0.4819257
0.62782
0.51009
0.1434257
0.4418024
0.3796744
0.06480558
-0.03971591
0.4946044
0.5241734
0.4932469
0.4446615
0.4033726
0.08285767
0.5410667
0.6187892
0.1584573
-0.1286334
-0.5223379
-0.2139036
-0.5613386
-0.3874527
0.2725735
-0.19263
-0.1643596
0.2308128
0.2671604
0.2510161
0.5880541
0.3933438
0.2978683
0.2874117
0.1016559
-0.07945314
-0.04598503
0.012078
0.3240345
0.005841657
-0.1503699
0.1355545
-0.242954
0.01741583
0.0915663
0.06287073
0.6893408
0.4734162
0.4420538
0.4605438
0.2673726
0.6843878
0.3297834
0.4203732
0.2267609
0.2310482
0.05747128
0.426477
0.3028946
0.2408888
0.1413424
0.7738505
0.774459
0.3066287
0.398785
0.1522269
0.1534361
0.2958236
0.1771847
0.6348037
0.5905611
0.4906116
0.6037878
0.3869002
-0.03875275
-0.07930783
0.1027847
0.07009462
0.01768932
-0.05558774
0.04732193
-0.487332
-0.3915242
-0.08553722
-0.1851415
-0.4767335
-0.463928
-0.01854278
-0.1691261
-0.2130106
-0.4034934
-0.3715203
-0.4492795
-0.5203166
-0.5401001
0.08225801
-0.01900425
0.3386564
0.1087937
0.472564
0.4096441
0.3530289
0.294415
0.4319369
0.3708471
0.3440205
0.3634949
0.01363175
0.06791982
0.5932244
0.5110896
0.2783968
0.3425488
0.07013462
0.03259183
0.2488403
0.2491467
0.1099947
-0.01396109
0.3160625
0.1782408
0.159385
0.03666132
0.351068
-0.08134601
0.159706
0.2805009
-0.1167983
-0.286107
-0.1489449
0.02015183
-0.03598956
0.07495344
0.2396603
-0.0007754415
-0.01257671
0.10462
-0.2031373
-0.2832084
0.2441725
0.3093089
0.1866781
0.1797883
-0.1776053
-0.006545032
-0.1699153
0.2123049
0.07067066
0.1188334
-0.3788884
-0.1938232
-0.5294324
-0.1389265
-0.1119933
-0.027871
0.2407966
0.1402564
0.3796291
0.4601402
0.4742253
0.4161151
0.07441417
0.06391517
0.3418281
0.1279749
0.1134886
0.1277088
-0.09688563
-0.2536171
0.6099138
0.6202843
0.009206985
0.06099223
-0.1564646
-0.09083884
0.2626844
0.3086082
0.691683
0.6317834
0.2485961
0.4519899
0.1998063
-0.07449825
-0.2128193
-0.06902464
-0.1516433
-0.312296
-0.2389319
-0.07274899
-0.283941
-0.2664037
-0.0425534
-0.1194841
-0.3101598
-0.2637865
-0.1432434
-0.03280744
-0.1837299
-0.3491967
-0.1834519
-0.1819107
-0.3867804
-0.3323922
-0.01412382
-0.1068753
0.08761559
-0.2561286
0.3859193
0.1068183
0.1482087
0.145639
0.4401578
0.08090978
0.006530142
0.1114294
-0.1965958
0.05367131
0.2788353
0.3869043
0.1843961
0.235572
0.01570003
0.08280145
0.06484602
0.05336073
0.2329625
0.03976034
0.2611712
0.05756404
-0.1474001
-0.168218
0.1528913
0.03405073
-0.00653178
-0.04563425
-0.2677736
-0.05195861
0.1436316
0.08428687
0.2666294
0.2492395
-0.06751534
-0.1007406
-0.06619056
0.03112146
-0.2230457
-0.3184061
0.02143989
-0.02594249
0.1272521
-0.03153738
-0.3197989
-0.08062781
-0.1159775
0.1443288
0.07171171
0.06354963
-0.3674851
-0.09313507
-0.2927773
-0.1770695
-0.1636812
0.1058914
0.8883255
0.2766435
0.2583739
0.4050263
0.3061981
0.7062387
0.5651117
0.3237366
0.2800409
0.4291451
0.3752804
0.5879993
0.6071953
0.2720356
0.4547208
0.5164042
0.7629072
0.6385363
0.742502
0.6148146
0.3183858
0.4133409
0.5281834
0.187795
0.2422034
0.08853385
-0.1739427
0.3034326
0.4866673
0.5072759
0.4101638
0.3199241
0.396443
-0.1921323
0.04446885
0.3269368
0.2116463
-0.1310544
-0.1668411
0.3428567
0.1658223
0.07609591
-0.2545454
-0.397149
-0.4862896
-0.2900576
-0.3381506
0.1437831
0.1333247
0.5255011
0.3690435
0.4730298
0.5462296
0.3682516
0.4415451
0.06041805
0.256269
0.2601566
0.3257696
0.06771074
0.1331595
0.6276132
0.5495697
0.5234238
0.55527
0.4510466
0.09316043
0.3650094
0.289114
0.1398511
0.02146484
0.5305151
0.5373973
0.4388394
0.466049
0.4096788
0.1388595
0.3603138
0.5731985
-0.04355418
-0.08288502
-0.3962867
-0.1311149
-0.4719584
-0.4131335
0.1333719
-0.1199947
-0.05177715
0.2005219
0.1876338
0.1700339
0.3530991
0.4082029
0.3813989
0.2410758
-0.05130021
-0.2294101
-0.09754782
-0.07355287
0.2334207
-0.02313129
-0.1224765
0.04594896
-0.2785938
0.0499417
0.02773166
0.05115642
0.3808987
0.364552
0.4847698
0.4159278
0.8424747
0.7551731
0.2847898
0.2436571
0.4545417
0.3959172
0.5762518
0.697922
0.3004494
0.494844
0.4743829
0.8135264
0.7019941
0.7807847
0.6046952
0.3199869
0.3821008
0.5279017
0.1677762
0.1894566
-0.03572035
-0.2604364
0.3938139
0.5198057
0.626076
0.5638655
0.4931814
0.4525291
-0.2035335
0.04020717
0.2974143
0.2594562
-0.1156302
-0.1432775
0.4411243
0.2393592
0.231742
-0.10234
-0.3821725
-0.4205679
-0.1869962
-0.2138182
0.2118824
0.152245
0.622293
0.5531386
0.5353378
0.6509613
0.3576994
0.5360108
0.05913894
0.3089431
0.2065456
0.2389638
0.08869305
0.05979499
0.6422544
0.5679123
0.4848413
0.5656911
0.4033479
0.1162283
0.4754401
0.4254148
0.06612938
0.005987927
0.484529
0.5721156
0.5235467
0.5115344
0.4783734
0.1836023
0.4625611
0.6225546
0.08349812
-0.09653411
-0.4999317
-0.1342426
-0.5285186
-0.3909953
0.213201
-0.1629244
-0.09702051
0.1951927
0.1557124
0.1419063
0.5491994
0.4983969
0.2537208
0.2928057
0.009285576
-0.1692322
-0.125953
-0.06888502
0.203708
0.003068462
-0.1594277
0.06360617
-0.2413992
-0.06820109
-0.04123081
-0.02845325
0.7125741
0.7483627
0.6131826
0.4940392
0.4086151
0.4411449
0.3756248
0.4140075
0.4612745
0.1162946
-0.03696573
0.3529666
0.4694527
0.04808755
0.2947101
0.1517863
0.1499836
0.6243053
0.5111685
0.5069493
0.5359467
0.1457167
0.4126941
-0.1781205
-0.3615694
0.2186197
0.256307
0.1230991
0.17154
0.2661671
0.2610078
0.07603669
0.207718
0.1170336
0.2461963
0.006720669
0.1269315
0.4384574
0.4253125
0.4866206
0.3273191
0.07684881
0.08453064
0.05123057
0.1553975
0.4327751
0.3514148
0.5099635
0.3553314
0.4974171
0.349118
0.2770976
0.4714656
0.2063266
-0.002407493
-0.1091695
-0.09140724
0.2505482
0.2397125
0.5590399
0.5755983
0.5099316
0.6404347
0.1747989
0.2297012
0.6136157
0.5323592
0.3799643
0.08479823
0.4771369
0.4738886
0.3165213
0.1091836
0.354162
0.1352757
0.1127083
0.1291023
0.1311372
-0.08938788
-0.1363901
0.1758271
-0.1295149
0.162538
0.2384054
-0.08909853
0.1161224
0.1805771
0.01031639
-0.02255686
0.4738159
0.4171833
0.2993133
0.3456075
0.0008793407
0.2472392
-0.003600574
0.08184818
-0.007014848
0.2222664
-0.0257124
0.06685312
-0.0171164
-0.2043315
0.08600538
-0.2156888
0.6433322
0.853073
0.4790455
0.4852481
0.5833264
0.4707553
0.3059512
0.4040997
0.03681873
-0.08887951
0.2971132
0.4375246
-0.04613523
0.2689123
0.09683947
0.1393013
0.6893137
0.7158282
0.5992474
0.6898231
-0.05632492
0.2920559
-0.3210638
-0.3671451
0.1274922
0.1086686
0.1653752
0.1153428
0.2081445
0.2301195
0.009366528
0.2200917
0.1071243
0.216828
-0.03176131
0.1040215
0.3098962
0.3590389
0.431242
0.2195421
0.02547747
0.1276505
-0.009335527
0.2065616
0.2442269
0.1798558
0.3185747
0.1736973
0.4140853
0.305767
0.0871403
0.4213924
0.1649162
-0.0455937
-0.309358
-0.201418
-0.03742326
0.04579712
0.3970239
0.5668599
0.4925518
0.6437928
0.3512945
0.2146959
0.4009163
0.3022216
0.4986149
0.09698694
0.5004637
0.4666547
0.2520958
0.1127433
0.3439275
0.3848906
0.1630961
0.04065103
0.09633327
0.1053369
-0.1079246
0.1193527
0.03736377
0.1387079
0.1163479
-0.1742193
0.09776681
0.3144542
0.02722809
0.003591659
0.3893226
0.1986729
0.1711146
0.1979152
-0.08864952
0.1242132
-0.05336915
-0.08135642
0.1595623
0.2270849
-0.2292846
0.1265375
-0.002305568
-0.2212447
0.03689219
-0.169884
0.7052087
0.6386872
0.4744659
0.3602572
0.2379264
0.3954906
0.3823806
0.1164767
0.05159289
0.5496437
0.6958613
0.2614778
0.4290037
0.2607647
0.1831706
0.5755406
0.4163377
0.6090622
0.604938
0.3677712
0.513375
0.009378467
-0.206549
0.2600034
0.2708422
0.2638099
0.2695421
0.1856179
0.3528711
-0.2705111
-0.1180755
-0.08809014
-0.06788689
-0.2685153
-0.1777362
0.2305499
0.1367684
0.2952022
0.0666893
-0.03543273
-0.07530689
-0.1362587
-0.03682335
0.2806718
0.1421711
0.4200311
0.2777276
0.6030973
0.4889317
0.3697321
0.3797617
0.4875112
0.3585183
0.1592271
0.15065
0.1457652
0.2066151
0.709638
0.613102
0.4929392
0.6164086
0.3070678
0.1388711
0.585623
0.5036537
0.316267
0.04697793
0.4302417
0.4674974
0.3436419
0.2316461
0.5722628
0.1285845
0.2297142
0.2998211
0.2327295
-0.1589918
-0.1777923
0.1533592
-0.1402424
0.09918988
0.3109313
-0.1024577
0.1280494
0.2680886
-0.1800683
-0.1693633
0.4255852
0.5017757
0.1690102
0.251176
-0.09767726
0.1449985
-0.07035665
0.1094414
-0.02535837
0.1501115
-0.1942693
-0.1251093
-0.2851725
-0.2802555
0.04384044
-0.132803
0.5510845
0.6024933
0.4250993
0.3808133
0.3334126
0.3440021
0.07420778
-0.03330991
0.326012
0.5538744
0.1562682
0.3803238
0.1929326
0.1577794
0.6590541
0.63149
0.6176723
0.6906507
0.0961541
0.2927691
-0.2287831
-0.2423453
0.3338051
0.2431638
0.317808
0.293538
0.2699364
0.3444136
-0.1468347
0.02625826
-0.06234674
0.00614759
-0.2168292
-0.08819269
0.2041028
0.2272784
0.4563362
0.1947383
-0.01033944
0.08173955
0.01877427
0.1933835
0.1573144
0.08887277
0.3175269
0.2458225
0.4124905
0.3502412
0.1793893
0.37735
0.2186089
0.2217404
-0.1274204
-0.03722482
0.04190324
0.1123972
0.565047
0.6687602
0.5646514
0.6391471
0.4510946
0.2010962
0.4248818
0.3517909
0.4374878
0.1950845
0.5206198
0.5492216
0.3667975
0.2829185
0.6131532
0.4841411
0.2771024
0.2633683
0.1925329
0.07079052
-0.2062022
0.04872335
-0.07811015
-0.006272034
0.109441
-0.1344822
0.05167698
0.2524837
-0.1423493
-0.138122
0.3537663
0.2117112
0.06754126
0.07265038
-0.03411584
0.1497996
-0.08003046
-0.08540082
0.08253626
0.149469
-0.2232762
-0.1184898
-0.07456706
-0.2666254
0.1001079
-0.07013181
0.7289439
0.34246
0.3495494
0.50889
0.519181
0.481681
0.5679133
0.3990697
0.5759306
0.5129269
0.8217859
0.6928073
0.653088
0.6674111
0.4313067
0.4633565
0.5954097
0.2629736
0.3458824
-0.0589282
-0.2384691
0.465272
0.5151756
0.610464
0.5943969
0.5429331
0.5303218
-0.1687396
0.1255075
0.1861439
0.2085787
-0.09525638
-0.08039706
0.4705401
0.2651171
0.3568469
0.07763146
-0.2359513
-0.2715905
-0.06313832
-0.06177478
0.2490354
0.1694575
0.5528325
0.5260266
0.5095898
0.6950402
0.3191721
0.5679171
0.1535762
0.411011
0.2031319
0.1688857
0.1311655
-0.008620298
0.6862101
0.5690314
0.5469466
0.6667679
0.4396506
0.1421905
0.5332021
0.4060806
0.2015907
0.01663813
0.5841423
0.5976166
0.6061099
0.4867845
0.6046898
0.1193928
0.4443701
0.5973494
0.394032
-0.1608451
-0.4662052
-0.1430342
-0.455598
-0.2935065
0.3416862
-0.2000069
-0.04283781
0.2249122
0.04811025
0.1098138
0.5668208
0.4744719
0.2592181
0.2323626
0.1271952
-0.0451141
-0.08882839
-0.01486342
0.1757692
0.07362498
-0.1484153
-0.007867085
-0.2307076
-0.1185684
0.0813762
-0.03495433
0.2628859
0.2401235
0.2193878
0.235007
0.3275617
0.4435208
0.2005114
0.4221866
0.4732353
0.7217313
0.5434316
0.552181
0.5437769
0.5132217
0.2917893
0.4407039
0.03615822
0.09234558
-0.1502465
-0.2172599
0.5129995
0.425579
0.5828338
0.459733
0.3946401
0.3064502
-0.1918198
0.03643514
0.04092553
0.08700531
-0.2629541
-0.2248518
0.2654074
0.158009
0.3301209
0.04290194
-0.1887291
-0.09769751
-0.1282944
-0.0391904
0.07156802
0.03317048
0.4277388
0.4081758
0.4149937
0.4546178
0.2078996
0.2942232
0.1260593
0.2636615
0.09717291
0.04484667
0.1180789
0.1223574
0.5006259
0.5184635
0.4292281
0.5735597
0.3988854
0.1167575
0.3969354
0.3479811
0.2058917
0.3282516
0.4334641
0.5652891
0.5304539
0.5258123
0.5001681
0.3595169
0.4539824
0.487054
0.09258523
0.124206
-0.4630901
-0.1319659
-0.3582261
-0.184643
0.1339185
0.02258844
0.01315764
0.1135643
-0.1021115
-0.1660048
0.4422304
0.4314255
0.01580148
0.08207133
0.1194241
0.06818905
0.02551571
-0.1122826
0.258639
0.03007752
-0.2427384
-0.1176502
-0.09211028
-0.1390342
0.08515409
-0.1892358
0.6519555
0.3239805
0.3962704
0.2119823
0.0578352
0.2760194
0.2999338
-0.01941441
0.2631784
0.06841793
0.1714095
0.6744343
0.6194033
0.4411987
0.5381916
0.03063121
0.3868762
0.03972385
-0.2647141
0.02931656
0.1423445
0.1785784
0.1017325
0.09563597
0.1295548
0.02377672
0.2718948
0.2363454
0.3256013
0.03875679
0.1597593
0.2061383
0.3336987
0.1962986
0.005425619
-0.1436405
-0.08069532
-0.1408142
0.02340295
0.3552192
0.2975518
0.2874855
-0.04605361
0.2981859
0.2346074
0.01522762
0.3258342
0.1477376
-0.1117545
-0.05527636
-0.03959528
0.136942
0.1391192
0.2099661
0.3492446
0.3273726
0.4927522
0.3110035
0.2488025
0.3895114
0.1671193
0.4263365
0.160048
0.5428317
0.3964215
0.1851087
0.02969135
0.2713782
0.2964662
0.1560804
0.08512097
0.05425749
0.1086463
-0.1318708
-0.08926679
-0.05268707
0.08849889
0.05929051
-0.2146485
0.1392971
0.2548899
0.1856959
0.07382514
0.2523443
0.1342048
0.1952474
0.2204912
-0.2621975
-0.01956294
-0.0211802
0.0550037
0.2284218
0.245078
-0.101942
0.2615041
-0.204077
-0.1591121
0.01271721
-0.1093286
0.4119193
0.5344663
0.2684456
0.09422994
-0.0270249
0.1550789
-0.05197848
0.2510946
0.1568156
0.1605189
0.6480684
0.6246215
0.2470263
0.3179381
-0.007333407
0.3953548
0.03000182
-0.2635546
0.1410723
0.3324138
0.1449017
0.1226023
0.1482665
0.1874776
0.1869178
0.3876892
0.2798068
0.3904219
0.08890638
0.1960648
0.3589681
0.4382714
0.213561
0.108585
-0.1147026
-0.1604492
-0.08720132
-0.02953927
0.5052907
0.5252095
0.3755783
0.1994137
0.2801883
0.2702937
0.1632468
0.460974
0.01399934
-0.04041585
-0.1015975
0.03715887
0.2798131
0.19484
0.1318071
0.213182
0.2806421
0.4392562
0.3198617
0.1574111
0.3910002
0.2939064
0.4915325
0.3306123
0.6473262
0.5922325
0.3811574
0.1170698
0.3196936
0.08073776
0.112589
0.1537926
0.1113724
-0.1668603
-0.2998908
-0.1925153
-0.2197572
-0.1958597
-0.09358961
-0.1046546
0.1060259
0.1015361
0.1918823
0.1456989
0.08515856
0.1128814
0.2164071
0.05896315
0.01928724
-0.1373633
0.007038541
-0.03394095
0.015164
0.07505245
-0.09188754
0.1725632
-0.06039654
0.07856509
0.05618778
-0.2321912
0.7747264
0.2933601
0.3255782
0.2888116
0.310466
0.0518923
0.2828606
0.1842971
0.3145939
0.5307184
0.2989488
0.3315626
0.3788341
0.3452816
0.4573686
-0.03535222
-0.2071497
0.1692175
0.2333787
0.1957718
0.3476861
0.3536549
0.2897357
0.009605739
0.08912647
0.1935545
0.244244
0.007711591
0.03952219
0.3822643
0.2510857
0.1534628
0.007229236
-0.3007311
-0.3503573
-0.0786129
-0.09095755
0.4969623
0.4127757
0.4083916
0.4732791
0.2704958
0.3960151
0.3542572
0.5043656
-0.1166461
0.137993
0.0225729
0.09562098
0.3135586
0.2268179
0.3934368
0.3228374
0.3928895
0.3570097
0.2053962
0.2434328
0.446009
0.4200484
0.1228675
-0.01071286
0.5017451
0.541922
0.4881456
0.3729559
0.3877394
0.07403093
0.2279039
0.377289
0.1405366
-0.2965512
-0.4507412
-0.2377658
-0.3548559
-0.2336876
0.3369038
0.1083314
0.1650945
0.2626387
0.2220083
0.2191369
0.3541682
0.2444552
0.2754349
0.2807081
-0.04338451
-0.0737419
-0.2073294
0.0963322
0.02163749
0.2472166
-0.06293318
0.09522761
-0.2251809
0.1048299
-0.04141982
-0.03530692
0.2362979
0.2729018
0.2133121
0.3111205
0.03920259
0.2988863
0.2453846
0.3163194
0.5632772
0.432468
0.2850558
0.3917639
0.175117
0.4462981
-0.1827974
-0.2819434
0.2207164
0.3556763
0.1978443
0.3115372
0.3665013
0.386175
-0.01141807
0.1762382
0.1836776
0.2763292
0.004882815
0.01756986
0.4049409
0.3019491
0.2778635
0.1435632
-0.1679059
-0.182599
0.01688417
-0.02754877
0.5365628
0.5284965
0.3350363
0.3739469
0.1693121
0.3582832
0.1795228
0.5136101
-0.1834587
-0.02970567
-0.167845
-0.1352176
0.3216713
0.2665739
0.3292341
0.2222604
0.3375
0.4345646
0.2668879
0.1193936
0.4787832
0.3738218
0.1987144
-0.004980225
0.5775841
0.5105246
0.5300523
0.4029219
0.309376
-0.05520447
0.1915127
0.3903083
0.1845667
-0.4348665
-0.4820921
-0.3028367
-0.3774149
-0.3023916
0.3040534
0.1209058
0.1850056
0.2469116
0.2235143
0.2458585
0.3600784
0.1800565
0.4157725
0.1702276
0.01773335
-0.192013
-0.1803992
0.01482342
0.02929392
0.1588642
-0.06437423
0.07731956
-0.2575708
0.0806993
-0.02861541
-0.0817109
0.4624266
0.1361918
0.3010576
0.2806159
0.5202275
0.4401863
0.5058164
0.3326539
0.2374878
0.1941988
0.231538
0.01967906
0.08594986
0.1384525
-0.1040633
0.1073861
0.2165825
0.2516407
0.3474235
0.2903565
0.2713219
-0.02081888
0.09979776
0.4011718
0.2679539
-0.006521279
-0.000114046
0.3185139
0.1112602
-0.0037694
-0.112084
-0.4016456
-0.4766058
-0.2352071
-0.2763849
0.015738
0.1036994
0.3667921
0.4087158
0.1501181
0.2950081
0.2425922
0.5128189
-0.1196378
0.1089607
0.1500929
0.2891419
-0.07883394
-0.1019359
0.3760655
0.3404768
0.1652474
0.2440214
0.2226271
0.018076
0.072053
0.03918826
0.2738064
0.01111584
0.4048327
0.2889823
0.4861724
0.1496372
0.2146256
-0.004649985
-0.04401672
0.5641818
-0.09922401
-0.3446999
-0.3286823
-0.1812222
-0.4261188
-0.4807745
0.08192113
-0.1150845
0.1578381
0.330126
0.3360396
0.3280495
0.2421982
0.2950998
0.2362205
0.2601106
0.0188607
-0.1935613
-0.3886203
0.07491582
0.07999876
0.2386032
0.06608688
0.01614807
-0.1821665
-0.02998474
-0.1000232
-0.2810329
0.09757552
0.1310572
0.3586202
0.6416968
0.6998563
0.69363
0.1952671
-0.05133445
0.02255851
0.1359715
0.140267
0.07322304
-0.04696894
-0.1122122
0.2824558
0.419921
0.5700214
0.5741083
0.4813888
0.2900288
-0.1044769
0.1266861
0.3028187
0.2513861
0.09885954
-0.01020366
0.3336409
0.1164313
0.06325625
-0.1124559
-0.3399771
-0.4047265
-0.03384966
-0.1645979
0.2337352
0.2610013
0.3900165
0.4996849
0.1851625
0.5032214
0.1393381
0.4287964
-0.2416213
0.2528746
0.2126202
0.2031305
0.2003288
-0.01032527
0.2784167
0.154213
0.1752294
0.1870045
0.1553791
0.005504066
0.2538618
0.2494474
-0.2092538
-0.08282205
0.198762
0.2987386
0.4320665
0.5299532
0.216996
0.03710547
0.4375078
0.5068028
0.1652346
-0.1008802
-0.5463808
-0.334131
-0.5995856
-0.4844269
0.1475226
-0.09720548
-0.1418421
-0.02513209
0.1033066
0.1887651
0.2375556
0.3587852
0.01441981
0.2065403
0.16978
-0.2551305
-0.08785817
-0.1638737
0.1612491
-0.1278167
0.002474687
0.0515277
-0.1296732
0.04461996
-0.01702847
0.05396507
0.7991212
0.3570679
0.3393494
0.1436741
0.04933248
0.243027
0.1524085
0.7299025
0.6700255
0.5200863
0.6009518
0.3319101
0.08745619
-0.06469045
-0.04027361
0.1369688
0.0078054
-0.005775814
0.09267887
-0.4274845
-0.3138715
-0.1072642
-0.2268207
-0.3742245
-0.3591458
-0.1052225
-0.1953597
-0.1798231
-0.3060586
-0.2662862
-0.2393073
-0.3379851
-0.3638385
-0.004325701
-0.1152756
0.06199747
-0.1207529
0.2285592
0.3105424
0.0726155
0.2245549
0.4817136
0.3396049
0.2682688
0.2296368
-0.1246758
-0.05220329
0.4642424
0.397572
0.2193785
0.2345316
0.02190333
0.1426824
0.1896018
0.08287324
0.07716257
-0.02447627
0.156279
-0.003571037
0.02495495
0.06514877
0.1671688
-0.08548274
0.2139709
0.174003
-0.03950495
-0.158367
-0.06242189
-0.03283576
0.04566542
0.1098522
0.2554994
-0.09433563
-0.07225603
0.07047151
-0.2855464
-0.3187015
0.2587588
0.1915578
0.09589847
0.1073725
-0.182466
0.04339652
-0.1241248
0.1914264
0.01382424
0.0682116
-0.32891
-0.1928942
-0.5047275
-0.1526094
-0.03222116
0.04451263
0.4624285
0.524634
0.3450133
0.26708
0.4396649
0.3650949
0.7615188
0.7646574
0.3605794
0.5653898
0.289028
0.02842192
0.1797769
0.1780879
0.2712905
0.2314079
0.1291354
0.303779
-0.4172501
-0.2432441
0.009858418
-0.05956594
-0.4074719
-0.3446919
0.1181432
-0.0134007
0.02415484
-0.1688745
-0.3296541
-0.3031539
-0.3429322
-0.3070613
0.0380328
-0.07780404
0.2942046
0.1178795
0.3285296
0.3217368
0.2059949
0.3373133
0.4059737
0.3387505
0.261689
0.2854597
-0.07659356
-0.0575958
0.6210621
0.55679
0.3171069
0.4071206
0.3076954
0.1017238
0.3267422
0.2422011
0.2896165
0.05770333
0.4142595
0.2337041
0.2859633
0.1239448
0.4054901
-0.02659307
0.2797456
0.4557407
0.0009540016
-0.289722
-0.2219981
-0.1084446
-0.1581518
-0.08758552
0.2025119
-0.1392166
-0.06817744
0.09824386
-0.1821051
-0.2335859
0.4664442
0.2526246
0.1849665
0.1057319
-0.1114181
0.004163713
-0.2542034
0.1236499
0.04145781
0.1085293
-0.308365
-0.2167796
-0.4306335
-0.2589378
-0.05820523
-0.04759696
0.755314
0.6058201
0.3800185
0.3001332
0.08846278
0.3574651
0.3467496
0.367079
0.2840972
0.3462931
0.2973332
0.395415
0.2946163
0.5256769
0.381651
0.1070387
0.2741136
-0.2133078
-0.0357587
0.08894332
-0.06094419
-0.2372478
-0.3384841
0.1556834
-0.06711456
0.05591308
-0.09332218
-0.2357925
-0.215457
-0.07469039
-0.1863475
-0.2291312
-0.2773057
0.1753932
0.05650112
0.06201874
0.2443074
0.1294602
0.07077862
0.2357124
0.4674541
0.6153651
0.4681992
0.04073514
-0.09868053
0.5400623
0.4001873
0.4353086
0.4197425
0.4510841
0.09451363
0.2341142
0.09067329
0.0636567
0.1855026
0.1966893
0.1762305
0.2307711
0.2847382
0.3151479
-0.02133761
0.5002037
0.4639166
0.1266508
0.0110771
-0.2045959
-0.2672683
-0.3182612
-0.251607
0.1756783
-0.06007745
-0.1458174
-0.08416945
-0.2361849
-0.2740365
0.1823139
0.1172366
0.1304799
-0.1195415
0.04717688
0.1188751
0.08254974
0.006541308
0.1342539
-0.1352811
-0.1119179
-0.3882175
-0.3726726
-0.08027473
0.2521734
0.1201608
0.6985299
0.6472378
0.5395958
0.284454
0.3761985
0.4958391
0.2205844
0.2766647
0.1115287
-0.05497743
0.4040298
0.4698185
0.7012351
0.5822514
0.3337211
0.3336182
-0.1778825
0.1292201
0.2523614
0.1812563
-0.1532299
-0.194342
0.3693274
0.1575684
0.1702683
-0.08690913
-0.3906245
-0.3967007
-0.1453913
-0.220595
-0.006210679
-0.02438204
0.5545014
0.414627
0.3969238
0.6262886
0.2163982
0.4351665
0.07411812
0.4046016
0.3870036
0.3401026
0.03751959
-0.1429957
0.6039206
0.5020544
0.4978704
0.6117646
0.4728716
0.04883521
0.3745392
0.243857
0.1576009
0.1814078
0.4235458
0.422702
0.5021415
0.420941
0.4552656
0.0472547
0.5499755
0.6371357
0.1844499
-0.07541026
-0.4797586
-0.3328363
-0.5009774
-0.38719
0.1053605
-0.204638
-0.2406128
-0.0403701
-0.07168607
-0.05512925
0.3986222
0.3727739
0.1131102
0.07204033
0.1616675
-0.07324836
-0.0233549
-0.03199028
0.2623867
-0.1469047
-0.2233553
-0.1854384
-0.2668752
-0.1028205
0.1243818
-0.0008504207
0.7995653
0.3813149
0.164882
0.2068809
0.2917377
0.1128733
0.09232473
-0.01413563
-0.07025446
0.5240102
0.5623972
0.6322696
0.5907117
0.5557223
0.5586364
-0.1106
0.1733862
0.259837
0.2533633
-0.02500767
-0.04432718
0.4221687
0.2561359
0.3049063
0.1168484
-0.171517
-0.2128563
0.07369442
-0.008014416
0.2232452
0.1737371
0.3317939
0.3807255
0.1567457
0.3533501
0.1296624
0.3936901
-0.03236853
0.282965
0.2599128
0.1706224
0.3014194
0.08624419
0.5348947
0.3906885
0.4300141
0.4469248
0.372369
0.1819747
0.3921888
0.2974986
0.01594299
-0.03000022
0.3915208
0.4137989
0.472618
0.4783966
0.3753584
0.1239559
0.4667645
0.515383
0.2982418
-0.07859515
-0.376793
-0.1438689
-0.5658472
-0.4613379
0.240222
-0.177442
-0.1234451
0.06134887
0.09158264
0.1540197
0.4133582
0.3108216
0.287407
0.2248447
0.1873609
0.01125521
0.02052627
-0.04928053
0.08616576
-0.1011477
0.06277262
-0.03538365
-0.1094118
0.05273463
0.2531354
0.05798504
0.4491632
0.2262103
0.102205
0.3043274
-0.0504626
-0.04895557
-0.1536744
-0.2848866
0.4341733
0.5214833
0.5618727
0.5554883
0.5426384
0.516988
-0.04233469
0.1458569
0.3506427
0.3885147
0.01693786
0.01016737
0.4491404
0.2870864
0.2351567
0.01839549
-0.2837652
-0.2840885
-0.02550609
-0.06783878
0.212697
0.1560521
0.4006639
0.4020392
0.2061103
0.3043255
0.1955524
0.4032267
-0.2377797
0.02093026
0.01737533
-0.05500924
0.2459438
0.1358208
0.3454572
0.2663773
0.3204237
0.4080904
0.375167
0.09627234
0.3042685
0.3146865
-0.04530367
-0.06286224
0.3804746
0.4538208
0.4537147
0.4863814
0.2295533
0.176132
0.3805895
0.5479304
0.06461629
-0.01389649
-0.4704954
-0.125382
-0.6136741
-0.4305296
0.2238953
-0.05985307
-0.06247024
0.2010107
0.3654164
0.3677734
0.4526673
0.3307828
0.3709985
0.3666932
0.1260671
-0.0478466
-0.04939278
0.03093289
0.2812964
0.01693264
0.0432749
0.2022081
-0.04733431
0.1213038
0.1025162
0.05769765
0.7581414
0.5335086
0.6639831
0.1229445
0.4023982
-0.1408884
-0.3761659
0.4408673
0.4760274
0.392707
0.3730337
0.3819441
0.4407164
0.07072916
0.3018294
0.3163088
0.3767376
0.03056798
0.1051571
0.5130471
0.4341948
0.4631956
0.1921565
-0.1135019
-0.0749088
0.004478368
0.1310215
0.367297
0.2977611
0.5112255
0.2876002
0.4352147
0.3876728
0.3547359
0.5486487
0.07698382
-0.02137435
-0.01337417
0.001381115
0.2030953
0.2018902
0.5227742
0.5781658
0.7043535
0.8001823
0.5646447
0.3434287
0.5846838
0.4261207
0.4449411
0.1306341
0.7815503
0.7259297
0.476906
0.3425848
0.4842841
0.3469342
0.3819745
0.3656115
0.1658885
0.06694687
-0.3542706
-0.093947
-0.3681779
-0.2015904
0.2398986
-0.08709917
0.1204995
0.3405674
0.2960098
0.2325257
0.4072798
0.2063183
0.4765256
0.2561207
-0.09162024
0.01934794
0.06519166
0.06254992
0.2140377
0.1872245
-0.07095408
0.1518692
-0.1179311
0.01469162
0.2302121
0.01331487
0.454239
0.580154
-0.1648248
0.2387221
-0.1873496
-0.4150346
0.2789441
0.2862957
0.09021811
0.08601969
0.2065068
0.2199364
0.06306522
0.2701181
0.1781541
0.283294
-0.1285379
0.05807784
0.2740807
0.2723701
0.3271045
0.1352469
-0.05156552
0.06003051
-0.1465944
0.105442
0.2396096
0.1931785
0.1780566
0.01069815
0.2002418
0.06266993
0.1061917
0.3133849
0.1069786
-0.1822572
-0.2696209
-0.2275521
0.1389134
0.2319184
0.2886501
0.4256182
0.3873726
0.6340405
0.3619166
0.2520246
0.3033075
0.1887639
0.6708108
0.3683118
0.765188
0.5729272
0.4898188
0.1803731
0.3196665
0.3556601
0.169247
0.1110695
0.04201216
0.1031695
-0.3021203
-0.08860296
-0.1620622
-0.07081446
0.2070627
0.1124123
0.3496773
0.4327255
0.2102396
0.07076582
0.2652892
0.09575549
0.3266263
0.1034489
-0.1321165
0.07567917
0.02742676
0.1175556
0.353848
0.4068449
-0.1621791
0.07277919
-0.0295024
-0.07310217
0.1780908
-0.1709775
0.8672437
0.4380251
0.6583114
0.1691606
0.05866184
0.03629046
0.005485266
0.15241
0.1109431
0.03524456
0.2844807
-0.2492596
-0.1131627
0.06045687
-0.03798068
-0.2356296
-0.1822881
0.09949385
0.05029943
0.06786576
-0.1227219
-0.1947343
-0.1682887
-0.2110105
-0.1431056
0.03007575
-0.05727627
0.1432082
-0.02381543
0.2891373
0.2846229
0.177605
0.3942383
0.4420573
0.3514853
0.1917474
0.2984475
-0.1251511
-0.02103989
0.6028465
0.6363122
0.4435014
0.4399976
0.3191622
0.1619166
0.2798815
0.1729528
0.4368088
0.04997227
0.4488248
0.2712024
0.2014053
0.1423359
0.3587084
0.1090216
0.2019314
0.2433579
0.05860614
-0.08402346
-0.08242614
-0.01667132
0.04160874
-0.01459402
0.1744439
-0.1572546
0.07644181
0.2065729
-0.2292407
-0.2752507
0.2105185
0.1013464
0.1283463
0.04835633
-0.3347664
-0.02279523
-0.2751472
0.01699689
-0.01543575
0.2212296
-0.1755177
-0.2286137
-0.4432179
-0.2838417
-0.02385331
0.06210259
0.3154533
0.5889945
0.1262468
-0.08186961
0.12132
0.1523961
0.2883312
0.1649818
0.1869148
0.2788321
-0.2234086
-0.003618987
0.1435588
0.1000944
-0.1805571
-0.1391092
0.2051897
0.1128797
0.1577394
-0.1136081
-0.2765619
-0.1758636
-0.222333
-0.1102141
0.1213422
0.04033
0.2938758
0.04623386
0.3679317
0.3759408
0.1580628
0.4468071
0.3014794
0.1992398
0.1043495
0.153561
-0.12438
-0.01322826
0.5882649
0.6351652
0.5043447
0.5965257
0.4333548
0.2175105
0.3487492
0.2521101
0.3214261
0.01344733
0.5338956
0.3682802
0.2374035
0.1773735
0.3772177
0.2093556
0.3160635
0.2453431
0.03367527
-0.01668253
-0.1860281
-0.01717389
-0.06794179
-0.02980239
0.2045817
-0.2303965
-0.01569904
0.2606521
-0.04970097
-0.08607141
0.3778207
0.148996
0.2851313
0.1261719
-0.1885451
0.01636229
-0.1586265
-0.009555688
0.2491294
0.2086949
-0.2936204
-0.04147771
-0.4228846
-0.2652728
0.01449007
0.09553636
0.7207671
0.5209879
0.4375878
0.04965447
0.06924722
0.1594047
0.1608585
-0.08528141
0.2055924
-0.2951442
-0.2915699
-0.1600662
-0.2890159
-0.1334637
-0.2956817
-0.0300506
-0.1550943
-0.1569764
-0.2183648
-0.08710402
-0.232272
-0.09661517
-0.2019607
0.1411959
0.06040216
0.1835768
0.1151338
0.3738816
0.4458747
0.3614094
0.2117333
0.4722388
0.5851177
0.6671614
0.5925972
0.06740109
0.09430343
0.4437106
0.2599609
0.1959299
0.09814972
0.1587544
0.05418229
0.337099
0.2879516
-0.2024606
0.03669683
0.03437623
0.138705
0.004106628
0.2201305
0.2804059
-0.146101
0.2479341
0.1979124
0.2071058
-0.1252018
0.001376342
0.05324268
0.1011568
0.0829199
0.1327691
0.01095479
-0.01839754
-0.05122443
-0.2631738
-0.1926473
-0.001049007
0.1668242
0.05001017
-0.009246403
-0.08816259
0.008610022
-0.004638221
-0.009469777
-0.201383
-0.1055052
0.04375911
-0.2311332
-0.4585917
-0.001101878
0.1047652
0.1033445
0.4667198
0.2398765
-0.07178225
-0.00921798
0.03423236
0.03898675
-0.1037005
0.1730492
-0.1980034
-0.06555577
0.02301277
-0.06056396
-0.1384401
-0.1899761
0.1528029
0.03589765
-0.108168
-0.1774151
-0.1870506
-0.3075188
-0.2406309
-0.2935374
0.2952113
0.252893
0.2670002
0.111019
0.3455539
0.4140009
0.3025025
0.4399669
0.4470061
0.3899869
0.4653159
0.5049179
0.03318616
0.09363252
0.419966
0.3421465
0.262045
0.28097
0.2413953
0.1303431
0.4255975
0.353582
0.2286284
0.07046367
0.3309707
0.2669393
0.1349822
0.1035528
0.2645613
-0.2275477
0.1517995
0.1601555
0.09890836
-0.2782425
-0.07487216
-0.06709267
0.04699578
0.04305819
0.1065935
-0.06265936
0.09411507
0.04518536
-0.195747
-0.2144582
0.06899356
0.1543981
0.1521495
-0.02398944
-0.1397513
-0.07795967
-0.1800382
-0.06584754
-0.141358
0.09157029
-0.07710646
-0.1434321
-0.5319855
-0.04795243
-0.01563222
-0.08132421
0.5755194
-0.2725239
-0.1655761
-0.1139601
-0.2085131
-0.381607
-0.2261735
-0.2635807
-0.2794409
-0.01870628
-0.218228
-0.2443375
-0.346591
-0.1975569
-0.2867581
-0.5398852
-0.4906717
-0.3394156
-0.4408522
-0.4940638
-0.5583933
-0.166669
-0.1905683
0.05814931
-0.2017827
0.1409269
0.1523335
0.1350028
-0.112434
0.4737203
0.414614
0.7678695
0.7128164
-0.1239805
-0.08528487
0.1488924
0.08967264
-0.08831336
-0.1173893
0.05462367
0.00631311
-0.02106548
-0.05964932
-0.1080513
0.122089
-0.07662217
-0.1708882
-0.2637731
-0.3157156
0.04424036
-0.2881739
0.0265493
-0.001026656
-0.1746523
-0.185951
0.2231022
0.04325827
0.2787633
0.1841463
-0.09481372
-0.1291896
-0.1268257
-0.1833842
-0.2434067
-0.3071929
-0.08726093
-0.003363826
-0.0224083
-0.1561994
-0.148661
0.05612781
-0.05362664
0.06675222
-0.03720113
-0.1092711
-0.1607557
-0.1484364
-0.4628881
0.03145622
-0.02342313
-0.1010233
-0.2272624
-0.3846015
-0.03886532
-0.1026177
-0.4688527
-0.1527777
-0.1741686
-0.2195359
-0.1644802
-0.3480474
-0.1328256
-0.2397023
-0.2895152
-0.3563291
-0.3744227
-0.2613926
-0.08577113
-0.08197196
-0.1260161
-0.2350438
-0.3909385
-0.3410508
-0.3136113
-0.2178996
-0.2589398
-0.07808673
-0.1829126
-0.3137115
0.3039197
0.4783679
0.5744733
0.5659787
-0.2273211
-0.2242909
0.04131752
-0.06283226
-0.245967
-0.3478524
0.06839986
-0.1860136
-0.1708075
-0.2032547
-0.1290013
0.0579865
-0.3716694
-0.2846278
-0.259444
-0.07118863
-0.07696312
-0.2431798
-0.06398412
0.02802051
-0.04248862
-0.1417006
0.222481
-0.03557092
0.2923148
0.08805288
-0.08899585
0.03041561
0.01081082
-0.1688625
-0.4221482
-0.3083954
-0.1747248
-0.1375877
-0.2738948
-0.2798133
-0.04929148
0.04692169
-0.2238536
-0.2102781
-0.2455851
-0.0779217
0.08235228
-0.3390666
-0.2792164
-0.01375293
-0.0812589
-0.007472092
0.735432
0.4719986
0.6090706
0.5801727
0.5826708
-0.05453422
0.08341509
-0.05132919
0.1052971
-0.0968392
-0.009249787
0.2529735
0.2179135
0.6279992
0.4679469
0.2543923
0.2705051
0.339064
0.4327083
0.2196914
0.1781077
0.2331677
0.3148649
0.1230033
0.1228044
0.2035147
0.1446907
-0.07488212
0.1278196
0.04075218
-0.06660835
0.4434089
0.2957567
0.3724315
0.258747
0.4220323
0.4307923
0.3235837
0.2117401
0.488581
0.3785632
0.07591477
0.2373836
0.3453529
0.4789372
0.4678919
0.5341263
0.479308
0.395438
0.4295978
0.4610308
0.4088868
0.1978842
-0.3655839
-0.02873836
-0.4013194
-0.2761684
0.149272
0.05574313
-0.001068013
-0.04965274
0.1129701
0.1116356
0.3906626
0.3025154
0.3010278
0.2177047
0.194782
0.1376936
0.2562073
-0.05078193
-0.08572635
-0.09232303
0.1546523
-0.03059507
0.1690166
-0.06480175
0.3326218
0.1312235
0.5068062
0.5675351
0.4949749
0.5535392
-0.01924151
0.1048558
0.09964053
0.1895409
-0.03170281
-0.01417626
0.3593061
0.3248438
0.4735967
0.2390334
0.07716674
-0.01526522
0.1760743
0.1525518
0.4411654
0.4354159
0.4639638
0.3489278
0.3740589
0.3248401
0.2453611
0.2594457
-0.02954293
0.07571437
0.03264938
-0.04803547
0.5308162
0.3701695
0.4098285
0.2912721
0.3931606
0.4800108
0.3021361
0.1495851
0.5509024
0.441413
0.004287671
0.2322737
0.4899487
0.6145249
0.5305623
0.4476705
0.5294623
0.2318561
0.4285915
0.4868281
0.3778332
0.02094291
-0.4206707
-0.03754827
-0.4685057
-0.3420035
0.08157509
0.02592677
-0.1106281
-0.06877434
0.1839749
0.2003988
0.3023881
0.3214957
0.361182
0.1650405
0.1906649
-0.05216631
0.2477742
0.1019047
0.09717043
-0.1790767
0.07220048
0.04291043
0.01534405
-0.05194128
0.2271126
0.04196573
0.7302034
0.4108493
0.4036951
-0.2142336
-0.01023073
-0.001201185
-0.0037753
-0.085728
-0.1899631
0.2081865
0.0857907
0.2426294
-0.04173939
-0.2315147
-0.198176
0.1957509
0.04255122
0.06098023
0.01802321
0.3407667
0.3285964
0.2164635
0.4694993
0.05851709
0.3053415
-0.01721516
0.3255881
0.1876847
0.09596452
0.2057088
-0.07102721
0.4341514
0.3216094
0.3904116
0.4563042
0.5263047
0.2282378
0.4130032
0.3146642
-0.10388
0.06941817
0.1791547
0.3824301
0.3631533
0.5123108
0.4292745
0.1995111
0.6177245
0.6147032
0.3902104
0.03281045
-0.38459
-0.2730655
-0.4871964
-0.4823954
0.1216881
-0.2150019
-0.2638914
0.05090167
0.0069178
0.0196967
0.331729
0.2606861
-0.02551823
-0.01066469
0.1928094
-0.02618756
0.1385867
-0.09284846
0.1147683
-0.2114997
-0.07045475
-0.116657
-0.1965189
-0.1204401
0.1008266
0.1596259
0.5088764
0.6400167
-0.007360692
0.0941802
0.1520805
0.1724524
0.1062004
0.06629604
0.4796626
0.2844094
0.5119573
0.3354365
-0.04882012
-0.0794207
0.3841855
0.3193018
0.2370957
0.2046003
0.4288757
0.5591454
0.1449879
0.3813142
0.1230745
0.3732196
-0.2193667
0.2838721
0.159161
0.1319484
0.2952027
-0.006552726
0.4444284
0.2786498
0.3099728
0.3095215
0.4795665
0.1951993
0.5471631
0.4346366
0.02999597
0.05303828
0.2439439
0.439648
0.5659381
0.5483727
0.4951498
0.2085356
0.4752906
0.7401901
0.5068102
-0.04732688
-0.5257352
-0.2506295
-0.5706734
-0.4992585
0.2168083
-0.09250667
-0.07148158
0.0629706
0.1312842
0.2093459
0.4915868
0.3946759
0.0282587
0.198523
0.2174566
0.005780712
-0.1207149
-0.003254327
0.05390385
-0.02308894
0.2336959
-0.05089443
-0.01174043
-0.1612667
0.08904131
5.64214e-05
0.5119459
0.08588908
0.2142328
0.1845946
0.3059588
0.210083
0.2229292
0.4422923
0.3046781
0.5490558
0.4019693
0.03435517
0.05789986
0.3371079
0.3892026
0.3658717
0.3012297
0.3429585
0.5012905
0.1651968
0.2981515
0.2095582
0.4786018
-0.3172672
-0.04038448
-0.1762668
-0.1933259
0.2818786
0.1366173
0.3492676
0.3183998
0.4765456
0.4058661
0.04152068
0.3077032
0.3135095
0.2875933
-0.04290632
-0.2317595
0.3754039
0.3283105
0.4245842
0.3942179
0.3007059
0.2688768
0.3569546
0.3405491
0.4070502
0.01965251
-0.2443921
0.04141062
-0.4052073
-0.2940897
0.2506504
-0.1945133
-0.09494117
0.1281206
0.380833
0.3973086
0.4827785
0.2509215
0.3232469
0.3242483
0.2908839
0.069868
0.06970462
-0.04474973
0.01507566
-0.04256908
0.07091115
0.2773859
0.2031682
-0.01318792
0.1979854
0.1316092
-0.03880849
0.07388631
0.1281927
0.1546613
0.09220066
0.0584168
0.4562669
0.324357
0.5036994
0.3487424
0.1344027
0.03299452
0.2952194
0.2557381
0.3745274
0.2527801
0.2055712
0.3224816
0.1070989
0.2096468
0.1721853
0.3984688
0.02454194
0.2033824
0.01260099
0.04073926
0.2879396
0.3113851
0.5068065
0.3425071
0.3665436
0.3292493
0.3822636
0.1165553
0.5703334
0.5136111
0.1791183
-0.03810299
0.3558838
0.4501333
0.4747138
0.5529637
0.3948817
0.1419562
0.2220763
0.5439932
0.3896691
-0.08988068
-0.269687
0.08560926
-0.4092397
-0.4181014
0.1745841
-0.1144774
0.09428712
0.2032563
0.1890117
0.280768
0.4103366
0.3148444
0.3640026
0.2271132
0.0004343394
-0.09099138
-0.137506
-0.07148618
-0.2217769
0.03019173
0.3540119
0.05045672
-0.05155068
-0.06077617
0.1992635
0.008490245
0.7941471
0.6189158
0.6583277
0.8367197
0.8742084
0.5809902
0.666907
0.3331847
0.5569386
0.1745222
0.2201772
0.4734642
0.4694805
0.2135608
0.2552708
0.09320714
0.1160336
-0.1297594
-0.2601842
-0.08270491
0.03980624
-0.3794295
-0.4331254
-0.2128333
-0.187577
0.06104465
0.01947546
-0.348356
-0.2314779
0.007161623
-0.03990701
-0.1205839
0.03949617
0.05009781
0.03735467
0.1132644
0.07098021
0.02935228
0.05794278
-0.02778523
-0.2256398
-0.2522185
-0.05613697
-0.07012234
-0.2405879
-0.005650059
0.1022757
0.03036291
-0.1083794
-0.133821
0.01009484
-0.05582359
-0.03716449
0.06520601
-0.07339668
0.257857
0.3422706
-0.08717055
-0.1184394
0.01511199
-0.003401092
0.1363554
0.1914308
0.03957986
0.1706821
0.1482393
0.1029242
0.3740915
0.2451494
0.4779589
0.03991072
0.1019181
-0.09270724
0.744695
0.8056376
0.7060275
0.8257811
0.6452419
0.7361947
0.4033389
0.5180083
0.03971941
0.1167009
0.3487579
0.394754
0.2798981
0.3001699
0.2287317
0.1668815
-0.05452716
-0.00558388
-0.1985183
0.2222183
-0.3334393
-0.3413709
-0.1835602
-0.1621258
0.0590771
-0.09183463
-0.1460386
-0.04578641
0.1757631
0.2278129
0.06895075
0.0204588
0.1825242
0.03105812
0.2907175
0.082299
0.2756495
0.1412457
0.1276282
-0.06161917
-0.1644713
-0.01241003
0.1073504
-0.1416887
0.03228866
0.06680368
-0.1496212
-0.2690595
-0.3062558
-0.1032851
-0.04875891
-0.1765583
0.0001055087
-0.05749629
0.2316235
0.3511738
0.08836894
-0.02635318
0.121866
0.1092064
0.1358919
0.07524163
0.09532663
0.05871105
0.1731794
0.06157876
0.2182766
0.2090464
0.454322
0.08426804
0.2680608
-0.05840303
0.869231
0.6158518
0.6536854
0.7138658
0.694976
0.1464472
0.2096762
-0.3168051
-0.2980877
0.06668578
0.05477323
0.1777327
0.2100205
0.3923537
0.2279625
0.05058552
0.08711638
-0.01287862
0.3498132
-0.2652389
-0.2563417
0.02665985
0.09490932
-0.09455162
-0.1416779
-0.01881022
0.0335147
0.1403719
0.1358406
0.1358926
-0.04227168
0.1396036
0.07711344
0.1965437
-0.07249462
0.3006546
0.08517208
0.107259
-0.1237905
-0.1527884
-0.1485394
0.1124369
0.1085061
-0.2226743
-0.1490962
-0.2468731
-0.3191597
-0.4011584
-0.2358678
-0.07311045
-0.2099597
-0.05158468
0.007250177
0.2861945
0.3625952
0.110809
-0.0426576
0.1821614
0.1310083
-0.09676799
-0.1794979
-0.1801261
0.2020137
0.2282489
0.07600506
0.116469
0.171799
0.1692882
0.03860933
0.06349475
-0.09001004
0.6161922
0.7320918
0.7512438
0.8131512
0.3428913
0.4173229
-0.1652438
-0.1182239
0.1785818
0.2642836
0.3481313
0.3428107
0.4205776
0.3032322
0.04855139
0.03072393
-0.01448603
0.3573847
-0.3626743
-0.4004005
-0.16862
-0.1396063
0.1260767
-0.04232305
-0.1053485
-0.01402596
0.1218834
0.2259565
0.08911502
-0.02444375
0.2203418
0.1720263
0.2086341
-0.02815043
0.364548
0.1874586
0.1898149
-0.08802995
-0.1461898
-0.03348074
0.1752051
0.01712583
-0.07658417
-0.0440819
-0.30996
-0.2867044
-0.4228418
-0.1328843
0.04056971
-0.1400499
-0.02492866
-0.003938991
0.4266396
0.4399276
0.2273825
-0.02992305
0.2125936
0.2765055
-0.03084609
-0.05932583
-0.06311995
0.1631473
0.2346424
0.1653983
0.1986579
0.3641763
0.3272969
0.05301647
0.07527966
-0.0572631
0.8582111
0.6246349
0.6092473
0.3547298
0.5064182
0.2100943
0.2061992
0.5598235
0.5088065
0.2770698
0.2749335
0.1648313
0.1755518
-0.05540671
-0.08073734
-0.05077553
0.1439141
-0.4048108
-0.3698022
-0.1364003
-0.1066265
-0.04040908
-0.1130867
-0.2794529
-0.2389145
0.02668072
-0.08870357
-0.09064454
0.05880222
0.1111809
0.08387772
-0.1002282
-0.2532166
-0.07438576
-0.06204624
-0.1419229
-0.1627035
-0.2529943
-0.05226861
-0.01329879
-0.1717699
0.1224107
0.1128537
0.1077645
-0.01918206
-0.1061642
0.004106877
-0.03790994
-0.2676101
-0.0422743
-0.07876775
0.3490952
0.4914826
-0.03843093
-0.07166432
0.06444223
0.1054223
0.2086867
0.06351171
0.0710152
0.06344194
0.1126657
0.003682898
0.4418344
0.3952945
0.430822
0.0486734
0.08050988
0.06583925
0.5801672
0.6905982
0.4217329
0.6004766
0.2180394
0.2611817
0.4992401
0.5705095
0.3210947
0.3176419
0.1319076
0.133764
-0.07161178
-0.1561044
-0.1055432
0.1710633
-0.3607659
-0.4147105
-0.2712558
-0.2364718
0.05032786
-0.04290072
-0.2929144
-0.2014194
0.02649169
-0.02139975
-0.102343
0.0437102
0.1106904
0.03905192
0.1450372
-0.08673363
0.07733686
0.02130003
-0.02159892
-0.2050883
-0.2087397
0.023466
-0.05600183
-0.2476032
0.1078541
0.1039203
0.02540752
-0.03677099
-0.144775
0.07186825
0.01822098
-0.1434974
0.1029766
-0.002650105
0.3389836
0.4608836
0.05235531
-0.01831561
0.0541859
0.2440344
0.05745048
0.1297352
-0.02423982
0.1316818
0.06541561
0.1950619
0.4583603
0.3615267
0.5244541
-0.04540978
0.06431711
-0.0287661
0.8025191
0.5887512
0.5544517
0.01458674
-0.0359577
0.3780409
0.3355773
0.4416241
0.3895677
0.6033995
0.5379914
0.2413942
0.2512555
0.2002073
0.5074131
-0.2875936
-0.1476247
0.003351345
0.0532819
0.1670068
0.001997661
0.2693198
0.2743627
0.4045622
0.4225369
0.2599603
0.1501096
0.5579382
0.4923545
0.1850483
-0.0542661
0.3901906
0.3975636
0.3320845
0.1132883
0.172252
0.0332869
0.2333893
0.2817327
0.1798984
-0.07136052
-0.2633974
-0.1391573
-0.4302194
-0.1959082
0.1682122
-0.1895094
-0.00216825
0.04509573
0.3366507
0.4049131
0.3928475
0.2411703
0.3008136
0.277569
0.1992243
0.08115572
-0.05756691
0.1076724
0.1661826
0.1179507
0.2420457
0.2612309
0.2406363
0.02209559
0.1296844
-0.1567476
0.5843623
0.6012179
0.1032857
0.04613681
0.4056021
0.4231078
0.4961437
0.4832432
0.5335255
0.4307881
0.2544359
0.1142329
0.04942151
0.3553617
-0.2072407
-0.2819004
-0.149297
-0.1062312
0.2340347
0.1285889
0.05689845
0.1339912
0.2556664
0.2954123
0.1401285
0.1040468
0.4969088
0.4052945
0.2063091
0.1142179
0.3301319
0.3538596
0.2104456
-0.00421424
0.1039202
0.04216906
0.1100977
0.05709086
0.103204
0.002294382
-0.2022309
-0.148068
-0.3229978
-0.067455
-0.1177586
-0.2315578
-0.07647628
-0.1054867
0.2272746
0.2968244
0.2262073
0.1278324
0.1891466
0.1866299
0.08502178
0.02322682
0.01827535
0.1233008
0.03498476
0.01854629
0.2403862
0.2734052
0.3784859
-0.07137938
0.1249562
-0.1582279
0.858614
0.5399026
0.591065
0.6777964
0.793719
0.4248402
0.365189
0.3410674
0.3655553
0.147204
0.05279006
0.05002136
0.2010189
-0.2525111
-0.1590762
-0.2603926
-0.2798332
0.3358506
0.189583
0.2999582
0.3154671
0.4588301
0.4566465
0.2305812
0.2728694
0.5714552
0.4106823
0.1600625
0.03308838
0.2949006
0.4156446
0.3193992
0.2586385
0.374208
0.4813291
0.191487
0.1679382
0.4311502
0.2768163
-0.1588856
0.1465176
-0.2473028
0.001616604
0.16005
-0.1287682
0.07983852
0.0472908
0.1846754
0.2433718
0.4466902
0.2869619
0.3006079
0.3511248
0.298513
0.3528576
0.1960155
0.01818707
0.003923085
0.09661247
0.2325235
0.2009028
0.3584111
-0.1998422
0.2534554
0.02436254
0.559195
0.6489237
0.7459393
0.838121
0.3221354
0.313867
0.137991
0.2984257
-0.1129078
-0.1905439
-0.08796608
0.05624398
-0.3357561
-0.2613563
-0.266322
-0.2944572
0.2872647
0.127338
0.007899167
0.0323758
0.2180831
0.1528115
0.0343185
0.1095836
0.3954554
0.2957205
0.1395399
0.02246365
0.07236961
0.1462491
0.1524615
0.02739337
0.07008874
0.2615277
0.01251115
-0.05126519
0.3159752
0.1942393
-0.06062507
0.1238649
-0.1473377
0.08146476
0.1170394
-0.03601421
0.1032942
-0.05249955
0.150938
0.2527975
0.3098208
0.1229958
0.177459
0.2715703
0.3184553
0.3951303
0.1428966
0.03707505
-0.09983048
0.1045662
0.3816617
0.1785975
0.515847
-0.1108181
0.2913618
-0.05047716
0.8314566
0.583611
0.6421616
0.1585913
0.1695611
-0.1839339
-0.1217952
-0.0517042
-0.2461875
-0.03567508
-0.2499706
-0.01029765
-0.2250655
-0.2635952
-0.3084774
0.1792224
0.2565909
-0.1231306
-0.1276713
-0.02370465
-0.0138792
-0.2319699
0.05828166
0.1139044
0.05563692
-0.04779323
0.09523071
-0.2052901
-0.04228133
-0.1596057
0.002090515
-0.0567091
0.2338083
-0.17715
-0.3245702
0.3649864
0.4230495
0.300636
0.4605979
0.3038535
0.3409
-0.04567254
0.09119475
0.2446808
-0.03639372
0.03936094
0.07346111
-0.1163656
0.1402214
0.1532106
0.1788936
0.2111049
0.3413759
0.3525805
-0.0443722
-0.2837839
-0.003990975
0.3647202
0.1667008
0.3812436
-0.05548178
0.1791522
0.01031418
0.6183399
0.7540537
0.009921211
-0.01959018
-0.3546131
-0.297003
-0.2776812
-0.4306765
-0.2599488
-0.3775545
-0.1333808
-0.3233073
-0.4073788
-0.5003751
0.09654816
0.1234834
-0.1969741
-0.131537
0.02688052
0.01007817
-0.1369381
0.09468692
0.03744505
-0.0461116
-0.01233188
0.04270452
-0.2293043
-0.1271198
-0.2168159
-0.0268894
-0.1345185
0.4141091
-0.09741331
-0.3662199
0.2009618
0.5318868
0.2365976
0.3566665
0.2538665
0.3847034
0.1098363
0.09228064
0.2233247
-0.0005656561
-0.005784871
0.02830605
0.001081464
-0.0125019
0.101766
0.2062094
0.1968133
0.5003106
0.3765831
-0.01149119
-0.061605
0.08903892
0.2202816
0.120788
0.4200715
-0.07044614
0.2760548
0.1038399
0.8472041
0.1595224
0.1394002
-0.05166039
0.1072497
-0.207942
-0.1801176
-0.1625926
0.001672125
-0.3849627
-0.2100942
-0.2739526
-0.3263087
0.1390495
-0.01016676
-0.104516
-0.1248162
0.1285799
0.04011831
0.02116668
0.2241803
0.2693428
0.1515211
-0.1688123
-0.1075376
-0.1734858
-0.01531387
-0.01618519
0.1035803
0.002750349
0.2085528
0.06142643
-0.04570849
0.4598543
0.2422369
0.08087533
0.02140218
-0.1089838
-0.05525755
0.09214697
-0.1117567
-0.01953225
-0.05081543
0.1289202
0.2401036
0.02695167
-0.04488409
0.05937058
0.1074321
0.3365578
0.2877818
0.2006856
0.01820748
-0.1212
-0.07599288
0.4856592
0.08896735
0.3916326
-0.04507512
0.1867637
0.1978977
0.2014327
0.1608676
-0.02961875
0.08192721
-0.1345248
-0.2417241
-0.09775686
-0.03237614
-0.3272421
-0.317033
-0.3483095
-0.4069093
0.1796193
0.0597988
-0.1052784
-0.04522818
0.183941
0.1348897
0.05527471
0.2551486
0.2269249
0.09624821
0.0134001
-0.0592547
-0.03538381
0.06005348
0.02770001
0.05344872
0.04144995
0.4360416
0.1006908
-0.1589406
0.4566035
0.4431534
0.0741956
0.1647526
-0.01555707
0.1368637
0.1381736
-0.08065068
0.0883857
0.02807118
0.212821
0.2766912
0.1396012
-0.02499642
0.07658719
0.2413553
0.2270817
0.403039
0.235496
0.03720104
0.0001887955
0.08019676
0.4160261
0.220169
0.5103454
-0.1441361
0.2831661
0.1612468
0.8825034
0.4154502
0.3741812
0.3263913
0.2348782
0.237361
0.4291854
-0.08978452
-0.1715272
-0.1231558
-0.1348093
0.5861834
0.5343188
0.1391784
0.06294705
0.1897323
0.2060911
-0.004708356
0.2347674
0.6263847
0.5987403
-0.00238827
0.08342619
0.3969588
0.5104261
0.3653166
0.3021677
0.250711
0.0777804
0.1384897
0.02475667
0.2369645
-0.09972991
-0.2253359
0.07873796
-0.2937459
-0.05845465
0.02928367
0.04279864
0.1117272
-0.01481273
0.2813652
0.3088322
0.283692
0.287309
0.3126045
0.2642605
0.08968422
-0.0334399
0.1103658
0.08051766
-0.1001088
0.005833158
0.1790518
0.3548569
0.01131575
0.05910671
0.04262851
-0.1868392
0.436035
0.4625533
0.2862559
0.2545409
0.2011355
0.4162809
-0.1636177
-0.1900504
-0.1415265
-0.09278895
0.5592355
0.5255886
0.08581759
0.01680551
0.1244285
0.1399182
-0.009132427
0.1253044
0.5132271
0.5001567
0.00686786
0.1127542
0.3704336
0.5073141
0.377169
0.2694025
0.209952
-0.005605078
0.02971775
0.04334709
0.1711065
-0.1800469
-0.2670227
0.03410643
-0.2833106
-0.1365592
-0.08258788
0.1086397
0.1531018
0.0006745782
0.2837154
0.348809
0.1367835
0.2703186
0.2711454
0.1736838
0.16171
-0.1329134
0.03076828
-0.03383678
-0.109398
-0.01104868
0.1929494
0.3431365
0.04204035
0.06552727
0.01374275
-0.254657
0.7355852
0.7575642
0.6756291
0.5383009
0.5299919
-0.01117518
0.08496545
0.2546971
0.2818428
0.1861587
0.03450897
0.4377888
0.4256554
0.4256787
0.4800899
0.3032822
0.1206384
0.5371418
0.4929748
0.0246746
0.03610282
0.4041888
0.5191946
0.3268564
0.07853296
0.4392444
-2.695492e-05
0.3146875
0.3868339
0.1313052
-0.1094931
-0.2792605
-0.03238453
-0.3007371
-0.07506047
-0.09428576
-0.2557866
-0.2947031
-0.1491024
0.2222838
0.2130877
0.3852365
0.4029229
0.2225768
0.2382383
0.2137631
-0.04548519
0.02851185
0.03809545
0.1335814
-0.1465341
-0.1063842
0.2320825
-0.0003753205
-0.09196282
0.03065312
-0.1269005
0.4676708
0.5491053
0.43542
0.5440718
-0.2264938
0.1730164
0.119801
0.2280748
0.1991678
0.058756
0.3644521
0.2875143
0.2389331
0.2153869
0.14012
-0.01528131
0.4256274
0.5185807
-0.03477524
-0.04805543
0.2536048
0.4837225
0.519131
0.3280779
0.3699695
-0.03243099
0.1614218
0.463019
0.2299455
-0.2734442
-0.4108662
-0.0716805
-0.4156871
-0.3091176
0.00266137
-0.06411913
-0.08946277
-0.01400264
0.2007915
0.3026933
0.4062662
0.4289379
0.06907854
0.1999446
0.3572521
-0.1251634
-0.2102045
-0.2233678
-0.1138756
-0.04150428
0.1056397
0.1275962
0.1429285
-0.04584131
-0.07966129
-0.2159396
0.7325753
0.6090834
0.4080957
0.4085771
0.2764634
0.2827262
0.3026324
0.07559912
0.160021
0.4658903
0.4755733
0.3748619
0.4598437
0.16738
0.1319711
0.4488194
0.3959951
-0.02125042
0.08075991
0.3234017
0.4916742
0.1714906
0.06408138
0.5050318
0.07875569
0.2045839
0.1533915
0.178921
0.02679226
-0.01126633
0.2544192
0.04494381
0.1929436
-0.102448
-0.2104404
-0.1964831
-0.03762814
-0.007006212
-0.001196756
0.2245962
0.449931
0.1145379
0.1459952
0.04198606
-0.03223661
0.08541368
0.01581881
0.05543105
-0.1589731
-0.2020359
0.1428971
-0.1036958
-0.1441745
-0.03528892
-0.08843636
0.3660631
0.5572065
0.2756443
0.5101506
0.3498998
0.3904575
0.00684935
-0.07361806
0.5402624
0.4259259
0.369929
0.4264081
0.2017222
0.02761075
0.4295107
0.3300925
-0.0668355
-0.06561586
0.2896534
0.3880383
0.3046243
0.3273643
0.4498849
-0.08519033
0.4148035
0.3936136
0.3292959
-0.1643903
-0.2571961
-0.03097605
-0.163377
-0.1451827
0.01030034
-0.2816139
-0.277076
-0.04219244
-0.05573791
0.04175844
0.294711
0.4198451
0.03513426
0.07218648
0.1335638
-0.2342762
-0.02420219
-0.1240208
-0.003033855
-0.2607731
-0.227835
0.04703777
-0.2208041
0.03096502
-0.0003910484
-0.002194767
0.392592
0.165309
0.1518778
0.302601
0.2968765
0.1786373
0.2182596
0.3141163
0.2893606
0.3717786
0.2972123
0.2182796
0.2236143
0.2198695
0.2963884
-0.02165713
-0.04414237
0.2955937
0.4281817
0.1899714
0.07527365
0.386907
0.04786156
0.1201643
0.1879042
0.1583633
0.0009487649
0.004212376
0.2176406
-0.04414965
0.005713025
0.09206394
0.03578162
-0.02419701
0.06756326
0.26167
0.1691769
0.03532518
0.2327084
0.2887273
0.1970628
-0.03221961
0.04054329
0.03066958
0.01657698
-0.08865081
-0.03382523
0.0752568
0.1488487
-0.1760372
0.05586869
0.07041988
0.05188602
-0.09957182
0.09117231
0.00200494
0.1486171
0.1151178
0.02048704
0.3915825
0.3886501
0.4482523
0.4894644
0.2431716
0.2233279
0.4130421
0.4290001
0.2340044
-0.1148742
0.500871
0.4448081
0.4399155
0.2612936
0.2847906
-0.0172414
0.1964344
0.3864961
0.2055511
-0.2888261
-0.2541831
-0.1639761
-0.3709796
-0.3620558
0.1148178
-0.1826921
0.02496145
0.2084115
0.2944655
0.3380001
0.2911924
0.1980404
0.2657625
0.2349934
0.01661061
-0.2282516
-0.2767238
-0.09582806
-0.1071954
0.1323781
0.1157241
0.1046671
-0.08580041
0.007411623
-0.06194736
-0.1337491
0.5513358
0.4783071
0.430953
-0.04597853
0.1480181
0.366688
0.2975438
0.02973511
0.08403829
0.04647793
-0.005450752
0.1893301
0.09469198
0.1738839
0.1861784
0.03624959
0.1035829
-0.09371533
-0.08788295
0.2735125
-0.1290753
0.03596553
-0.0740587
0.1091213
-0.01831509
0.2496882
0.3180823
0.3431705
0.3117236
-0.02610884
-0.07084455
0.04774908
0.06011209
-0.4269709
-0.45057
-0.03059383
0.1712249
-0.1058627
-0.1730248
-0.3540179
0.01139069
-0.01734021
0.06732065
-0.2523128
0.0001314751
-0.1429052
-0.1752414
-0.3599263
-0.2086527
-0.01390301
-0.08013409
0.6559171
0.698809
0.008094083
-0.08421377
0.5507101
0.3802032
0.1493225
0.04735873
0.2158142
-0.05752257
0.2073871
0.1557696
0.03032898
0.06470542
0.01113931
0.1690187
0.1540724
0.2496451
0.5471067
-0.07290251
0.1841916
0.369311
0.3156627
-0.1981519
-0.0488003
-0.0006035677
0.03889711
-0.08592169
0.08701908
-0.1415364
-0.08921228
-0.03943217
-0.5360009
-0.4064696
0.08055985
0.2970619
-0.2923661
-0.1654997
-0.04437229
-0.05523573
-0.2294875
-0.1916207
-0.2443046
-0.07695134
-0.1231848
-0.3742997
-0.3666225
-0.1453812
-0.01903739
0.02846043
0.8671568
0.007876319
-0.05617041
0.3839741
0.2293259
0.1583454
0.02777153
0.2529711
-0.01323663
0.183654
0.116357
-0.1405355
0.07811187
-0.02784403
0.01539945
-0.05322983
-0.02383554
0.2799348
-0.1883535
0.247202
0.2191426
0.1033556
-0.08777381
0.08531809
0.0110271
0.06725918
0.06852187
0.01192882
-0.109769
-0.1461797
-0.2192391
-0.3013516
-0.2848078
0.02112889
0.1656767
-0.07962039
-0.1253811
-0.06693489
0.06141436
-0.02379817
-0.04614279
-0.09608165
-0.1451554
0.02351859
-0.22337
-0.397841
-0.0618375
0.1002079
-0.0003280041
-0.1198543
-0.1129896
0.4296857
0.3425062
0.1455386
-0.02204667
0.2070626
-0.03985042
0.1666363
0.1501711
0.0459548
0.06542263
-0.007305908
0.0536671
-0.02533199
-0.03985822
0.2793844
-0.186066
0.08701933
0.265674
-0.005454841
-0.1702961
0.08826699
0.003282065
0.08890832
-0.07387679
-0.1400673
-0.2240554
-0.1197511
-0.1670338
-0.2886917
-0.2394194
-0.001159025
0.2104377
-0.134998
-0.133987
-0.06621975
-0.1233298
-0.2350001
-0.2168698
-0.2113438
-0.1104039
-0.008123511
-0.2095659
-0.3311583
-0.07964837
-0.04373114
-0.07713451
0.6985264
0.1712545
0.07226917
0.2293231
0.2425776
0.1020021
0.2037478
0.483089
0.5002717
-0.006769263
0.2677876
0.2491616
0.4639747
0.2973508
0.2665635
0.3081997
0.1742511
0.2844522
0.1580242
0.298804
0.0450193
-0.2524116
-0.006255979
-0.3034766
-0.07783428
0.2023726
0.3067467
0.1554083
-6.379689e-05
0.1064594
0.03772288
0.170529
0.2523918
0.1838171
0.1615494
0.06017436
0.2683195
0.2810387
0.1278523
-0.08896809
0.08364048
0.2141704
0.08833917
0.04777591
0.05154329
0.2669186
-0.006997426
0.1452117
0.05279574
0.1507538
0.1576685
-0.02196848
0.06230425
0.4008808
0.4852814
0.01796563
0.3158069
0.2185829
0.4418972
0.231479
0.3317534
0.1942157
0.1598659
0.03201682
-0.01079934
0.009762955
0.05711163
-0.1191309
0.2509379
-0.1376855
0.004339198
0.05076379
0.3770458
0.3592338
0.1400777
0.05042518
-0.009691022
0.02816351
0.2671539
0.2610455
0.09139363
-0.09789657
0.08159618
0.1195905
0.04736101
-0.1392218
0.08442711
0.2080318
0.0712185
-0.06810009
0.04459179
0.1564279
-0.1300099
0.8542462
0.6652522
0.6316735
0.4084601
0.2480201
0.5408287
0.4315167
0.2644286
0.0017101
0.4674251
0.4675493
0.4219662
0.360481
0.6553508
0.1725175
0.2645233
0.5096349
0.2652739
-0.149691
-0.1582353
0.1391497
-0.1969681
-0.1418683
0.2871282
-0.1875909
0.03100334
0.2530424
-0.1089127
-0.06120871
0.497534
0.5068653
0.2903061
0.2412381
0.001072351
0.09604963
-0.1100454
-0.06406046
-0.04583549
0.09938134
-0.07200878
-0.1614502
-0.3031088
-0.1927041
0.1910956
-0.00851459
0.7399761
0.6921163
0.392205
0.3375746
0.4385412
0.3294706
0.3745022
0.06476987
0.5130015
0.4814577
0.2815452
0.1500783
0.6077913
0.417777
0.1793192
0.3109659
0.1183136
0.06182477
0.01996078
0.210606
-0.0004218752
0.03943052
0.2052828
-0.2236455
0.006372343
0.2687007
-0.06922645
-0.1147669
0.4285284
0.3512117
0.2293882
0.2196465
-0.0625935
0.2302091
-0.09981352
-0.142335
0.05217598
0.1868682
-0.1443241
-0.0520617
-0.146588
-0.2351739
0.1266485
-0.07813821
0.8098456
0.4704401
0.4427128
0.4926998
0.3529256
0.2166709
-0.03120996
0.5261729
0.5003181
0.2341294
0.2533171
0.5296914
0.4367693
0.376078
0.2524237
0.2179502
0.1999043
-0.00238623
0.1147597
-0.1632638
-0.0484426
0.2414363
-0.2025291
-0.08327669
0.1458545
0.1029731
0.08380443
0.3503272
0.1747296
0.4055586
0.2125091
0.04968162
0.2504504
0.21226
-0.04753517
0.1134647
-0.006492799
-0.06562041
0.04984427
-0.01998777
-0.004971799
0.3849377
0.1349622
0.4818258
0.30918
0.5041666
0.3583552
0.3275498
0.1335152
0.6530507
0.5795133
0.3771616
0.2384179
0.5046259
0.3573017
0.4259334
0.278382
0.2784577
0.1066205
-0.1799613
-0.009549183
-0.2465981
-0.04561693
0.340108
-0.1546757
0.04297991
0.2813392
0.1623397
0.06403243
0.3860901
0.2730396
0.4332048
0.268396
0.0460286
0.2363316
0.2031981
0.01982053
0.2647277
0.1344019
-0.134642
0.01328963
-0.1178235
-0.09548146
0.2838112
0.02490183
0.2293468
0.3878015
0.2505701
0.3065854
0.07154194
0.3643483
0.4721155
0.2438658
0.204464
0.4456559
0.2487362
0.2967615
0.4413704
0.1240593
0.015718
-0.2048205
-0.1490981
-0.2514109
-0.2433614
0.1693999
-0.1135476
0.01625855
0.2704125
0.09872478
0.07669252
0.2646162
0.07838807
0.1907134
0.0587969
-0.07377769
0.05713115
-0.0431451
-0.17624
0.177662
0.1390327
0.07089492
-0.05351349
-0.263522
-0.08400309
0.1876858
0.05711614
0.295344
0.1270261
0.05824315
-0.1006852
0.1920948
0.2666699
-0.01555417
-0.0370504
0.2558293
0.3466398
0.09704493
0.008112121
0.2118602
0.2879187
0.2062897
0.1163168
0.0231852
0.04247073
0.2090521
-0.2407668
-0.09507323
0.1773958
0.2616109
0.1701301
0.2730902
0.1197849
0.279517
0.2046949
0.05531456
0.3711254
0.2049506
0.106507
0.1211381
0.08385617
0.03218078
0.2862678
0.05046316
0.1094668
0.2594212
0.1852658
0.8403142
0.1046112
0.1951165
0.3405636
0.5970513
0.3494026
0.3733923
0.5048776
0.1800139
0.3315533
0.3265619
0.3076212
-0.01435803
-0.2507865
0.04754054
-0.3087318
-0.08677175
0.1541501
-0.1032669
0.04051569
0.0590173
0.026547
0.05414961
0.5272758
0.4779426
0.2893923
0.226525
0.05396532
0.1115021
0.1124928
-0.0391005
-0.1090793
0.01050295
0.1598102
0.1135393
-0.08371566
-0.1302626
0.1233254
-0.1713176
-0.006832953
0.1459593
0.2081926
0.524218
0.2662198
0.3415236
0.3558073
0.09692931
0.2336053
0.2824362
0.1359315
-0.06851619
-0.303292
0.132687
-0.3321246
-0.1300908
0.08836692
-0.02920485
0.07650591
0.09591197
0.0550264
0.07168229
0.4173033
0.4752343
0.2215768
0.1757198
0.05579297
0.03738663
0.08772947
-0.1563673
-0.1633061
0.05235902
0.1484251
0.1182231
-0.07407142
-0.1404432
0.02369369
-0.1912266
0.3065297
0.5285136
0.2998368
0.3652943
-0.02851935
0.205748
0.08012516
-0.1105267
0.1433025
0.001695596
-0.09102838
-0.1095021
-0.1132402
-0.04113544
-0.08393242
0.04889273
0.01285108
0.3770271
0.2959661
0.01177898
-0.06536023
0.1319699
0.08954857
0.03186277
0.07403606
-0.196126
-0.03382984
-0.2873028
0.01493539
-0.02658459
0.45788
0.0522228
-0.1076589
0.06238711
-0.1610799
0.05207917
-0.249182
0.1771353
0.3251763
0.3151199
0.1952171
0.1825263
0.09889166
0.1103857
0.01251271
-0.05778078
0.144012
-0.2432425
-0.2187
-0.03132033
-0.03272312
-0.3099165
0.3962674
0.1787983
-0.1828896
-0.2808118
-0.3538539
-0.123645
0.1613428
-0.2294687
-0.2579986
-0.1030104
0.07466151
0.1176794
0.05295703
0.02516976
-0.008508175
-0.05146442
-0.3107684
0.04145733
-0.2065751
0.02884004
-0.4529708
0.7052408
0.6708092
0.3050268
0.5574796
0.1958256
0.21656
0.3661048
0.2054149
-0.2123843
-0.3645162
-0.1915211
-0.349714
-0.2406321
0.2639497
0.1023568
0.2487093
0.3175473
0.2779083
0.2134212
0.2892188
0.07807902
0.4270661
0.136826
-0.07871858
-0.106031
-0.1219271
0.1839276
0.2571342
0.3121042
-0.05709531
0.06169149
-0.1081706
0.03762849
0.1283475
-0.05594339
0.6607604
0.4908466
0.7055002
0.3310749
0.2567599
0.4424164
0.2962174
-0.04858952
-0.3869601
-0.03717172
-0.3726123
-0.2542738
0.1766766
0.1284806
0.1992054
0.2737407
0.1944834
0.1909275
0.3243257
0.3261821
0.2749454
0.1207353
0.001084868
-0.01596445
-0.07248
-0.04765705
0.1212061
0.186649
0.05237613
0.1230635
-0.08933558
-0.04062837
0.02156303
-0.1712059
0.6565119
0.529679
0.04097564
0.202779
0.5959705
0.3700869
-0.3293394
-0.6333133
-0.3353587
-0.5845154
-0.522197
0.2082125
0.2921892
0.2962464
0.2172034
0.1311444
0.1793667
0.3176256
0.2792654
0.09277693
0.07565972
0.09133279
-0.2327178
-0.3234954
0.1079858
0.09568083
0.2070464
0.08902746
-0.1561679
-0.09663077
-0.09054394
-0.0281506
-0.2825141
0.3398048
0.1720427
0.3748629
0.52673
0.27236
-0.02205591
-0.5625802
-0.2293254
-0.53861
-0.52383
0.1249498
0.2730568
0.1671313
0.09245712
0.001905458
0.1044672
0.2035009
0.2915508
0.05987258
0.03871501
0.07428283
-0.2802325
-0.02355335
-0.141732
-0.06052023
-0.1268442
0.08989676
-0.1369348
-0.09152418
0.1411782
0.1031435
0.01754894
0.369302
0.227738
0.51901
0.491481
-0.1231144
-0.158591
0.01796602
-0.1389317
-0.100218
0.1637532
-0.09101495
0.02997097
0.1140124
-0.1617841
-0.1364229
0.3020497
0.3083169
0.05401923
0.005215392
0.05286726
0.05371841
-0.1342936
0.02056717
0.0373855
0.08278938
-0.08911357
-0.1538674
-0.2393351
-0.2752375
-0.02338326
-0.05976371
0.1817242
-0.01190136
0.07817484
0.6432867
0.04248276
0.3010182
0.08829835
0.1739438
0.1582805
-0.03126416
0.1204665
0.1915121
0.09748845
0.01842372
0.1859818
0.09958479
0.1116687
0.325387
0.004130578
0.4182258
0.2468389
-0.0950229
0.2175088
0.1821545
-0.01123125
0.1698007
0.2112866
-0.07949286
0.1841178
0.075146
0.3218807
0.313956
0.234211
-0.4083355
-0.2811619
-0.3687277
-0.2224787
0.206238
-0.01963558
-0.2749008
-0.1671865
-0.001949436
-0.1030136
0.2750794
0.007718803
-0.01160247
-0.03172925
0.04345682
0.07553381
0.3396081
0.08659668
0.2452802
-0.240434
-0.1645175
-0.06283098
-0.1347149
0.04408856
0.2430914
0.335406
0.2293343
-0.3928952
-0.5183161
-0.3696537
-0.5508297
-0.6004145
0.1569605
-0.0231391
0.009300563
0.1012646
0.07161063
0.1042346
0.3855206
0.3108014
0.09604293
0.0532525
0.1282797
-0.2522744
-0.3473591
0.06218607
0.01027533
0.02076135
0.02834316
-0.2114578
-0.2556081
-0.08581974
-0.09443962
-0.023714
0.0328803
-0.01619209
0.04916148
-0.0423522
-0.08075394
0.2763087
-0.1525528
-0.003098846
0.02302443
0.009342503
0.08277813
0.159876
0.1432936
-0.009663808
0.02121754
0.2165493
0.09729125
0.07002575
0.04021144
-0.1204039
-0.02552998
0.2622142
-0.007556486
-0.009262837
-0.1827863
0.07921234
0.1733815
0.2396283
0.3470775
0.2831064
0.3531654
-0.09735001
-0.0635674
-0.1253898
-0.1319336
0.04270781
-0.04045163
-0.07029506
-0.02530797
-0.01578453
0.1545763
0.0176704
0.4238661
0.5783677
-0.08681559
0.2306104
-0.1033418
-0.0005944885
0.2602154
0.3654876
0.04955546
0.3843069
0.2650493
0.5680127
0.7556033
0.5659522
-0.1549866
-0.2356954
-0.05580866
-0.06785743
-0.03949321
-0.08892789
-0.2429495
-0.2510673
0.007578421
-0.09575662
0.03008059
0.2967637
0.1023775
-0.05934524
-0.193438
-0.05854896
0.1284897
0.1704597
0.1329079
0.04517796
-0.02045554
0.06815205
0.5450942
0.539889
-0.0002608223
-0.1377845
0.1028133
0.1600309
0.08814565
0.06888871
0.0726585
0.232964
0.2371286
0.3090319
0.0604838
0.3673743
0.1964026
-0.09383489
-0.1942428
0.03266882
0.1388581
0.3738599
0.09198747
-0.06387357
0.08301434
-0.02821653
0.7147663
-0.1947044
-0.04696652
-0.01803903
-0.1183325
-0.2417259
-0.3132763
-0.264168
-0.1914322
-0.1242392
-0.1168301
-0.05288911
0.2535148
0.0952846
-0.1456304
-0.1406188
-0.003281072
-0.08873108
0.06474177
0.007414354
-0.07759066
-0.1005321
-0.04299663
0.08311433
0.04421015
0.08222834
-0.08997149
-0.1640299
-0.2630215
-0.05688691
0.008221888
-0.04140379
0.2128461
-0.02037408
0.5242308
0.2016022
0.06946533
0.08182819
0.1870604
-0.03846623
0.2210588
0.121866
-0.1285392
-0.02683519
-0.07241713
0.2132318
0.4147544
0.5453389
0.2384941
0.1501139
0.3460652
0.1680206
0.286085
0.4514596
-0.03985546
0.3554732
-0.09838976
0.1740782
0.300897
0.5883842
0.2172503
0.05744843
-0.1834107
0.06175263
0.07296207
0.1730139
0.5474349
0.1581648
0.01801157
-0.06605177
-0.1824786
-0.1027815
-0.02273746
-0.07070973
-0.1035527
0.08201269
-0.06566995
0.1725132
0.05657808
0.3170611
0.1694967
-0.1922203
0.0181234
0.1784134
-0.0766023
-0.2181302
0.6610378
0.1744921
0.10136
-0.08197705
0.1561626
0.1198162
0.2267592
-0.2002756
0.08097528
-0.3015985
0.09050544
-0.03909423
0.7587095
0.3848528
-0.0413736
-0.08013232
-0.06651985
-0.1578428
-0.296884
0.4094963
0.3468984
0.174614
0.1545692
0.2899301
0.2809019
-0.2404888
0.06950123
-0.2501118
0.03370601
0.1648375
0.6942895
0.1952477
0.1821685
-0.1895312
-0.04590685
-0.04333663
-0.04879224
0.8609627
0.2215155
0.008687827
0.5564777
0.4603848
0.09120562
-0.0021684
0.07876888
0.1176598
0.2089755
0.2525092
0.3752312
0.7036301
0.2309826
0.3181449
0.09815688
0.1208806
0.239086
0.05472783
0.5187904
0.4392435
0.2082281
-0.08536662
-0.009184904
0.06177676
0.1279913
0.1331772
0.3861881
0.6475474
0.3443198
0.3386294
0.1848897
0.1151949
0.4372703
0.3407096
0.4525889
0.141198
0.1900121
-0.1090522
-0.02469735
0.09872321
0.1642739
-0.04252085
0.2518769
0.0285447
-0.09995214
0.03324321
-0.07129497
0.1225009
0.4962162
0.1422784
0.1624597
-0.01493919
-0.1102805
-0.07605396
0.1142312
0.08952007
0.1169705
-0.008447037
-0.2295576
0.042723
-0.3001172
0.488514
0.1505995
0.1524348
0.2038447
0.08928538
0.04945602
0.1196496
0.1309364
0.3447818
-0.04757609
0.2941867
0.3342868
0.1577253
0.101971
0.3325034
0.01018997
0.07048981
0.01338573
0.3528046
0.2677894
0.4115025
0.1453954
0.08436184
0.1749796
0.02056301
0.2713934
0.2478278
0.002863586
0.1180212
-0.2615653
-0.03474132
0.08263487
0.3085385
0.2921034
0.2372738
0.07330166
0.3418044
0.2116065
0.1664684
0.2345518
0.08209881
0.100553
0.2086147
-0.01966918
0.3739615
0.02219228
0.09298691
0.1314779
-0.4098696
-0.1729149
0.1967637
0.2416519
0.2559967
0.560744
0.3377018
0.2892395
0.1024424
-0.09780641
-0.04182108
-0.02461894
0.09898919
0.1397661
0.09773038
0.1853567
-0.2609538
0.157648
-0.01300221
0.02109889
0.09999252
0.08467874
0.3121891
0.09278386
-0.04690129
-0.2225754
-0.2233401
-0.1709201
0.209882
0.2414212
0.02615591
0.006872973
-0.05235852
0.3367089
0.2422241
0.04569426
0.08932327
0.2452305
0.2867346
-0.01382301
0.4150802
0.2605185
0.306295
