0.8080645
0.5022244
0.7918441
0.5965893
0.3791825
-0.03836372
0.2094197
0.2199967
-0.1525448
-0.04316522
-0.2680734
0.1137809
0.6973832
0.1963807
0.4624443
0.1374268
0.2274598
0.1498241
0.4390604
-0.2422519
0.108842
0.0831703
-0.1444338
-0.105477
-0.1267636
-0.05973023
-0.2664589
0.09221036
0.09608982
0.2160667
0.2339936
0.2070431
-0.4604402
-0.4612423
-0.1927714
-0.4107055
-0.3466793
-0.5991717
-0.3239978
-0.3552122
-0.3946146
-0.588034
-0.5324876
0.01298874
-0.2856348
-0.3178891
-0.1749561
0.4818639
-0.09333286
0.8774632
0.8232045
0.7403528
0.4163259
0.1271062
0.4563111
0.2525116
-0.06023429
0.09392466
-0.09682192
-0.1167376
-0.0744498
-0.05719622
0.1948776
0.6333083
-0.08961334
0.5699641
-0.02644012
0.08849795
0.1888041
-0.007672506
0.08279012
0.009439428
-0.05634835
0.01151538
-0.0502503
-0.0359202
-0.3862676
-0.188286
0.07544505
-0.01451159
0.2892782
-0.6511578
-0.5914774
0.1362862
-0.4138103
-0.2261962
-0.151206
-0.6171861
-0.5142134
-0.5563809
-0.3907835
-0.5922257
-0.07820244
-0.3603276
-0.1726538
0.6000057
-0.1632287
-0.4227168
-0.1497342
0.3235638
0.6830191
0.5048123
0.3869449
-0.2034939
0.124386
0.04456922
-0.2292075
-0.112216
-0.3298896
0.1319717
0.7544913
0.4324052
0.2499588
0.01020919
0.006462394
0.009339747
0.3943173
-0.4037766
0.06595664
0.05653353
-0.2434385
-0.1180829
-0.2122309
-0.1203788
-0.2721488
0.2229066
0.1435074
0.07342386
0.1478908
0.1347571
-0.4448174
-0.4833544
-0.2258607
-0.4569114
-0.2213383
-0.3332682
-0.1811451
-0.2138386
-0.3280818
-0.5924846
-0.4048983
-0.07665856
-0.1892012
-0.227967
-0.03424757
0.4798053
-0.1099036
0.8269723
0.8907803
0.7810448
0.2051112
0.2383829
0.3157632
0.2691481
-0.08688274
0.002167676
-0.07418602
-0.1090656
-0.2119548
-0.03010595
0.06637562
0.7483043
0.1926895
0.4498689
-0.1894855
-0.1095223
0.1926035
-0.1643457
0.1043947
-0.1328159
-0.0224024
-0.1458438
-0.1407868
-0.08681638
-0.4727666
0.02457133
-0.0917156
-0.09354677
0.2822226
-0.4942342
-0.635881
0.1703694
-0.4552563
-0.288574
-0.1627482
-0.6012558
-0.3377643
-0.3149556
-0.2566186
-0.4522367
-0.03226501
-0.1840888
-0.07542025
0.7022151
-0.05409141
-0.2742341
0.06153996
0.2264157
0.2192756
0.1341172
-0.1166446
0.1686667
0.0668603
-0.06894821
-0.2250459
-0.236617
-0.08206706
0.2608459
-0.1869941
0.4459704
0.01298722
0.1358767
0.1066719
0.1933875
-0.2074398
-0.02586613
-0.08288142
-0.09123185
-0.1445704
0.1516314
-0.173925
-0.0168184
-0.05751743
0.193068
0.4210546
0.3241395
0.266705
-0.04039624
-0.2667484
-0.03319631
-0.1650019
0.06879476
-0.3641197
-0.3153942
-0.4571475
-0.1949265
-0.3284784
-0.3251003
0.4126672
-0.3070982
-0.0663641
-0.1741216
-0.08663744
-0.3081501
0.2852603
0.4679047
0.1383243
0.3798322
-0.07127707
0.1617751
0.1714783
0.06363814
0.1385797
-0.07753155
0.3112665
-0.1330571
0.07825445
-0.08368812
0.17496
-0.3659185
0.3546184
-0.1458812
0.02303984
0.3206849
0.003970156
0.1632186
0.2688736
0.05189736
0.1213783
0.2681113
0.01313963
5.220222e-06
-0.1916825
0.1712512
0.1648635
-0.02596903
-0.3432052
-0.1812102
0.2132919
-0.001683833
0.08279855
-0.1535632
-0.4324271
-0.1167247
-0.4193981
-0.3846484
-0.4142888
-0.04138291
-0.149631
-0.3515483
0.06554048
-0.1457177
-0.3608497
-0.2272987
0.6581074
0.3713603
0.1342646
-0.01209242
0.2033972
-0.2531973
0.1292721
-0.2636368
0.242455
0.6668296
0.396241
0.4602261
0.06629053
0.2648843
0.1552598
0.3820719
-0.174528
-0.07775287
0.04214254
-0.05013957
-0.1390421
-0.2848453
-0.09089897
-0.172261
-0.06012212
-0.2180884
0.180681
0.1992902
0.1880888
-0.4592331
-0.3704531
-0.00268377
-0.4182316
-0.5155607
-0.5745248
-0.3223088
-0.1901946
-0.3878188
-0.4322671
-0.5784193
-0.2836309
-0.2575258
-0.3913085
-0.1109461
0.6488389
0.1972653
0.8121493
0.639664
0.7837704
0.369715
0.2119676
0.5718143
0.262398
-0.1837949
-0.1637539
-0.1041326
-0.3593403
0.01615699
-0.158548
0.2942632
0.6533009
0.2149396
0.5694229
-0.05193552
0.1067059
0.1559232
-0.01413398
-0.03794578
-0.05681343
-0.04227561
-0.03253679
-0.1328106
-0.2426389
-0.3742956
-0.1198414
0.04737596
0.01564535
0.4355305
-0.5629912
-0.5528272
0.1203557
-0.4405467
-0.3938955
-0.006460339
-0.4384389
-0.5062716
-0.446511
-0.3209581
-0.5781738
-0.2127926
-0.3900239
0.0968242
0.6996711
0.03481564
-0.3904536
0.0376064
0.6760231
0.3450339
-0.1033136
-0.01154332
-0.1206077
-0.057002
-0.1178491
0.1185703
0.5670584
0.2321588
0.4303945
0.2541307
0.2507281
0.198959
0.2626934
0.1609456
0.02463929
0.2085967
0.1915415
-0.2232288
0.06257489
0.09026774
-0.4300337
0.04003027
-0.2089494
0.2182957
0.1966207
0.2303797
-0.4206154
-0.1058128
0.2549794
-0.1622358
-0.5698555
-0.4596899
-0.3965724
-0.258389
-0.3856561
-0.4910524
-0.6828812
-0.2698776
-0.3682309
-0.4380933
-0.1558342
0.648131
0.17239
0.6766712
0.3929065
0.6690844
0.6312647
0.6351363
0.6576413
0.1937778
-0.2855693
-0.2263447
-0.3193087
-0.2215159
0.06551724
-0.2152759
0.1925864
0.4661353
0.1465986
0.6222408
0.009354119
0.2555213
0.2044407
0.1206397
0.2449642
0.1770781
0.001224841
0.2932885
0.1241406
0.06024869
-0.3283639
-0.1376036
0.3027677
0.2138753
0.4091803
-0.540349
-0.3049441
0.1815508
-0.3296386
0.04825753
0.4461173
-0.2315748
-0.3903832
-0.373361
-0.308979
-0.5924704
-0.09687614
-0.3432739
0.03323646
0.573698
-0.02930734
-0.355191
0.09888564
0.4668105
-0.1230129
-0.1287055
-0.1738979
-0.002025884
-0.1043766
0.02753329
0.3836046
0.234188
0.1200475
-0.06186402
-0.03996608
-0.004273338
0.1857958
-0.00880117
0.03572009
0.2766842
0.04316398
-0.2637509
0.001526826
0.2478614
-0.4091302
-0.01244296
-0.1265019
0.08082226
0.1345385
-0.1009939
-0.09143092
0.09801477
0.1197996
-0.001859707
-0.3018885
-0.1985523
-0.06643561
-0.09526386
-0.2320443
-0.2123186
-0.3450916
-0.1041007
-0.05414167
-0.1351385
0.1281698
0.5052265
0.1504108
0.5024143
0.2706432
0.5129163
0.6226928
0.6853386
0.5891493
-0.07219868
-0.3380448
-0.1539885
-0.1933933
-0.2363873
0.1408478
-0.08344047
0.183196
0.1978649
0.2520684
0.2261048
-0.1944536
-0.06581224
-0.07652945
-0.02123452
0.3010193
0.02082133
-0.08969674
-0.03996908
0.09406824
0.1317773
-0.4174893
-0.2152021
-0.1152484
0.09222283
0.1807725
-0.4053629
-0.2067306
-0.01565168
-0.1772794
0.1024207
0.3319095
-0.105632
-0.3034413
-0.169023
0.00429267
-0.3204092
-0.04084978
-0.09421194
0.1190962
0.4619765
-0.0991107
-0.2169387
0.2237112
-0.2222482
-0.06041488
-0.05815687
0.2754501
0.1711474
-0.01858586
-0.07264461
-0.002005077
-0.08462282
0.05859857
-0.1418897
0.02514778
-0.1868349
0.3385655
-0.1901521
0.2805422
0.2357774
-0.01396129
0.1094367
0.4782916
-0.2125853
-0.1441272
-0.1604063
-0.09322679
0.02647075
-0.03463081
0.01075013
0.4482248
0.1628316
0.3480001
-0.2241901
0.005185426
0.09866816
0.2369251
0.04508434
0.3248014
0.01651183
-0.1422171
0.1058102
0.01737655
0.2230945
0.3437972
0.3722819
-0.007415226
-0.2558872
-0.001105251
0.5481006
0.4447829
0.6276821
-0.2626364
-0.3505946
-0.2693154
-0.1108655
-0.356944
0.4446045
-0.08291356
0.3062692
-0.2895952
0.07268671
-0.1625686
-0.09368047
0.0005762463
-0.3677874
0.1731502
0.08404843
0.01935461
-0.07126606
-0.06511972
0.01868966
0.1421712
-0.09059501
-0.1640308
-0.1659496
-0.02046963
0.02993009
-0.06001946
0.1519623
-0.2508869
-0.1540491
0.1247544
0.4156743
0.276377
-0.1149122
0.0960718
0.2584978
0.0382623
-0.194117
-0.1114894
0.3069478
0.00628261
-0.06080071
-0.02249438
0.03586483
0.5453251
0.3906862
0.2384016
0.2802831
0.2376444
-0.1280244
-0.1320175
-0.1227025
0.07470859
0.1637855
0.4546437
0.2561671
-0.07764181
0.1494229
0.1527435
-0.06799221
0.3646012
0.1718006
0.07175371
0.01717625
0.06886781
0.0183521
-0.2218502
-0.2921627
-0.1334125
-0.2031758
-0.3104076
-0.2542357
-0.1930523
0.0809805
-0.1693906
0.1157238
-0.1515995
0.1445332
-0.3511236
0.04967543
0.001799708
0.08929707
-0.05359524
-0.1993228
-0.2250414
-0.1742314
0.1031541
0.1838858
0.001590745
-0.1357761
-0.3178307
-0.2653683
0.3629296
0.4833625
0.5102821
0.5040658
0.4132764
0.02253668
0.2904176
0.1868257
0.08342189
-0.3122036
-0.07638301
0.4054936
0.261349
0.246066
0.08875414
0.1253237
0.07737964
0.1887584
-0.05460279
-0.04750217
0.1536042
-0.0404707
-0.06481599
-0.07466604
-0.349138
-0.3625683
-0.2790759
-0.322842
-0.3249913
-0.2393032
-0.09954913
-0.3455325
-0.2803717
-0.1581493
-0.2444721
-0.06230404
-0.09632972
-0.03650841
-0.1507374
-0.3062508
-0.1962555
-0.1969348
0.09439346
-0.1011207
0.277754
0.39038
0.1442777
0.3446279
-0.08264068
-0.02199838
0.0856426
-0.001084149
0.1996425
0.4558176
0.2882386
-0.07979699
0.05527553
0.03829417
0.1346727
0.4089245
-0.003747364
0.1326332
0.0834552
0.1233901
-0.06663734
-0.09389861
-0.2249781
-0.04147455
-0.2314439
-0.2989589
-0.1664436
-0.2532026
-0.1204935
-0.452194
-0.1013547
-0.09721025
0.05759756
-0.2892089
-0.1356938
-0.1031378
-0.05137372
-0.2084811
-0.2719929
0.08299606
-0.007602459
0.1356151
0.138658
0.07530863
-0.1160913
-0.3384524
-0.1171509
0.3832197
0.508459
0.3491827
0.5786109
0.1906869
0.1844231
-0.03251145
0.3314452
0.1316292
-0.2915451
0.06434551
0.2881433
0.3051928
0.1956102
0.04827516
-0.04169116
0.1115018
0.2245376
-0.07617064
-0.004148783
-0.00922873
0.05602603
-0.06348425
-0.08883171
-0.3077037
-0.1738542
-0.3240409
-0.4111133
-0.3614723
-0.3200067
-0.3753538
-0.2668589
-0.300918
-0.2761112
-0.4147302
-0.1716451
-0.2766019
-0.112709
-0.2652855
-0.1607101
-0.1047894
-0.06546278
0.01487055
-0.1177098
0.3716724
0.4993011
0.1831857
-0.228043
-0.1222167
-0.2327617
0.1252213
0.1387414
0.2754872
0.001502985
0.3493055
0.2702575
0.247268
0.1954678
0.3727868
0.2040532
0.1963191
0.005093508
0.1920876
0.1571876
-0.2700619
-0.2057371
-0.04537921
-0.092684
-0.1645752
-0.03029414
-0.01972068
0.08699077
0.01159706
0.05759084
0.1592632
0.0439681
-0.1748298
0.0775544
-0.1125103
0.1241644
-0.02066117
-0.0731023
-0.3116636
-0.1304015
-0.1723328
-0.2254465
-0.1844595
-0.1319481
-0.1948286
-0.1980542
0.2991886
0.2580064
0.2081957
0.2771147
0.5811171
0.1964424
0.1653033
0.03190732
-0.1225704
-0.1255121
-0.1862972
0.4668549
0.3839706
0.161843
0.3368175
0.2756625
0.3653398
0.3901066
0.2075141
0.1020658
0.141221
0.1037749
0.1593055
0.1125847
-0.1028451
-0.1482929
-0.07906711
-0.1962441
-0.2996917
-0.2664044
0.06048623
-0.1667736
-0.04348786
-0.09703551
-0.03322709
-0.1082162
0.05268085
-0.0006271625
-0.03573756
-0.1808725
-0.355914
0.1399377
0.1658568
-0.05184133
0.4563341
0.3562016
-0.1942012
0.09490526
-0.1977607
-0.1439096
-0.001271101
0.1313777
0.02436882
0.2538149
0.04251456
0.2577722
-0.03020276
0.2467369
-0.03457348
0.4501569
-0.1717219
-0.000952733
-0.2348114
-0.2729164
0.008297807
-0.113022
0.01353686
-0.07096826
-0.103599
0.1971813
-0.09897636
-0.04655646
0.1601294
0.1239053
-0.1308246
0.06432952
0.1011614
-0.1879426
0.02323038
0.0137026
0.1562351
0.1378626
0.1593693
0.07329752
-0.003854235
0.107815
-0.1194164
-0.005896247
0.16442
0.2848656
0.1309656
0.1572504
0.3790464
-0.0703186
0.5116634
0.009548477
0.4210488
-0.1615398
0.05635001
-0.1575482
0.2963187
0.04163074
-0.06997177
0.2139628
0.1926951
-0.1246394
0.2334899
-0.2965937
-0.0464158
0.1689815
-0.214435
0.191241
-0.3225523
-0.2640796
0.06140572
-0.156518
-0.2673032
-0.3100955
-0.2911919
-0.2460717
-0.05134047
-0.09505617
-0.2049249
-0.05980126
0.125411
0.01808442
-0.33905
-0.1907967
0.1222329
0.02764351
0.1245709
-0.06266151
0.04860088
-0.01088843
-0.3885265
-0.1835559
-0.2258079
0.1731066
-0.08728051
0.3289115
0.01592536
0.4849866
0.2446828
0.470088
0.3129739
0.1510694
0.227635
0.5189722
-0.06426573
-0.08182191
-0.1919183
-0.3732875
-0.2141718
-0.2887339
0.1372563
0.07865828
0.185585
0.3263015
0.02554963
0.03959155
0.3565904
0.08387146
0.08740487
0.001099134
0.121133
-0.2964066
0.1387395
0.05037044
-0.05113926
-0.07097786
0.1545383
-0.2627871
-0.29001
-0.1874522
-0.1625336
-0.09947298
-0.1445146
0.09084266
-0.06616918
0.3221829
0.232224
0.2978572
0.6010464
0.4895032
0.2446272
-0.2975586
-0.02533749
-0.2810476
0.273548
0.4028733
0.06600214
0.6714486
0.359597
0.2590985
0.4437272
0.06609208
-0.02191745
0.2946038
-0.008620876
0.001859453
-0.04598979
-0.07010136
-0.1858674
0.01882599
-0.05744934
-0.5477896
-0.098079
0.1548195
0.1090809
0.1443697
-0.1339988
0.06808982
0.3014969
0.08921716
0.03302698
-0.08876527
-0.03777686
-0.2803374
0.07353076
0.06410092
-0.03618157
0.03748564
0.2245745
-0.04800737
-0.2206824
0.1755913
0.1444879
0.06521588
-0.02174672
-0.1242586
-0.04328505
-0.003650578
0.03931428
-0.0756739
-0.03682791
-0.1276937
0.1286223
-0.1163262
-0.06176855
0.01326223
7.839101e-05
-0.2103935
-0.1127058
-0.07362303
-0.1463275
-0.1130132
-0.1179434
-0.00555425
-0.07018263
-0.1514389
-0.1478831
-0.1191894
-0.1948418
-0.02011673
-0.09499807
0.07819754
0.1277267
-0.07069974
0.1953704
0.1653758
0.2365526
-0.1507839
0.03549032
0.08013659
0.6010863
0.2964686
-0.03038325
0.2042451
-0.03441871
0.07685654
-0.2497048
0.3478817
0.1857125
0.06270569
0.09866846
0.2873412
-0.01385156
0.1183322
-0.1068039
-0.04415755
-0.114025
0.04089604
-0.01598065
-0.1034553
-0.1336122
-0.1570188
0.1326775
-0.02487609
-0.07578851
0.09245078
-0.1649289
-0.2776646
-0.05706712
-0.2800535
-0.3122772
-0.06518079
-0.1350942
-0.1016106
-0.1193322
-0.058036
-0.1514492
-0.1825758
-0.1378801
0.1597944
0.1161381
-0.07213343
-0.03917541
0.04797642
0.262522
0.5549076
0.2608646
0.2264127
0.0820644
0.3386519
-0.1675037
0.1698062
0.004130772
-0.08111587
-0.3146425
-0.29911
-0.3026178
-0.2394604
0.2071069
0.2111308
0.3736974
0.4128387
0.3566904
-0.4825431
-0.4121828
-0.01311241
-0.4498842
-0.3944441
-0.4562124
-0.4778192
-0.2021105
-0.4376011
-0.5196282
-0.6373165
-0.08269304
-0.3904862
-0.3640967
-0.133628
0.5470752
0.04837368
0.7053386
0.6367937
0.7506863
0.2773911
0.2837336
0.3480226
0.1362886
-0.1528194
-0.07709664
-0.1844682
-0.2196387
-0.1770092
-0.1485713
0.06925538
0.7573231
0.3276624
0.66606
-0.1061466
0.01283803
0.1793553
-0.02783913
0.1354991
0.02726735
-0.1202701
0.1849388
-0.1170624
-0.2676745
-0.4929398
0.09650906
0.2311047
0.1926799
0.4123385
-0.5219022
-0.4748281
0.3313378
-0.3739391
-0.1283505
-0.01415104
-0.4680871
-0.4175318
-0.3340468
-0.4409122
-0.593984
-0.07523247
-0.3363363
-0.01633679
0.7435154
-0.01648965
-0.4638646
0.02468264
-0.231667
-0.3487342
-0.2582382
-0.1776702
0.1468071
-0.3191352
-0.2280199
-0.06488529
-0.2589005
0.004568007
-0.3335704
0.1682603
0.1296539
-0.09617742
-0.1331665
-0.3517461
-0.1377819
-0.25253
-0.1179655
-0.2603586
-0.2055696
-0.1822723
0.005153261
0.1048554
0.3230664
0.144734
-0.1974824
-0.1116712
0.07657669
-0.424561
0.2456151
0.004232215
0.3669199
0.3569786
0.02379321
0.4161412
0.3071794
0.4595377
-0.123025
0.2081933
0.1348895
0.1040121
-0.1491671
-0.2341464
-0.007086931
-0.3489877
-0.1670625
-0.3614148
0.04144841
0.3951169
0.4785236
-0.07892702
-0.2066628
-0.2222313
0.1178448
-0.2986719
-0.03205432
-0.3540128
0.03545354
-0.439329
-0.2003066
0.006160104
-0.2729432
-9.718455e-05
-0.3499719
-0.02087738
0.3393156
-0.0714295
-0.3586963
-0.02591185
-0.2757166
-0.5405155
-0.138996
-0.2566924
0.04508424
0.0488893
0.2225211
0.0782331
0.1332384
0.1283741
0.4119416
0.3644518
0.05399976
-0.0008594521
0.1209631
0.4816154
0.594826
0.2970404
0.413738
0.0509181
0.08528524
-0.1044802
0.1934616
-0.3118562
-0.05308119
-0.338567
-0.1210075
-0.1072824
-0.0494767
0.7930881
0.5446923
0.533766
-0.2301532
-0.07691419
0.3784582
-0.1525503
-0.3516916
-0.5914117
-0.6617074
-0.452981
-0.4045213
-0.3844693
-0.7566376
0.1737978
-0.6540962
-0.5376775
-0.3605119
0.3365867
0.09543904
0.3152021
0.2852686
0.3548215
0.3382474
0.04478503
0.2570375
0.1015549
-0.02217776
0.07411987
-0.1204852
-0.03560381
-0.02376219
-0.04373428
0.06571817
0.3898378
-0.03266533
0.8434512
0.02721959
0.3168677
0.3552357
0.1828383
0.0716393
0.3215659
0.03593105
0.4032485
0.129651
-0.2385682
-0.1447371
-0.1750313
0.491685
0.3506338
0.2979191
-0.5390005
-0.1792616
0.3284207
-0.03446782
0.163605
0.2147128
-0.3283423
-0.4437372
-0.4542268
-0.5664639
-0.7357079
-0.1701229
-0.5200415
-0.1718257
0.3325718
-0.01082563
-0.5257822
-0.178287
0.5171674
0.420286
0.2229893
0.4686065
0.1861122
0.2307252
0.3503423
0.05575975
0.309499
-0.03747817
-0.1617266
-0.01817436
0.03630256
0.3414599
0.1049732
0.4212893
-0.3429842
-0.0549902
0.2906042
-0.02007931
-0.3597555
-0.3449138
-0.4507985
-0.2359545
-0.1505476
-0.2579488
-0.4593406
-0.09517307
-0.4974341
-0.4717498
-0.4793597
0.01265776
0.1016286
0.01791067
-0.02553979
0.02972331
0.2787449
0.08468564
0.07733248
0.02181106
-0.0808316
0.1256087
-0.08595295
0.2093051
0.08220542
0.2997462
-0.01194398
0.2308085
-0.08833784
0.4184898
0.319527
0.5933371
0.29309
0.5311913
0.2607043
0.4551002
0.2776766
0.6207347
0.250213
0.07747083
0.09499242
0.01988089
0.5949491
0.1924976
0.08485527
-0.3179319
0.01564605
0.0758907
-0.09311892
0.3685575
0.2162822
0.057224
-0.2860872
-0.2662508
-0.3965691
-0.3755131
-0.08835606
-0.3779824
-0.3516807
-0.01407259
-0.01833501
-0.2862439
-0.2115195
0.3399785
0.3751907
0.2928187
0.06559654
-0.007086088
0.1540554
0.09535916
0.1721082
-0.2208206
-0.09813034
-0.006944913
-0.0124384
0.5190901
0.1777395
0.4964174
-0.2755281
-0.1360087
0.1582647
-0.1545821
-0.3981385
-0.4877257
-0.5784034
-0.3663853
-0.1617533
-0.3761574
-0.5743672
-0.01671544
-0.4973742
-0.5439073
-0.567351
-0.04518705
0.1606569
0.1482811
0.02336495
0.1189847
0.1756085
-0.121471
0.05542134
0.2357258
0.2313242
0.02878076
-0.01496257
0.09638626
-0.1096024
-0.05997688
-0.002851342
0.3017074
-0.1664708
0.5909716
0.4615684
0.4630739
0.3449263
0.1440399
0.0285355
0.2773514
0.1185767
0.5175713
0.2156087
-0.1220942
0.1026438
-0.03710294
0.5693073
0.1717518
0.2130488
-0.5186418
-0.1062949
0.2434676
-0.01757044
0.125004
0.1380669
-0.05412236
-0.3494725
-0.4132109
-0.6026989
-0.4934058
-0.204705
-0.4162498
-0.344997
0.07201586
-0.05058668
-0.2265762
-0.0746465
0.3339297
0.2238601
0.2234403
0.2082791
0.3139949
0.07268466
0.1888725
0.009136507
0.05859566
0.06086176
-0.02520909
0.06685016
-0.1067428
0.01936586
-0.3156558
-0.08213749
0.2068611
-0.1930896
-0.1905055
-0.3524536
-0.1535021
-0.1570362
-0.08905834
-0.361135
-0.3616303
-0.194007
-0.2173829
-0.4360581
-0.3269304
0.01398404
0.06292254
0.09903537
0.01970863
0.06898232
0.1782583
-0.06048256
-0.06487281
0.1760606
0.1655047
0.3853799
0.3225643
0.3463854
0.1720568
0.2455515
0.2755254
0.231737
-0.1623502
0.2513188
0.3505525
0.5500824
0.3919391
0.4645609
0.2628599
0.3588473
0.3540604
0.3377298
0.1198409
0.06685576
-0.08569953
0.05718476
0.3215167
-0.122969
-0.06408607
-0.378733
-0.2692146
-0.1790185
-0.2952995
0.04448046
0.08486962
-0.1070183
-0.2184295
-0.2922169
-0.1471158
-0.3640677
-0.1210995
-0.3302346
-0.1418384
-0.07399323
0.01364334
-0.1250075
-0.1659813
-0.107675
0.165004
0.2519517
-0.00576801
0.1484109
0.0372313
0.02894915
-0.06939772
-0.0926744
-0.02321148
0.1867121
0.2134105
0.2497467
-0.2056979
-0.3798178
0.03260598
-0.286959
-0.03856076
-0.4752005
-0.1865907
-0.2035625
-0.1455121
-0.4933163
-0.2916747
0.01494426
-0.2068231
-0.1516144
-0.2738402
0.2671503
0.02938308
0.3843976
0.3289036
0.3811731
0.1395112
-0.03440698
0.05633918
0.2832233
0.08226516
0.2054331
0.1396419
0.09865375
0.002300135
0.186112
0.3231968
0.3221665
0.04954741
0.4072762
0.1256236
0.2329081
0.5517254
0.1894543
0.2443183
0.1398241
0.3587816
-0.03047072
0.06318998
-0.03026947
-0.3063348
-0.1702524
0.08917406
-0.03576522
0.3256443
-0.6283722
-0.6031712
-0.08420121
-0.3454966
-0.2193501
-0.1838636
-0.4125344
-0.3843607
-0.492095
-0.3019041
-0.4077767
-0.1997205
-0.2679551
-0.1468936
0.2152186
-0.1043667
-0.2438427
-0.03977559
0.1034383
0.3189347
0.4243877
0.1996439
0.4578029
0.295412
-0.3079923
0.02001057
-0.155118
0.02093733
0.05116005
0.2804187
-0.09070132
0.2048992
0.3279323
0.3603412
-0.3455766
-0.08278474
-0.2989789
-0.09866164
-0.04246915
0.09440099
-0.1531505
-0.2437147
-0.2637446
-0.142641
-0.265883
-0.1358128
0.3319682
-0.2072206
-0.4276584
-0.2203396
0.1988646
0.2408083
0.1264853
0.06728113
-0.1640359
0.02504689
-0.171349
0.05738468
0.294921
0.06905717
0.1049942
-0.2341789
-0.06781583
0.06675668
0.4443736
0.4892652
0.08794597
0.5832171
0.2888555
0.3570885
0.330468
0.5378184
0.3035894
0.2222964
0.1197665
0.1123433
0.4431105
0.1417449
0.1502328
-0.08034134
0.2108125
-0.0364137
-0.0169413
0.3544155
0.435061
0.421255
-0.1796806
-0.04196704
-0.1853338
-0.05808142
-0.194592
-0.1795262
-0.1620385
-0.2188504
0.07987932
-0.03077986
0.04316537
0.1879013
-0.1459651
-0.1724175
0.01893347
-0.01139326
-0.0975888
0.1672883
0.09644705
0.07233909
0.1199086
0.01059275
0.05981096
-0.2012912
-0.0117793
-0.0229199
-0.0971273
-0.103432
-0.01453926
0.01362434
0.05293752
-0.1952565
-0.1306952
-0.005402179
0.09228787
0.07243925
-0.2205991
0.01835624
-0.1675761
0.09802827
0.1558211
0.07400769
0.01359385
0.00860973
-0.06492839
0.08293425
0.1009569
0.3186449
0.1701721
0.3565769
0.02759938
0.4028244
0.1800665
0.1752738
-0.09184839
0.1321181
0.2021801
0.2033211
0.1182921
0.2709654
0.3964094
0.1248912
0.003834577
0.209778
-0.03223778
0.08375783
-0.2254921
0.06781782
0.1758851
-0.02346392
-0.03603176
-0.1893942
-0.1661696
-0.06303396
-0.04749188
0.1648156
-0.1850983
-0.2573182
-0.3096113
-0.181046
-0.1175294
-0.2924502
0.069443
-0.194289
-0.3500954
-0.03119328
0.02737149
-0.1250731
-0.1405268
0.3008073
0.0936898
0.5027964
0.5646806
-0.269247
0.2420621
-0.05794437
-0.2261495
-0.06382326
-0.1066622
-0.2344022
-0.236514
0.180816
0.1131904
-0.2125035
-0.2801341
0.01012588
-0.02046342
-0.246198
-0.2467116
-0.1169169
-0.3005384
0.04459009
-0.05981942
-0.1378216
0.1685212
-0.07213031
0.1046782
-0.0822999
0.04658207
0.2357216
0.2175241
0.2063096
0.05929786
-0.1489124
-0.0404094
-0.15398
0.05446101
0.3803544
0.3151858
0.2549082
-0.08359384
-0.03868259
-0.01943543
0.1807762
0.3194274
0.2079155
0.3843249
0.5828366
0.2809399
0.368793
0.1259918
0.3900329
0.4160964
-0.04898547
-0.08937137
0.1156953
0.09094647
0.1995294
-0.2594166
-0.2196695
-0.1981669
-0.2703477
0.1048254
0.101994
0.0858981
-0.09870482
-0.2258522
-0.02387433
-0.02944736
0.1068716
0.1113429
-0.1604284
0.04841792
0.09781124
-0.008071027
-0.08432231
-0.004632183
0.3072495
0.1670636
-0.09221498
0.2264581
-0.1173451
0.06806973
-0.1995662
0.01403317
-0.3576564
0.1825973
0.6150102
-0.03397598
-0.1852604
-0.1468001
-0.1989671
-0.03136282
-0.1186499
-0.1517712
-0.3196081
-0.2652469
-0.1977394
-0.4910957
-0.08375728
0.1188025
0.1119559
-0.2292624
-0.3627757
-0.1254772
0.1962012
0.07478437
0.07087851
-0.02086029
-0.1397969
-0.02691018
-0.06973087
0.1562911
0.2440058
0.1152544
-0.003184464
-0.08772358
0.07930727
0.1079738
0.1589137
0.5526846
0.2094038
0.4473963
0.2235982
0.6520815
0.3475136
0.4423257
0.2284011
-0.03143576
0.4117642
0.04259978
0.3894999
0.2204941
0.03653971
0.07130007
0.04863302
-0.08087011
-0.154443
0.3529062
0.4915622
0.3994468
0.04689355
0.08569251
0.02945294
-0.1414598
0.1655519
0.01817385
0.0896589
0.0262924
0.307616
0.1284897
0.09576072
0.325441
0.2658469
0.01390728
0.06764711
0.04157888
-0.3395093
-0.3848163
0.1606656
-0.1144398
-0.1099168
-0.2911792
-0.09611963
0.04094739
-0.01047889
0.0293808
0.185067
0.4572379
-0.003595866
0.3303047
-0.04805475
0.1607334
0.1477826
-0.2004285
-0.3205879
0.0712765
-0.1401983
-0.1621617
-0.266717
-0.145585
-0.3026971
-0.226159
0.150281
0.3247319
0.07469381
0.2878938
0.2220049
0.04495958
0.1212975
0.05602228
-0.1658655
-0.2706472
-0.3037867
0.3651802
0.1836158
0.1264469
-0.04537862
-0.120454
-0.003903013
0.4262712
-0.1891969
0.07549824
0.06715726
0.1826282
0.04789142
-0.1663224
-0.461328
-0.100232
-0.08693873
-0.2198194
-0.3784111
-0.3044626
-0.2167068
-0.2277643
0.09016128
-0.06216587
-0.08124282
-0.09832013
0.2445813
-0.1997862
0.1116843
-0.2074297
-0.3538257
-0.00822576
0.4341176
0.1826204
0.366033
-0.2277167
0.1399618
0.04549798
0.04150559
-0.1213247
0.1829675
-0.1004977
0.01351942
0.2106601
0.2296677
-0.0108326
-0.1092644
-0.1661489
-0.2382282
0.03145104
-0.04479022
0.009802588
0.08201196
-0.111429
-0.05367551
-0.2705295
-0.3624204
-0.2665313
-0.1978047
-0.2524831
-0.4099421
0.236653
0.1321144
-0.03153072
0.01786539
0.0162218
-0.07471559
-0.1554835
0.318612
0.009460354
0.2010988
-0.1298878
-0.2806643
-0.4750791
-0.06148877
0.2774389
0.3274001
0.3345806
0.1816895
0.4436731
0.344219
0.4316255
0.3573043
0.7766687
0.5194316
0.3331016
-0.05391113
0.3788263
0.04984213
0.05062995
-0.1154538
0.1102301
-0.01156242
0.06115676
0.4120338
0.2074219
0.2612156
0.1437062
-0.2154989
-0.1524768
0.0684892
0.03027275
0.216966
-0.4200081
-0.403567
-0.0169521
0.07070674
-0.2108038
-0.2383736
-0.02217129
-0.1059386
-0.4229559
-0.2603294
-0.224644
0.1172625
0.1232684
-0.01229064
0.4728557
-0.02716377
0.05909917
0.4064217
0.2645665
0.04252668
0.1076025
0.2700747
-0.2347761
0.2837599
0.136031
0.1877918
0.1472115
0.09335387
-0.006288928
-0.1296055
-0.08999197
0.1386693
0.1894618
0.1781568
-0.1326333
-0.2259524
-0.04808663
-0.036424
-0.1172012
0.4524944
0.09047585
0.202279
-0.3317367
-0.08294006
-0.3431082
0.03244346
0.07654683
-0.09436228
0.2286048
0.312701
0.01379295
0.3323352
-0.2755449
0.2034568
0.5900375
-0.0613974
-0.1536704
-0.3145055
-0.1552848
0.09863062
-0.09868797
-0.121179
-0.4908573
-0.242827
0.1112115
0.1834686
0.1115961
-0.1099068
0.008384166
0.3671014
0.2374041
0.1552549
0.1154408
0.1003021
-0.1710795
-0.0358854
0.1489655
-0.09926936
-0.259643
-0.00413361
-0.1218358
-0.2447463
-0.3118324
0.236569
-0.08276526
-0.01005742
-0.2658866
0.4600276
0.2623141
0.3218693
0.08661673
0.1333708
0.2241567
0.3029872
-0.02465001
0.330217
0.1552879
0.08259297
-0.2885372
-0.2377929
-0.2670709
-0.2095716
-0.3053464
-0.2898507
-0.5039318
-0.4529009
-0.1575566
0.215321
0.04069734
0.2786972
0.1700305
-0.2335552
0.06625048
-0.1361985
-0.04895046
-0.07616812
-0.3132935
-0.100818
-0.01132904
0.06291997
-0.1661264
-0.1975638
-0.03322038
0.03263718
-0.1798112
-0.1616022
-0.2542891
0.3740769
-0.1461315
-0.1199386
-0.05334977
-0.3303525
0.2973144
0.1187606
-0.0922278
0.1623476
-0.2987808
-0.4390728
0.03052138
0.326783
0.1113999
0.1674879
0.2352669
0.2123559
0.2134583
0.08745227
-0.3254768
0.07852924
0.1391389
-0.2598488
0.4935226
-0.141944
-0.1880286
0.04750545
-0.4839068
-0.1592814
-0.01637442
-0.2467628
-0.1416964
0.007756338
-0.1915766
0.121317
-0.1462661
-0.2577264
-0.1341658
-0.1029161
-0.09516279
-0.1828288
0.00848144
0.0492498
-0.1593844
0.103404
0.1163794
0.06457535
-0.08744201
0.08373848
-0.06099362
0.05463028
0.157197
-0.03970164
-0.120321
0.04798761
-0.08451779
-0.1009835
-0.1277665
0.180332
-0.01947918
0.05575582
0.1463055
0.07072532
0.004138098
-0.06714858
0.1213094
0.1723049
-0.02192322
0.1656893
0.06476173
0.02702422
0.1052687
0.5430912
0.1580817
-0.2040656
0.04119866
0.02085216
-0.196744
0.0584171
-0.3746767
-0.006673821
0.07776026
0.02136026
0.08757013
0.1211713
-0.1715154
-0.03016886
0.1150417
0.04765575
-0.08961599
0.2094286
0.2391052
0.180456
0.01276131
0.02871317
0.03457087
0.1419504
-0.1123291
-0.1392332
-0.2287283
-0.1941826
0.1611567
0.07794981
-0.08531157
0.1274359
-0.05343933
-0.04079287
0.08045819
0.2931108
-0.06748172
0.07542858
0.01388237
-0.1940862
-0.2338575
-0.01931765
0.1050294
-0.1115704
-0.02600445
-0.1315469
-0.1029131
-0.1981384
0.04120682
-0.07332237
-0.1475783
0.1249475
-0.2875375
-0.08627206
-0.3527527
0.09532298
-0.1507998
-0.09094038
-0.1233448
-0.1366984
-0.1247697
-0.106781
-0.04301332
0.09956251
-0.1696659
0.06275136
0.05320393
0.01166989
-0.006687129
0.2924963
0.05620005
-0.1242693
-0.07470548
0.009533794
-0.02018976
0.1204005
-0.1127584
0.07121392
-0.2127926
-0.1037597
0.1827549
0.0407972
-0.185294
0.07263911
0.05113385
0.0009505466
-0.1873836
-0.03724894
-0.2404391
-0.03608783
-0.2166729
0.6932852
0.5780186
0.05671109
0.05289582
0.2243037
0.01985887
-0.143714
-0.4252481
-0.6494393
-0.444219
-0.283327
-0.08690907
-0.5634
0.4855554
-0.6121117
-0.3165898
-0.3247219
0.06416726
-0.02324202
0.04284816
0.1397427
0.1144333
0.3399126
0.09010742
0.2223214
0.01354628
0.01138502
-0.07085534
-0.08319813
0.08928872
-0.06131095
-0.01381985
-0.07082257
0.243523
-0.1789664
0.6595594
0.01109068
0.08685024
0.1945593
0.04028004
0.05990169
0.160299
-0.1670085
0.431481
0.2001718
-0.1999581
0.02275376
-0.1797665
0.4780823
0.4656068
0.1799233
-0.3381832
0.05961572
0.5281207
0.2535414
0.300579
0.1443221
-0.2445268
-0.2859863
-0.4108041
-0.5539679
-0.6291906
-0.1709146
-0.3818937
-0.2896489
0.1492059
-0.08451375
-0.4781539
-0.1446527
0.5382883
0.1348729
-0.1000582
0.009198491
0.1874203
-0.04739533
-0.3293709
-0.4408484
-0.3344934
-0.4293289
-0.006407867
-0.3175228
0.4633867
-0.4890191
-0.002464825
-0.06999132
0.2271078
0.03061356
0.1598342
0.2052661
0.2660599
0.2034484
0.2864568
0.3518294
0.1585566
-0.1235427
-0.06490016
-0.1477786
-0.1246965
0.07106281
-0.1088999
0.2233923
0.1336336
0.05315598
0.5087928
-0.1305566
-0.1938236
0.08966422
0.0987318
0.2107033
-0.1363461
-0.201982
0.1691438
0.06627142
-0.02340269
-0.3378631
-0.09954985
0.2226928
0.533762
0.403028
-0.3069119
-0.01655107
0.5114577
0.1643293
0.0508211
0.02537988
-0.3272233
-0.1992096
-0.3063403
-0.3693194
-0.4164624
-0.2548689
-0.2865693
-0.0005669041
0.2495709
-0.07772013
-0.6132068
-0.1202999
-0.2558705
-0.07304631
0.0827487
-0.02937228
-0.2937522
-0.3073457
-0.6476898
-0.1878495
-0.01224393
-0.1856416
-0.312325
0.2801674
-0.5403532
-0.1346163
-0.3597355
0.05116408
0.2406042
0.04319841
0.1289021
0.06518454
0.216931
0.05172109
0.1631336
0.2253933
0.03992098
-0.1614801
-0.2246682
0.009022138
-0.178166
-0.06887387
0.045982
0.1728283
-0.09046349
0.5237416
0.1024922
0.0918393
0.2210793
0.08231148
-0.04477001
0.1223928
0.01296655
0.3337072
0.1381169
-0.1175504
-0.05433723
0.09341863
0.4021311
0.1478822
0.3940428
-0.3841692
-0.1237653
0.3834473
-0.17442
0.09993654
0.103437
-0.1534772
-0.2966225
-0.2582294
-0.6196814
-0.3973873
-0.3952305
-0.4130096
-0.2347701
0.06693641
-0.005052491
-0.2513336
0.05954986
0.3629646
-0.121021
0.4585483
0.4258187
0.3915067
0.3901525
0.1949182
0.267322
0.6144233
0.4924438
0.3878881
0.2688992
0.5660185
0.1402961
-0.3590852
-0.01602227
-0.4306072
-0.302777
-0.4019027
-0.1642875
-0.1431758
-0.2043633
-0.2875092
-0.09328456
-0.01298027
0.2159799
0.045749
0.1184872
0.1105605
-0.08973325
-0.4763169
-0.2240907
-0.4265206
-0.2505825
-0.4066954
-0.3854246
-0.1703893
-0.1643219
-0.3012316
-0.2080275
-0.3026013
-0.09539925
0.06461711
0.02300884
-0.2550492
-0.3447867
0.004135302
-0.3158733
0.372388
0.3607314
-0.1347877
0.5591418
0.1699611
-0.1200026
0.1037619
0.0768583
0.2035012
0.3168792
0.3333877
0.01047793
0.1976354
-0.02759269
-0.4202574
-0.1631417
0.06902916
-0.08318756
0.2330444
0.5365968
0.01753902
0.4752937
0.2102117
0.2992646
0.3429281
0.5955034
0.2418888
0.1536559
0.09974864
0.06768079
0.2763179
-0.07965852
0.3959986
-0.4457087
-0.4951459
-0.3739486
0.1159296
0.1778475
0.09552673
-0.4966973
-0.2650556
-0.1385445
-0.09673
-0.2180059
0.1858127
-0.04215694
-0.03983165
-0.524922
-0.001209508
-0.2466818
-0.1326355
-0.1804949
-0.5033369
0.003610055
-0.2559974
-0.0859418
-0.2128872
-0.06300309
-0.1116445
-0.03733424
0.09392836
-0.01804539
-0.1821822
-0.1348202
-0.2458309
0.3514745
0.5226671
-0.1937006
0.2590347
0.4981001
0.5701104
0.4889909
0.04957038
0.5268388
0.4153516
0.2672973
-0.1178699
0.02244757
0.296241
-0.2728053
-0.02773984
0.2457645
0.1932381
-0.04086261
-0.09540971
0.0421272
-0.2018221
-0.01958462
-0.1536621
-0.02984448
-0.3125758
-0.1179531
-0.1255798
-0.3094654
-0.01950924
0.1690738
0.1783416
-0.1481895
-0.3097116
-0.05677238
0.2612293
0.2000118
0.1207142
-0.07934813
-0.2604471
-0.09945912
-0.262048
0.04389325
0.08300667
0.09926096
-0.05748773
-0.08673673
0.2364493
0.297731
-0.05836327
0.4644831
0.1991611
0.3420825
0.1392059
0.5894899
0.1791876
0.3563073
0.1789441
-0.09780523
0.07299113
-0.01688435
0.4029378
0.2114956
0.1563583
0.03368869
0.1519089
0.1143783
-0.01675689
0.2771483
0.5603904
0.3677621
0.1159733
0.1158771
-0.06260091
-0.162388
0.03088707
-0.05391599
0.1233074
0.0410857
0.3934986
0.06183193
0.05009258
0.001705503
0.2294201
0.2027012
0.08046475
0.07354971
0.4893131
0.2613764
0.07852098
0.055996
0.2361505
0.1386389
-0.08973325
0.1750131
-0.3865679
-0.3577713
-0.3372917
-0.06109356
0.2454877
0.1377266
-0.2486722
-0.2201821
-0.01274296
-0.09578171
-0.1648042
0.3720896
-0.02003186
0.03398954
-0.5163261
-0.1139553
-0.246979
-0.005132203
-0.1832045
-0.2752201
0.1485043
0.1688839
-0.259632
-0.0706403
-0.03664108
0.1764268
0.4857062
-0.001198059
-0.1196867
-0.1280006
0.1887298
-0.01328181
0.1969148
0.4972635
-0.06913117
0.3870865
0.4595222
0.3501769
0.2527567
0.0292639
0.2229311
0.3187712
0.2367952
0.04206605
0.05630464
0.08624365
-0.349995
-0.1664531
-0.06825947
-0.09424197
0.5109081
0.5188409
0.1653882
0.223684
0.2917106
0.6198179
0.5092746
0.3586388
0.4709069
0.4196985
-0.4564916
-0.3600802
-0.37891
-0.1521506
-0.3918856
-0.3006428
-0.329343
-0.4376035
-0.1269548
0.1426649
0.218377
0.2719165
0.3183064
-0.1310196
0.1671339
-0.191525
-0.3967287
-0.07555119
-0.4810824
-0.2556654
-0.3402036
-0.01212154
-0.1708844
-0.04114398
-0.1254653
0.07148628
-0.4073243
-0.1454444
0.0106481
0.1064931
0.01776146
-0.3552292
-0.1275742
-0.3288354
0.3907013
0.05889908
-0.1382025
0.1825906
-0.1031632
-0.3915287
-0.05514913
0.5041141
0.2858098
0.4241943
0.4920978
0.183787
0.4316751
0.1347914
-0.4109744
0.05206275
0.223824
-0.1711932
0.6360001
0.5584171
0.3932006
0.5820303
0.705661
0.07386581
0.5097096
0.445928
0.5848771
-0.338031
0.02907306
-0.4564591
-0.3460543
-0.4020687
-0.3643011
-0.02482163
-0.3430732
-0.3066894
-0.1863159
-0.08857553
0.02802946
-0.05550363
-0.1930933
-0.01483351
-0.3140999
-0.4542952
0.2022538
-0.6217192
-0.261166
-0.4205004
-0.4048917
-0.2643805
-0.2406003
-0.288406
-0.1541899
-0.4064827
-0.2854106
0.01565115
0.05958123
0.2811361
-0.4444532
-0.3268373
-0.2523747
0.710731
0.4232008
-0.1302593
0.1762859
0.09721163
0.09129465
0.4379758
0.5305384
0.8483871
0.626938
0.7216285
0.1582969
0.4879181
0.3848058
-0.2904675
0.2075687
0.5283997
0.1675342
0.4694581
0.3314351
0.3394505
0.6963195
-0.108012
0.6907718
0.4429824
0.5568214
-0.09592699
-0.07498962
-0.249955
-0.1447726
-0.2334884
-0.3731133
-0.1604177
-0.2675268
-0.2262483
-0.1641417
0.07959102
0.2331632
-0.02465687
0.1147972
0.2041417
0.03249187
-0.3652591
0.1485784
-0.7315822
-0.2728902
-0.3329332
-0.2662512
-0.08614128
-0.03875039
-0.3280659
0.01142072
-0.6332165
-0.3344542
0.1633687
-0.0327388
-0.02839015
-0.6728724
-0.3036789
-0.2680947
0.4079938
0.07084518
-0.518587
0.01709697
-0.1739938
-0.1740069
0.1222641
0.3198185
0.5242616
0.862345
0.6273818
0.3368805
0.4265045
0.4156391
-0.267482
0.03630675
0.3815728
-0.01371408
0.462706
0.492218
0.5346493
-0.1177802
0.5120941
0.4086505
0.3804387
0.06161405
0.2805886
-0.2575246
-0.296529
-0.203696
-0.1952831
-0.0563784
-0.08402518
-0.3148096
-0.2882373
-0.2730094
0.08187585
-0.2333585
0.01784378
-0.01123679
-0.04510708
-0.3094877
0.2199797
-0.5004338
-0.2287334
-0.2659675
-0.5003041
-0.1715484
-0.2792952
-0.2108768
-0.1368796
-0.4094164
-0.3561406
-0.1516952
-0.1152576
0.1795204
-0.4925953
-0.4552695
-0.1123235
0.4058692
0.03283191
-0.4060972
-0.2543767
-0.05840638
0.01326073
0.2706618
0.09901688
0.57267
0.4354239
0.5099745
0.0628735
0.276514
0.363866
-0.1554309
0.1842734
0.5174908
0.1583864
0.3630516
0.5599552
0.1322776
0.5031062
0.5190455
-0.05857704
-0.2980166
0.2866756
-0.4435799
-0.310598
-0.4707925
-0.170752
-0.3581065
-0.3398024
-0.2626816
0.1322016
0.04563611
0.2647128
0.1706224
-0.1186308
0.2911321
-0.07085273
-0.3835808
-0.1812182
-0.4955587
-0.08387577
-0.1514089
-0.3097582
-0.1933286
-0.3584617
-0.1637639
-0.07224859
-0.2736853
-0.2600714
-0.1666559
0.1816989
-0.01781083
-0.3534847
-0.445652
-0.4509293
0.284106
0.1934807
-0.4144061
0.101076
0.07082528
-0.115644
0.3021826
0.06732704
0.3225935
0.2971328
0.3676925
-0.05381671
0.2287289
-0.09936285
-0.5014171
-0.07587475
0.5867095
0.3188475
0.636555
0.2417291
0.345097
0.530019
0.2932275
-0.2955024
0.1816624
-0.5280694
-0.520004
-0.5289196
-0.1368374
-0.04320089
-0.0651645
-0.4539463
-0.2481224
-0.2761583
0.05656957
-0.2705049
0.05557093
-0.05154181
-0.1044977
-0.5742737
-0.09866075
-0.5615052
-0.200462
-0.3903572
-0.5816109
-0.1721206
-0.2900492
-0.3499813
-0.2912427
-0.2508725
-0.1119927
-0.02109765
0.1736599
-0.03271166
-0.3432303
-0.1270026
-0.2658417
0.5837316
0.5885116
-0.1219716
0.4058948
0.1229225
0.04702335
0.4680805
0.243851
0.4489661
0.3824802
0.524881
-0.08019998
0.2907193
0.1848057
-0.4476899
-0.05883769
0.2312908
-0.05374643
0.198407
0.659317
0.724451
0.411249
-0.4456972
-0.03826553
-0.5030717
-0.3734637
-0.5719834
-0.4204613
-0.3075753
-0.4176356
-0.2719884
0.03196171
-0.01551361
0.1812478
0.005465074
-0.0850477
0.08678132
-0.10181
-0.6144385
-0.09018989
-0.8389818
-0.24187
-0.4452374
-0.3918279
-0.2619392
-0.2419819
-0.387054
-0.04666421
-0.5797592
-0.2045375
0.1418334
0.133714
0.03459824
-0.5912557
-0.3930573
-0.301835
0.5433246
0.2648601
-0.3609972
0.1506986
-0.1351666
-0.3064093
0.2915057
0.4239417
0.5118551
0.5751908
0.83183
0.09688934
0.5051247
0.2098816
-0.5686892
-0.04554566
0.5271947
0.01775993
-0.147716
0.290845
0.03136409
-0.3434699
-0.1966468
-0.1809886
0.04797317
-0.2597634
0.1226309
-0.144405
-0.08148361
-0.1688099
0.121424
0.1046423
0.05767372
0.2250972
-0.1602979
0.06125634
-0.1205227
-0.2582237
-0.4156424
0.03128309
-0.2225422
-0.3648823
-0.1467372
-0.21924
-0.1226705
-0.08195275
-0.2572521
-0.08946049
0.04556365
-0.03298141
-0.003810743
-0.1107367
-0.06960988
0.03235127
-0.2105629
0.01895849
0.1257793
0.2361083
0.314639
0.228155
-0.1752719
-0.211513
0.08336934
-0.07785533
-0.1240149
0.01056228
-0.1175245
0.04595436
-0.2209948
-0.2449931
-0.138337
-0.1257312
-0.1652347
0.5352315
0.3225771
-0.132792
-0.05701187
-0.2097412
-0.2302598
-0.2917524
-0.2268787
-0.2418383
-0.2582455
-0.2054044
0.05181646
-0.03330124
0.1625722
0.04518311
-0.03505579
0.1433574
0.002598388
-0.291044
0.04499281
-0.6614618
-0.1606383
-0.2417653
-0.3183904
-0.2629153
-0.1275221
-0.2477047
-0.1140884
-0.4905452
-0.2647212
0.02154911
0.001015395
-0.182233
-0.5284579
-0.3247048
-0.2564593
0.3646554
0.08414487
-0.3776874
-0.001706695
-0.2024937
-0.2782713
0.2333254
0.2428148
0.3730108
0.5449846
0.561741
0.3700399
0.5105435
0.2387091
-0.326054
0.07275223
0.6086998
0.08534016
0.2367561
-0.2375252
-0.0189669
-0.2852088
-0.146077
-0.3375431
-0.2272343
-0.1848872
-0.1780959
-0.1648467
-0.04329139
-0.01829727
0.07464503
-0.01116556
-0.06260923
0.162352
-0.04963594
-0.4564354
-0.1254048
-0.5751243
-0.2782278
-0.5344597
-0.3625928
-0.2688706
-0.1815724
-0.4022531
-0.2055682
-0.4834987
-0.1940079
0.05373849
-0.0977895
-0.06356829
-0.5164525
-0.2393242
-0.2481523
0.3434667
0.1679814
-0.2149104
0.2234756
-0.1451333
-0.4120111
0.04263968
0.1699179
0.2154741
0.2886084
0.480002
-0.01232381
0.3631472
-0.02319926
-0.3947783
-0.190481
0.2388515
0.06579499
0.1489683
-0.07103435
-0.07301129
-0.04823194
0.02903928
-0.1508416
0.2112402
0.07161482
-0.2302502
-0.2771678
-0.05833017
-0.06986662
-0.2719376
0.1100709
-0.2170891
-0.05510886
-0.2841379
0.4162013
-0.4046595
-0.36967
-0.4750301
-0.2873418
-0.2021261
-0.1240765
-0.2772457
-0.1251003
-0.5815139
-0.2882327
0.03137334
-0.211523
0.1984453
-0.5336308
-0.1901801
0.007248469
0.405183
0.01520404
-0.204144
-0.138066
-0.1373527
0.0172657
-0.006541996
0.3361854
0.5393753
0.6460112
0.4150031
0.1789478
0.27945
0.7163038
0.1070521
0.177111
0.08106334
0.04467126
0.2862825
0.5515171
0.378864
0.6969786
0.256264
0.4373736
0.5797089
0.03225037
-0.3121406
-0.1873068
-0.184603
-0.5272257
0.2127808
-0.2077322
0.3577526
0.3872917
0.4157498
0.4140402
-0.2417034
-0.0195449
-0.04964419
0.04189512
0.05693713
-0.1151892
-0.1762738
-0.1531831
-0.2444835
-0.1031812
-0.4419888
-0.08836026
-0.1285915
0.1260316
0.39054
-0.3510608
-0.3489919
-0.0007789422
-0.388745
-0.2283633
0.2473949
-0.274561
-0.3172947
-0.1578437
0.02467796
-0.4340327
-0.002590954
-0.3217897
0.3702994
0.6657116
0.005871463
-0.3200117
0.08326248
-0.01710126
-0.201015
0.1260826
0.1110416
0.1605159
0.2328186
-0.1402124
-0.2825791
-0.1024
-0.08511577
-0.4226048
0.1783355
-0.0337156
0.1729865
-0.09245397
0.3720781
0.08533211
-0.09093368
0.02005658
-0.3538973
0.184558
-0.299694
-0.09296688
-0.1455854
-0.06798433
-0.3668478
-0.2329168
-0.2691624
0.1354786
-0.1320134
-0.1727268
0.1672734
-0.06124509
0.06272569
-0.1656313
-0.1365242
-0.009896527
0.4390524
0.290368
-0.2966826
0.2423712
0.06059279
-0.01634813
-0.3624129
-0.255513
0.2992205
0.1687774
0.1268289
0.154615
0.5133828
0.8083362
0.8659298
0.3360311
0.3256032
0.5066636
0.2734526
-0.1461664
-0.02107045
-0.1411272
-0.2616571
-0.1097204
-0.1913763
0.2002992
0.688511
0.1456812
0.5637271
-0.008029336
0.05076868
0.161904
-0.0864751
0.1487445
-0.1089852
-0.02516192
-0.05032365
-0.07038832
0.008902592
-0.5368598
-0.04947387
0.01014999
-0.04384075
0.3825144
-0.5935188
-0.5637559
0.1425537
-0.4239071
-0.2918287
-0.0317431
-0.5298407
-0.4401368
-0.4475506
-0.3018517
-0.503372
-0.09965772
-0.2544436
-0.02751106
0.7320766
-0.07900766
-0.3661013
0.003875123
0.7343389
0.1254553
0.1140647
0.2899018
0.3354709
-0.006227276
0.148681
0.02226744
-0.02644013
-0.1465984
0.002930694
0.1277311
0.7100312
0.04372034
0.4512185
-0.1151112
-0.1050735
0.194019
-0.1088591
0.06274634
-0.1664898
-0.03698674
-0.1557681
-0.179818
-0.03222534
-0.4434112
0.01557778
-0.1089061
-0.116208
0.1804902
-0.4712961
-0.5829758
0.1701934
-0.3754464
-0.2844573
-0.2645443
-0.7162544
-0.3648127
-0.3810918
-0.2553145
-0.4982791
-0.08468207
-0.293244
-0.1770173
0.6092775
-0.0915257
-0.3889021
-0.08731133
0.2330357
0.3930478
0.5045974
0.3171935
-0.153572
0.02612474
-0.07352749
-0.2764582
0.04305601
-0.1661023
0.2483099
0.7382208
0.4345411
0.6104199
-0.007278162
0.05286551
0.1590292
0.01118187
0.1184864
-0.1089546
-0.04682456
-0.04857097
-0.2841741
-0.08572389
-0.6015963
0.08104031
0.009983132
0.07054775
0.4393639
-0.4970051
-0.5565463
0.1796867
-0.4179474
-0.3175242
0.0611389
-0.5136663
-0.4250613
-0.3149627
-0.2288015
-0.5706161
-0.1316296
-0.3512004
0.1546404
0.8556516
0.02603216
-0.3998123
0.1794156
0.473138
0.6739976
-0.1502491
-0.2606009
-0.1777742
-0.2972261
-0.03754036
0.04907252
0.07674344
0.07440467
0.1068282
-0.1377911
0.3273724
-0.06612515
0.1950302
-0.01628673
0.1416406
0.2138971
0.3314294
-0.0449487
0.2509876
0.2746204
0.06458297
-0.05029638
-0.3387164
0.2402879
0.1430609
0.1190977
-0.4209075
-0.06818084
0.1510868
-0.09681799
0.2555281
0.3005998
-0.0303246
-0.2999477
-0.3640031
-0.3121828
-0.424766
-0.2218869
-0.2227989
-0.1947633
0.1969997
-0.1210636
-0.2188134
0.004665492
0.6023759
0.002595366
-0.4310403
-0.2751103
-0.3971915
-0.3176312
0.1430178
-0.2161567
0.1773603
0.1274661
0.3542028
0.2327558
-0.09784198
-0.06113502
-0.06152463
0.09311853
0.3350407
-0.05332449
-0.09065541
0.1644885
0.1830217
0.2896469
-0.3471169
0.1090345
0.1287675
0.2261264
0.377221
-0.1154065
0.06175602
0.2463297
-0.1030227
0.2242894
0.5785969
0.1006246
-0.01965822
0.04620108
0.0263135
-0.1566071
-0.09862507
-0.05470704
0.2923286
0.4154246
0.1086757
-0.2429532
0.1543518
-0.01169209
-0.4287025
-0.3010791
-0.3133585
-0.413275
0.2164537
-0.1547267
0.2265498
0.197443
0.1524706
0.3586138
-0.1440217
0.02384944
-0.1473085
0.07728546
0.1324703
0.001471046
-0.1807068
0.04094712
0.06175319
0.0757412
-0.2910904
-0.1813124
0.03882018
0.2045076
0.3115173
-0.3500034
-0.05288537
0.1935104
-0.162752
0.06604767
0.370678
-0.1229812
-0.271925
-0.2212326
-0.1346857
-0.3887191
-0.2963527
-0.2939728
0.1038618
0.4786803
-0.1104023
-0.3615468
0.05940058
0.3929436
0.2081563
0.2376287
0.2438474
0.07473967
-0.03082126
0.3540226
0.3147052
0.01557656
0.3156905
0.4399782
0.1894814
0.4663293
0.1383757
0.1377332
0.08651364
0.2628384
0.1630515
-0.01090006
-0.03304113
-0.1677959
0.125667
0.1852911
0.007001663
0.20042
-0.2545689
-0.3829075
0.09239098
-0.3124275
-0.3279769
-0.1760841
-0.3350385
-0.1622036
-0.3036478
-0.3237394
-0.3084266
-0.2636467
-0.2700613
-0.1024026
0.177811
0.05302849
-0.1453277
0.03801938
0.4405347
0.4960088
0.4347084
-0.02483667
-0.01302297
0.160673
0.07050465
-0.3097662
-0.01684665
0.4561517
0.09198128
0.2179403
-0.1925464
-0.1306837
0.0207656
0.07714663
0.01512001
-0.03412433
-0.09718702
0.21436
0.07511643
0.06484597
-0.1953737
-0.3229112
-0.1125665
-0.1751925
-0.04938635
-0.0142666
-0.2463502
-0.4219637
-0.2394277
3.60442e-05
-0.2534229
-0.2954676
-0.08608586
-0.1615519
-0.1513922
-0.2771134
-0.2732403
-0.04556819
0.1207115
-0.03627703
0.5078789
0.4115209
0.2053806
0.3092988
0.1758252
0.02023351
-0.1267968
-0.008883161
0.2759596
0.1806569
0.2057518
0.2688034
0.09231181
0.1199584
0.2729983
-0.05349094
-0.1708595
0.1319837
-0.1465188
0.06285905
-0.04175056
-0.2212076
-0.3376322
-0.1015591
-0.159877
-0.2466215
-0.001626766
-0.01262595
-0.2518252
-0.2650366
-0.1418333
-0.09861625
0.02315389
-0.09931173
-0.006525668
-0.1690138
-0.1554194
-0.1255374
-0.04227815
-0.07444029
-0.07691341
0.3395699
0.2124786
0.2404315
0.2257517
-0.00084638
-0.1986428
-0.2714754
0.2294692
-0.01293814
0.01982747
-0.05680957
-0.03237722
-0.1460962
0.1549784
-0.2854431
-0.2405467
-0.1405411
0.007333202
-0.006606933
-0.3395823
-0.3573108
-0.4749761
-0.01307905
-0.2415503
-0.4094202
-0.05722375
-0.2488999
-0.4054377
-0.2224556
-0.1746798
-0.04704803
0.1459239
-0.03276809
-0.1965843
-0.05925664
-0.1147608
-0.2315302
-0.03069081
0.1156767
-0.04148447
0.02232429
0.5167721
-0.09320349
0.04033888
-0.3451388
-0.05629439
0.3260529
0.4154823
0.4337274
0.3153491
0.3539043
0.4760884
0.4316947
0.3103952
0.2017501
0.1007943
0.282378
0.04539133
0.2837971
0.01018175
-0.3228782
-0.06810312
-0.1399916
-0.08738344
0.008141934
0.2018403
-0.2931624
-0.1702132
0.01436338
-0.2267452
-0.2043439
-0.1582102
0.122479
0.002044779
-0.4770877
-0.425039
0.0771373
0.08451424
-0.09290356
0.2567283
0.4596323
-0.2572445
0.03487696
-0.1009376
0.2298879
0.1665464
-0.1052995
0.5380179
0.183636
0.1055513
0.2039894
-0.04042638
-0.1068758
0.1604432
-0.1600559
-0.01626369
-0.1145539
-0.0248669
-0.07645917
-0.08462727
-0.1242493
-0.4313053
-0.2046512
0.02550282
0.1777426
-0.0171691
-0.2992547
-0.08332339
0.2186816
-0.1033714
-0.1572642
-0.2972999
0.174819
-0.007701319
0.1042421
-0.1478186
0.0007234584
0.133127
-0.0625376
-0.06254433
-0.1706805
0.08598952
0.2618434
0.1414469
0.5032284
0.3103333
0.2835674
0.2914516
0.03087036
-0.0838153
-0.03467697
0.08182103
-0.03658354
-0.006575763
-0.1143393
-0.2759147
-0.07930509
-0.1597485
-0.343887
-0.04896228
0.1678226
-0.1991108
0.00584079
-0.2274098
-0.05339357
0.09401868
-0.0991191
-0.03190605
-0.02876732
-0.3441083
-0.1762052
0.1248073
0.09215069
0.06692751
0.05946441
0.09408936
0.08767029
0.2091426
0.05117514
0.07353753
0.3402467
0.1400327
-0.1186992
0.06022155
-0.08295787
-0.232004
-0.07736128
-0.3589352
-0.08622488
-0.1389433
-0.06105293
0.1250761
-0.3067936
-0.3695131
-0.2562435
-0.3842616
-0.2472896
-0.01865257
-0.1710163
-0.3610711
-0.1966228
0.05675783
-0.2097385
-0.2950104
-0.3366423
0.1945382
0.1431143
0.07305208
-0.1709781
0.03615364
0.2299744
0.5993893
0.1429814
0.253196
0.3651642
-0.008419204
0.1022399
0.03901947
0.02020467
0.2432606
-0.1504355
-0.185648
-0.2614282
0.0848422
0.2927019
0.1211878
0.2842734
-0.4765026
-0.5039304
0.3231673
-0.3391766
-0.2756788
-0.1499838
-0.5195313
-0.35999
-0.425262
-0.4640032
-0.6528407
0.02485611
-0.3677782
-0.178829
0.640838
-0.006527529
-0.36175
-0.0148751
0.0892318
-0.2104423
-0.06233174
0.001243814
0.1250483
0.02552933
-0.0372713
0.0143335
-0.1570528
-0.3980297
-0.2599982
-0.3913247
0.3367019
-0.1298261
0.1053151
0.4109261
0.05365607
-0.1389248
0.03554138
-0.2571367
-0.2500601
0.23957
0.1059549
0.06357887
0.3795464
0.2604733
0.04820367
-0.01984036
0.02899643
0.6237007
0.5384441
0.3870393
0.03038128
0.4889682
0.1688511
0.3737134
0.4354099
0.1504243
0.1804265
0.2623389
0.03551269
0.5031926
0.1166431
-0.1108588
-0.2824615
-0.03763569
0.5914565
0.3803037
0.4808069
-0.5980095
-0.25147
0.4976018
-0.1334335
0.06927194
0.2814546
-0.372659
-0.4048831
-0.5214924
-0.6576757
-0.7812568
-0.1650745
-0.5055643
-0.1855279
0.5409432
0.005647801
-0.4955027
-0.01382391
0.5177298
0.3732891
0.3122598
0.1893012
0.25454
0.3744544
0.430304
0.1477988
0.1332047
0.1440261
0.1791731
0.4323609
-0.06657952
0.01784125
-0.2089335
-0.1302485
-0.07281848
-0.1716362
0.04687578
-0.04140213
-0.01384918
-0.258978
-0.3083681
-0.3456636
-0.2097621
-0.196912
-0.2693527
-0.3150903
-0.1371041
0.007127721
0.01070968
-0.06459235
0.5169008
0.6111861
0.3643432
0.7244514
0.5566976
0.6255163
0.2431321
0.1375193
0.247795
-0.06357279
0.6456281
0.1714581
0.0918022
-0.3461395
-0.115599
-0.04497525
-0.2258184
0.1446798
0.2303174
0.08978537
-0.2152116
-0.3713746
-0.3768685
-0.3945113
0.06181069
-0.3055405
-0.3057407
-0.06780088
0.1267473
-0.01229026
-0.1188134
0.2949795
0.4961691
0.4476867
0.6470021
0.3427368
0.3898897
0.1642504
0.08161938
-0.001264117
0.4975603
0.2887531
0.3431608
-0.4205619
-0.3580619
0.1565287
-0.1875204
-0.1041573
-0.1118562
-0.3060347
-0.01772131
-0.4911833
-0.359164
-0.4098595
0.07170233
-0.1254056
-0.2663503
0.02246205
0.05989476
-0.2607023
-0.1735357
0.4450754
0.5186482
0.4456295
0.4604815
0.04211278
0.1223758
-0.04446428
0.113041
0.3686398
0.1874407
0.1298784
-0.2275582
-0.1199697
-0.2056211
-0.2372062
0.188762
0.2206151
0.05026745
-0.2707955
-0.1665222
-0.04414445
-0.2738448
-0.09118328
-0.3959965
-0.07418223
-0.04063048
0.1298301
-0.251362
-0.07334601
0.333099
0.4742607
0.3248993
0.4893717
0.4732112
-0.06322432
0.0007517964
0.3080297
0.4040345
0.2588199
-0.3602708
-0.1437588
0.05159812
-0.07511876
0.246527
0.1145435
-0.1005313
-0.05741084
-0.3146095
-0.07601658
-0.2637597
0.2027256
0.07267785
-0.205941
0.02676255
0.03098359
-0.3000974
-0.1683426
0.4898636
0.5677616
0.3177986
0.003608293
0.3193837
0.01654727
0.5941158
0.1946998
-0.005107538
-0.1763493
-0.08011186
-0.03928067
-0.1888761
0.3131165
0.226935
0.1143219
-0.07807149
-0.2210775
-0.3296688
-0.3032506
0.06285862
-0.1834791
-0.2758277
-0.1008313
0.206213
-0.008762741
-0.1057193
0.1292212
0.3417141
0.2892062
0.1305693
0.06406279
0.1996418
-0.03091888
0.1687834
-0.2663666
-0.3109429
-0.3076245
-0.3076582
-0.01956686
-0.003577602
-0.0336249
-0.07580565
-0.2210598
-0.08370146
-0.04198012
-0.03931468
0.04846538
-0.1370544
-0.1833121
0.1547474
0.02981609
-0.09034382
0.3903791
0.03338589
0.2689447
0.0471952
0.9054893
0.4749738
0.116801
-0.1739431
0.215936
0.4080019
0.1288295
0.4383176
0.3451828
0.1768908
-0.1078079
-0.3086917
-0.542964
-0.4274754
0.02752735
-0.282011
-0.4046242
-0.03029782
0.007358185
-0.2520789
-0.1383473
0.4982104
0.3453685
-0.1435919
0.4207398
0.3309196
0.1958419
-0.1877205
0.172095
0.2198428
0.254706
0.379595
0.1671339
0.1628329
0.1657089
-0.365663
-0.3046625
-0.0534946
0.09624607
0.2330969
-0.393292
-0.2613599
-0.08066364
-0.1699552
-0.2831209
0.02980256
-0.0976717
0.06765783
0.1546975
0.1488022
-0.08568693
0.1615967
0.03876706
0.1514006
0.2667989
0.1551805
0.03607455
0.1739507
-0.1273733
0.1131457
0.1479336
0.2383175
0.140378
-0.128918
-0.2370872
-0.1764234
-0.093362
-0.3111107
-0.08379772
0.2658039
0.2027758
-0.2996431
0.3539715
0.400733
0.06785291
0.3637473
0.201166
-0.0217808
0.4052365
0.351724
0.06797293
-0.03229728
0.1958185
0.215339
0.2507765
-0.2617333
-0.4607446
0.09026298
0.2650181
-0.1588192
0.07631496
-0.2496337
0.1707889
0.2528456
-0.07133885
0.02385773
-0.2608089
-0.05005935
0.1350172
0.1218813
0.2079726
0.3806632
0.07677954
0.1493604
-0.1705627
0.005101921
0.2291969
0.21022
0.4084195
0.08956336
0.2530629
0.5105417
0.2916285
-0.2200742
0.1453628
0.4822873
0.1023524
0.3329135
0.2937708
0.1164064
-0.03780782
-0.3796254
-0.6043384
-0.4350092
0.0313575
-0.2626912
-0.350842
0.01623164
0.05313687
-0.279961
-0.2057301
0.3695413
-0.1026815
0.304805
0.5590762
0.4533038
0.2543656
0.2118281
0.051382
0.1271746
-0.2387586
-0.1989914
-0.2754574
0.2994418
0.03156282
-0.01407372
0.1080308
-0.08260658
-0.4371206
-0.162953
-0.3419321
-0.2317181
0.3843866
-0.2208913
-0.173078
0.2846824
-0.0289459
-0.08656438
-0.1702123
-0.2115269
-0.1746841
-0.02392026
-0.005488759
0.2829446
0.4662826
0.2122609
-0.1928194
0.110214
0.5753556
-0.009597969
0.3835221
0.1518003
0.05854892
0.5321514
0.642212
0.7351716
0.5394771
0.6811406
0.2606572
0.4983029
0.3194889
-0.2649245
0.2578827
0.4418952
0.1139296
0.2979864
0.7566203
0.4597901
0.3770351
0.6601591
0.5270305
0.4319497
0.2221613
0.4256228
0.1475426
0.3066788
0.05279971
-0.4096543
-0.1378133
0.1662875
-0.05014678
0.3646391
0.118848
0.183274
0.00827989
0.2928432
-0.1101162
-0.4235299
-0.2243397
0.02951783
0.02260628
-0.1190724
0.2993914
0.04946194
-0.2537409
-0.02256618
0.3648046
0.07204822
0.3295601
0.3654303
0.103394
0.09446623
0.2110936
0.170569
0.3158905
-0.184302
-0.3338908
-0.2474632
-0.05445862
-0.07531393
0.5094518
0.3339125
-0.004085475
0.1649179
0.0195166
-0.02135949
0.1520556
0.02942061
-0.2408873
-0.2019173
-0.09117504
-0.01967757
-0.03779001
0.5241615
0.07171235
0.3239619
0.1260134
-0.02338622
-0.03440645
-0.02838107
0.3070348
0.2099811
0.2386247
0.1149804
0.2884598
0.4424899
0.5664008
0.3066852
0.5638262
0.08662068
0.4696185
0.2169527
-0.2742446
0.2510232
0.5623957
0.2869316
0.4871872
0.4023429
0.627997
0.2991362
0.6114042
0.2803168
-0.2632582
0.1543797
0.3150163
-0.05317261
0.6695848
0.6946757
0.1418701
0.4232179
0.5742244
-0.07993522
0.3828751
0.5495373
0.326431
0.6236591
0.3042303
0.4363812
0.604391
-0.1330946
0.1319246
0.3408211
0.1012627
0.1980673
0.6777552
0.38202
-0.43232
0.150393
0.6219687
0.08167376
0.4528172
0.1355389
-0.07576301
0.05399575
0.1708491
-0.2118331
0.1888608
-0.1962374
0.2376365
0.5444761
0.1487173
0.2628698
0.3255824
0.148521
0.2249572
0.1892905
-0.2914729
0.3275842
0.3518467
0.3053382
0.4318204
