0.2255498
0.2266124
-0.07145011
-0.1562006
-0.1896724
0.06690939
-0.05162205
-0.1376514
-0.2671456
0.4430922
0.2192189
0.5035094
0.1347704
0.1471837
-0.2410036
-0.01469329
-0.07749356
0.5637128
0.249086
-0.02631421
-0.3090179
0.0596767
-0.03580048
-0.1224925
-0.3008665
0.1288524
0.03212894
0.07120515
-0.08936838
-0.1125158
0.09574957
-0.08111622
-0.05833656
-0.3096189
-0.03363397
0.04444045
-0.1508249
0.06140537
0.05773008
0.02418163
-0.07076345
-0.05218846
-0.1091351
-0.5028204
-0.435929
0.07671881
0.2928543
0.00566391
0.1856072
0.5012677
0.3935494
0.4282711
0.4088988
0.5165239
0.4869493
0.106075
-0.06595658
0.5193843
0.3682904
0.3380531
0.168545
-0.008104822
-0.1670864
-0.05073878
-0.1774176
-0.4175538
-0.2011409
-0.07521662
-0.1402627
-0.1335353
-0.2313793
-0.01155189
-0.01142842
-0.16552
-0.04723208
0.09864522
-0.1889118
-0.2547997
-0.002316114
-0.3366359
-0.1342681
-0.208762
-0.1084652
0.1551884
0.03884695
0.2187334
-0.1185963
0.2494682
0.05186478
-0.2941697
-0.07056573
-0.1084992
-0.1418117
-0.01310965
-0.1374839
-0.1978046
-0.1395258
0.2316136
0.2471225
0.05181488
-0.2047065
-0.2165566
-0.149316
0.08822698
0.07166101
0.1899367
-0.02620242
-0.009707362
-0.1221833
-0.1609143
-0.0980025
0.0352362
0.07057725
0.1573403
0.04312211
0.03238811
0.1650977
-0.08017311
0.1387184
-0.2200107
0.1575189
-0.1038728
0.15148
-0.09027293
0.1217372
-0.004656966
-0.03702408
-0.2413281
-0.03785477
0.3324474
0.4643053
0.3181757
0.5560455
0.1557319
-0.01196346
-0.1877214
-0.1144738
-0.1926397
-0.1787825
-0.3739641
-0.03990839
0.02965145
0.2665943
-0.1602555
0.03328253
0.09888905
0.1745698
-0.1049377
-0.2047132
-0.04387326
0.126656
-0.06553302
-0.03750238
0.01099881
0.005264246
0.1195424
0.1639011
-0.1317372
-0.0480962
0.1003662
0.08402851
0.1247685
0.09499862
0.04171834
-0.08313096
0.002469559
-0.0599052
-0.0995814
-0.1069384
0.4776911
0.6887555
0.1284961
0.1278635
0.01839682
0.1783281
0.3313451
0.3057467
-0.207827
-0.05526083
-0.1550313
-0.130315
0.2984391
0.3667351
-0.3066544
-0.3876042
-0.1254263
0.1128273
-0.03029986
-0.01689352
0.08722337
0.09047804
0.1064822
0.008775222
0.1608071
0.2444803
-0.0237608
-0.03169833
-0.1055237
-0.05275926
-0.4525967
0.1611066
-0.2281362
-0.07787257
-0.197597
-0.1834041
0.09860967
-0.1286118
0.05136651
-0.06308064
0.1256396
0.04744265
0.0330515
-0.006469588
-0.1199682
-0.1096769
-0.04676523
-0.05502583
0.06373638
-0.1801386
0.04626489
0.148358
0.04624928
-0.1115654
0.1725717
-0.1889283
-0.08320617
0.1382294
-0.2503072
-0.007542
0.348268
0.0457107
-0.02116791
0.632548
0.03132596
-0.08039888
-0.1040929
0.002759172
-0.500064
0.262445
-0.09998003
0.1571994
-0.02115103
0.2076317
0.09799521
0.2733526
0.1584695
0.09880341
0.1374823
0.5922637
0.4955415
0.3226323
0.353358
0.1807948
0.05627134
0.05835778
0.0008116752
0.2939727
0.1279368
0.3363228
0.005776409
-0.0976358
-0.04575975
0.0267984
-0.08127888
0.2135764
0.1549862
0.1178105
0.04622329
-0.44964
-0.3345265
0.07345736
-0.09827315
-0.4031806
-0.4261338
-0.4932711
-0.1977071
-0.4116825
-0.4971189
-0.4440857
-0.3310741
-0.2705769
-0.3355865
0.3220882
0.03117157
-0.1888201
-0.3836652
-0.1692112
-0.1976882
0.01010539
-0.3044164
0.2194157
-0.04413209
0.01275943
-0.2252961
0.1597418
0.2341272
0.1034455
-0.03824508
-0.1176344
0.06531812
0.2010494
-0.275765
-0.07306856
-0.1790605
0.2301425
0.03859346
0.1476592
0.1789044
0.06488075
-0.04664165
0.2129818
-0.1944099
0.1567943
0.01050136
-0.08425555
-0.3586459
-0.2534715
0.002569321
-0.04172097
0.3099962
0.2180688
0.0800977
0.2069735
-0.01367423
-0.2112431
-0.2217639
-0.1543372
0.02132805
0.06761095
-0.07237896
-0.08470461
0.07508421
-0.2005495
-0.07890496
0.06447635
0.009522861
-0.1853395
-0.08194865
-0.08725497
-0.2257619
-0.2205826
-0.1812219
0.1468889
0.1264905
0.3185315
0.6105648
-0.2742788
0.3873444
-0.2709237
-0.1526641
-0.03939236
-0.06336365
-0.04087336
0.2037343
0.01873518
-0.1606155
-0.1116418
0.05824236
0.408488
0.3670497
0.290813
0.5158424
0.4032041
0.502027
-0.2554937
-0.1796501
0.01884754
0.201412
0.3384622
0.1952996
0.02081154
0.1531838
0.121407
-0.1235348
0.1970045
0.08222652
0.06595981
0.1787365
0.3826904
0.3501399
-0.2789789
-0.128238
0.3571979
0.2209769
-0.3556374
-0.3330463
-0.1152328
0.07676451
-0.3916358
-0.3581655
-0.4521031
-0.4570938
-0.3702682
-0.397051
0.1028055
0.2164134
-0.1869889
-0.1221993
-0.1554266
0.2218187
0.1381049
0.04220807
0.1690265
0.4305163
0.3038954
0.2991916
0.1414067
0.1067764
0.3445592
0.1233742
0.0436908
-0.01435404
0.06964676
0.04340619
-0.03557505
0.2344279
-0.0006824533
-0.2039311
0.1459207
0.1769129
0.1877491
-0.07064409
0.01980446
0.0706814
-0.08732425
0.3357163
-0.3340849
-0.1943948
0.03663068
0.03884194
0.03547315
0.1073397
0.1961228
-0.09204598
0.2396095
0.1207084
-0.06922807
-0.1970339
0.2173281
-0.1891072
-0.1216058
-0.2032625
-0.1759766
-0.1313594
-0.2374655
-0.2293932
0.1216441
0.08430818
0.07064024
0.0505944
-0.2915708
-0.2503475
-0.4618915
-0.3197785
0.369552
0.04650092
0.2854518
0.2964555
0.1953604
-0.1816667
-0.1617868
-0.1963655
0.03433116
0.2960616
0.005178108
-0.1361283
-0.1787958
0.04095212
-0.2305524
0.1835916
0.3624467
0.08048063
0.1173792
-0.01147255
0.1767654
0.2309721
0.2865519
-0.126961
-0.06480226
-0.004336445
-0.1854208
-0.1632901
-0.1721063
-0.1817741
-0.1003366
-0.1100047
0.06511701
0.1904161
0.1679398
-0.0008432728
0.1046667
-0.09074274
-0.03895458
0.01507813
0.2293127
-0.1694256
-0.183692
-0.0156852
0.1937216
-0.09543539
-0.1864053
-0.2609485
-0.2133402
-0.2007372
-0.180967
0.08206217
-0.05709093
0.0164122
0.04046443
-0.1636469
-0.1034006
-0.1419691
-0.0935705
-0.3253883
-0.0760006
-0.0401037
-0.06786669
-0.1040562
-0.06906652
0.2149129
-0.05778288
-0.05267116
-0.0624481
0.0637171
-0.1198601
-0.07859871
-0.01746593
-0.2174633
-0.02633961
0.1192308
-0.009753766
0.1976037
0.05271105
-0.01188166
-0.2394523
-0.1203741
0.1176741
0.01157655
-0.2240342
-0.0344318
-0.2097908
0.04111441
0.07070727
0.03898631
-0.1688627
-0.03657983
0.1122088
-0.1832818
-0.3786384
0.171638
0.09999196
0.2436448
0.07346514
0.1379652
0.0715178
0.0826002
0.1221909
0.1077449
0.1425348
0.1703206
0.09028776
-0.09834577
-0.08786711
-0.1775306
-0.1918137
-0.2536716
0.2737493
0.1451009
0.1556836
-0.2816277
-0.005949836
-0.2998761
-0.06614361
0.01996533
0.2391416
0.1064963
0.22668
-0.1505316
-0.08083574
0.08697972
0.3624601
-0.1140593
-0.05800256
-0.04129332
0.2602749
0.04267713
0.286639
0.02092437
0.07248028
0.1103649
-0.1092031
-0.01074272
-0.1672419
-0.1520249
-0.1478321
-0.08396584
0.03448469
0.02223649
0.2351954
0.118489
0.1457877
0.1134405
-0.03274023
0.05615037
0.09060155
-0.08998737
-0.2227009
-0.06612469
-0.03105246
-0.1986857
-0.3191928
-0.2294034
-0.2811232
-0.3134156
-0.22496
0.2962536
0.1858493
-0.1795586
-0.006574992
-0.2534815
-0.1251954
0.003790117
-0.1022826
-0.1034436
-0.08452341
-0.09000872
-0.1598164
-0.2513194
-0.1704635
0.06800445
-0.1182196
-0.3157391
-0.08608003
0.01099031
0.05349615
-0.1662523
0.07218468
0.1700048
-0.07861528
0.2756316
-0.002056167
0.1271578
0.04286426
-0.07795488
-0.05315981
-0.1306654
0.3492149
-0.08605704
-0.06739595
-0.05154227
-0.299207
0.02736186
-0.1232574
0.05514315
-0.04842957
0.06976007
0.05705878
-0.2418987
-0.2222534
0.03156397
0.0694513
0.08545853
0.1753615
0.1232255
-0.08149868
0.05905648
0.08632843
-0.003617252
0.01938089
0.0495231
-0.1277534
-0.1647938
-0.01925175
-0.1917026
-0.1295911
0.1712738
-0.06682603
0.09135004
0.06155577
-0.3110683
0.4579824
0.06656693
0.1202954
-0.1153612
-0.1539078
-0.259716
-0.02367868
-0.1081428
-0.05694596
0.0836544
0.4152567
0.464682
0.2883706
0.3383309
0.2688652
0.04079249
-0.05641446
-0.1389211
0.2863111
0.07255269
0.1674231
-0.04824281
0.04812157
0.02334487
-0.02542592
-0.1218565
0.1873743
0.06227831
0.1377754
-0.01710619
-0.3950005
-0.232598
0.174553
0.04608825
-0.3490581
-0.2944536
-0.3986848
-0.0873234
-0.2330211
-0.2421845
-0.2731599
-0.22112
-0.07701716
-0.1805298
-0.1185863
-0.2176903
-0.1547105
-0.1741514
-0.01686613
-0.07259965
-0.1973304
-0.287234
0.1743352
0.09187416
0.3037828
0.0535326
0.1619663
0.1927142
0.3112399
0.1120609
-0.06885099
-0.1945642
-0.0002446471
-0.22713
-0.08014181
-0.1667651
0.1026113
0.1501222
-0.06248595
0.0699959
-0.1062757
-0.02994131
0.2143608
-0.1852818
0.318929
-0.04702097
0.02487889
-0.2184154
-0.1894472
0.02234198
-0.06328553
0.1602629
0.1416586
0.1764664
0.1134961
-0.06853337
-0.3216522
-0.2489554
0.1814473
-0.06224536
-0.04090812
-0.1342536
-0.09751748
0.1424425
-0.02369779
-0.1160623
0.07831964
-0.06493714
-0.1241134
-0.08765746
-0.005006021
-0.1033144
-0.07063501
-0.04541722
0.04458205
0.4880116
-0.3321114
0.2394278
-0.07954941
0.2892192
-0.08398558
0.2664213
-0.1133695
-0.06936813
-0.3543204
-0.1757905
0.2778384
0.377452
-0.04599185
0.4082439
0.1433106
0.4086665
-0.2329093
-0.04064711
0.01959742
0.1593287
0.08929521
0.1259944
-0.1638076
0.1208749
0.07159103
-0.3709632
-0.02033569
0.05253545
-0.07406788
0.3018524
0.2176993
0.1539045
-0.1605104
-0.02812189
0.3445413
0.2772436
-0.2305519
-0.2631428
0.1162439
0.241774
-0.2145525
-0.1439758
-0.2795153
-0.3276473
-0.3305756
-0.3026666
0.06865222
0.2615999
-0.08478802
0.1116311
0.06533993
0.3444022
0.03982027
0.116439
-0.0484736
0.4732175
0.2252948
0.3858657
-0.1113671
-0.08167465
0.4123798
0.1251804
-0.02190261
-0.02821827
0.01193891
0.07052098
-0.03494572
0.2768335
-0.1974198
-0.1338274
0.03531077
0.1000257
0.1889359
0.02253161
-0.03609105
0.09055786
-0.1014903
0.3591846
-0.2658083
-0.1422468
0.1281936
-0.01274474
0.2324451
0.01576537
0.06923454
-0.1804954
0.1062411
0.05365655
-0.1448802
-0.2472978
0.3190828
-0.0791585
-0.2466583
-0.1327755
0.1168462
-0.03612187
0.08310443
-0.03752944
0.06113518
-0.04722654
0.03550098
-0.06365112
-0.2097191
-0.06127489
-0.4450086
-0.1925792
-0.1476097
0.02884232
0.02487911
-0.1395772
0.1879155
0.2436981
0.03908624
-0.2636479
-0.02093228
-0.1222656
-0.1708358
-0.1993164
0.1005572
-0.05250301
0.04303066
-0.1377433
0.005624874
0.1727353
0.4077662
-0.07645971
-0.2605126
-0.1854657
-0.2816137
-0.09052001
-0.003840124
-0.07659231
-0.01442421
-0.2529986
0.3334485
0.08195576
0.2255001
-0.2553209
-0.2783735
0.07068651
0.04540074
-0.06897956
0.1229315
0.09684016
0.04139049
0.1677966
0.06773636
0.0230015
0.02096273
0.05235895
0.05499654
-0.03945308
0.06851298
-0.1443089
-0.1091357
-0.06045529
0.058126
0.04964222
-0.01983718
-0.2086626
-0.08477849
-0.267083
-0.1661447
-0.05585798
-0.01406537
-0.314493
-0.09033622
-0.07974524
-0.008955954
-0.1474175
-0.05829195
0.04421329
0.1332843
-0.2143893
-0.0759525
-0.1176495
-0.07931911
-0.169521
-0.2574904
0.09351712
0.1752709
-0.1342923
-0.196586
0.01855429
-0.01744085
0.2421559
0.00114423
0.1497058
-0.04303258
0.09605625
-0.08662072
-0.07848818
-0.06005554
-0.07358547
-0.1256797
-0.1307647
-0.1778567
-0.05936067
0.1421404
0.1567363
-0.1848583
0.2575891
-0.09697994
0.2269293
0.4025599
0.1580991
0.1689376
-0.002170447
0.1466064
0.1353611
0.1131484
0.05587711
0.07450474
-0.2655258
0.1359108
-0.1634817
0.08046352
-0.1254917
0.4144839
-0.01250773
0.0406806
-0.2863119
-0.1053802
0.2009977
0.3805696
-0.08968775
0.1404039
0.1040636
0.1772736
-0.07291106
-0.1606056
0.04251624
0.3725729
0.1226103
0.1249477
-0.02647252
-0.03183862
0.16073
-0.2349972
0.1446149
-0.08925944
-0.1618142
0.04047464
0.399969
0.337095
0.04417653
0.09969273
0.2643181
0.324806
-0.02769322
-0.1218855
0.02407616
0.08783279
-0.1275259
-0.08235273
-0.1948505
-0.271983
-0.2546625
-0.3212204
0.08509034
0.1954206
-0.07264264
-0.002439647
-0.01040843
0.1176864
0.1688547
0.09100021
-0.04539739
0.3119157
0.2836457
0.3029347
0.08529291
-0.02561507
0.3295199
0.1664351
0.1010119
-0.02244135
0.1637453
-0.1162525
0.03822231
0.2313827
-0.1251731
0.03308777
0.1983593
0.00968028
0.03184847
-0.2969388
-0.0716215
0.1060287
-0.0140498
0.2021851
-0.3235801
-0.1400928
-0.009149593
0.05053761
0.06761548
-0.02233479
0.01242022
-0.1851389
0.1834455
0.09748228
-0.04644025
-0.1129335
0.2669332
0.02160316
-0.2504562
-0.1570729
-0.1401017
-0.03531033
-0.1118132
-0.2002753
-0.001560623
-0.02889766
0.004666983
-0.07653287
-0.07016584
-0.1364642
-0.2863149
-0.1691657
0.05939671
0.3674135
0.1225372
0.1493234
-0.2777067
-0.2563405
-0.1803523
0.3399838
0.09397918
-0.1515182
-0.2294516
0.09773421
-0.1756583
-0.2050844
-0.2640968
0.1901188
0.005593437
0.03992215
-0.03991549
-0.07518753
-0.09291211
-0.003361508
0.0690601
-0.09702937
0.2371275
-0.03058001
-0.1261887
0.1005562
-0.04221392
-0.1295078
0.002279111
0.07349129
-0.133942
-0.287776
-0.1540501
0.09506836
0.1558476
0.09683048
0.05261689
0.3860617
0.3803689
0.2996022
0.2192586
0.362308
0.3983142
-0.1937514
-0.1709354
0.2931601
0.1781772
0.223307
-0.03051714
-0.01913977
-0.06966404
0.03713376
-0.2574358
-0.0218783
0.09820092
-0.08725573
-0.09756909
-0.124107
-0.1717618
0.03933412
-0.1611076
-0.2312459
0.09450382
0.02868766
0.02178907
-0.2681919
0.2369313
-0.2386016
-0.1261225
-0.08703445
0.08027957
0.3062645
0.07590689
0.1392409
-0.2617969
0.3352358
0.1119474
-0.1784769
-0.139318
-0.2526775
-0.1688187
0.07226531
-0.06422338
-0.2280475
0.1105561
0.2028821
0.3852555
0.1242855
-0.148569
-0.1171126
-0.008664445
-0.02215374
0.1000169
0.09024484
-0.06874929
0.0697885
0.1136742
-0.01043919
-0.007861131
0.2088558
0.3120652
0.2845401
0.006447122
0.151711
0.4579866
-0.1296639
0.1395846
-0.2125352
-0.1195776
-0.1425411
-0.01688151
-0.164183
-0.3174137
-0.2762161
-0.1445075
-0.3124352
-0.3979247
-0.196937
-0.06433971
0.04398316
0.00924985
-0.1579982
0.1533404
-0.1604073
0.04030034
0.02924397
0.1020292
0.003797768
-0.04511051
-0.2280459
-0.05488801
0.005317217
-0.2075224
0.4086102
0.2452877
-0.1930674
-0.05214369
0.5140497
0.5082156
0.5286772
0.1571311
0.507413
0.5830243
0.5457513
0.5337699
0.4019067
0.4325732
-0.2709184
-0.03223174
0.3983765
0.6386137
0.4349764
0.527341
0.1796036
0.3528238
-0.1375285
0.1861536
-0.02319903
0.3498548
-0.2391523
-0.3320902
0.0006327895
0.04619925
0.07382399
0.01985541
-0.1475283
0.3982889
0.06951776
0.2073608
-0.1522538
0.1561384
-0.3301677
-0.181329
-0.1405252
-0.1331244
-0.02442358
0.4279333
0.04541527
-0.07168547
0.01807932
0.4360931
0.07879786
0.02537277
0.09607594
-0.3736666
-0.2429029
-0.3110477
-0.2037848
-0.1676075
0.2332084
0.06644197
0.06623308
-0.2613505
-0.4276784
-0.1722614
-0.007602529
-0.08024519
0.2191054
-0.1099918
-0.01251838
-0.08341442
-0.1127648
-0.1400496
-0.04018761
-0.03478707
0.1820718
0.222339
0.1279569
0.3295156
-0.281809
-0.08442867
-0.2831257
0.3628216
0.1455081
-0.09824868
-0.254872
0.2487327
0.1215346
0.03638994
-0.06562029
0.1489293
-0.02331721
0.05693219
-0.09762621
0.06630625
0.1637759
-0.04672287
-0.1344025
-0.2759356
0.01223828
-0.01896508
-0.319794
0.007363977
-0.05096348
0.006390495
-0.1164369
-0.03033837
0.0321837
-0.4390709
-0.2738755
0.1163746
0.2991707
-0.05499155
0.06509329
0.3984812
0.248008
0.3787953
0.3068452
0.4709423
0.3999722
-0.1890694
-0.2232184
0.2974357
0.268873
0.1417044
0.1575262
-0.1182037
-0.2513073
-0.01552863
-0.1108959
-0.1698652
-0.2076987
0.1226026
-0.04864214
-0.1138248
-0.02963482
-0.1004445
-0.1143781
-0.2293823
-0.1040611
0.05659293
-0.1751385
0.0005622567
0.1669089
-0.2749483
-0.0209751
-0.185208
-0.08231115
0.2779388
-0.04665978
0.2973461
-0.2020428
0.2598289
0.01200926
-0.3946935
-0.2176673
-0.2958411
-0.2126056
-0.05974489
0.1721627
-0.1954815
-0.01621238
0.06027889
0.08553397
0.03274134
-0.2522644
-0.1693078
-0.08679037
-0.1220372
0.07047169
0.2153479
0.04445202
0.02957613
-0.04998248
-0.08574133
-0.2452144
0.06401508
0.07140308
0.25572
0.07047281
0.1271685
0.2906924
-0.2164665
-0.1200652
-0.1688403
-0.1411817
-0.1158317
-0.232495
0.041171
0.2591206
-0.01552384
-0.04942766
0.07661431
0.01074447
0.114756
0.03770999
0.03849972
0.2787075
-0.06912456
0.1028729
0.05832801
0.05698635
0.05209364
0.04577357
0.03928716
0.1468385
0.1203032
-0.0305993
-0.01337237
-0.005975278
0.09989915
0.03110424
0.07391377
-0.0008817145
0.3207295
0.0943844
0.1672546
0.2168237
0.1384215
0.2061508
0.04892473
0.2063889
-0.2646892
-0.1424498
0.006040433
0.1179662
0.04611326
0.3528856
-0.09197655
0.1911748
-0.1402271
0.2385737
0.0534105
0.3014291
-0.2376597
-0.331949
0.2176455
0.03971725
-0.06892185
-0.05068742
0.06741221
0.2232511
-0.0436892
0.1216542
-0.1277408
0.09213824
-0.2779888
0.09075349
0.166357
0.240512
0.2272841
0.4047675
0.2123026
-0.1127698
-0.008962994
0.2470188
0.2894199
0.1219625
0.3058825
0.06499196
-0.03912898
-0.2386308
-0.05195869
-0.2000355
-0.1554484
-0.2185377
0.1660912
-0.07712415
-0.248949
-0.04146567
0.2067013
0.1319622
0.1550877
0.1467082
-0.1664178
0.0254336
-0.1387911
-0.08660214
0.07646892
-0.005669931
-0.1523721
0.1995463
0.1417276
-0.2139804
-0.3061283
0.2471777
-0.1677672
0.1645497
0.2833507
0.3136764
0.3360772
0.2686425
0.2685554
0.407874
0.3587061
0.06010878
-0.01363115
0.2931264
0.09131453
-0.171894
-0.2028635
-0.0599991
0.006691789
0.2138242
-0.02698527
0.213054
0.1892731
0.2414523
0.01463201
-0.002729935
0.148876
-0.321783
0.02689136
0.1230369
0.2664956
0.003632097
0.2071043
0.2476526
0.1133055
0.1495483
0.1009304
0.2331106
0.2409799
-0.1863296
-0.4125373
0.1549418
0.06270468
-0.07195998
-0.04062419
-0.2902382
-0.3621576
-0.01339304
-0.03007243
-0.2835029
-0.2371481
-0.1236091
-0.2262786
0.1490939
0.04061908
-0.07466427
-0.1132779
-0.1566302
-0.1686721
-0.04884941
-0.1431252
-0.1562104
-0.003105692
-0.1214185
-0.04624602
0.3094059
-0.00429447
0.1616524
-0.1139736
0.2226963
-0.01886721
0.2943127
-0.1752154
-0.2533424
-0.1847818
-0.2737615
-0.1981313
0.07951848
-0.05658709
-0.1936095
0.02682011
-0.03437012
-0.1660727
0.07342836
0.006930261
0.1556273
-0.06386197
0.1100885
-0.03056245
0.1351686
0.1798256
0.1967314
0.1098723
0.0019709
0.1016513
0.08253305
-0.07774512
0.2022803
-0.08586782
0.07058809
0.1240401
-0.3067515
-0.1911045
0.1365179
0.165594
0.1520596
0.2855861
0.2135659
0.2369718
0.003351296
0.1998218
0.3218382
0.3570155
0.2767769
0.3926841
-0.1285675
-0.107963
0.2159497
-0.1157463
0.3524147
0.05976542
-0.1432434
0.2280366
0.4099293
0.3132285
0.01969083
0.05264082
0.3320271
0.1482134
0.02545197
-0.08063411
0.07683077
-0.1775711
-0.1861686
-0.2041321
-0.1615106
-0.125131
-0.299994
-0.1732977
0.09930493
0.01969142
-0.3086255
-0.1372271
-0.2259071
0.284354
0.157996
0.02736924
0.1795501
0.4766505
0.07919691
0.1797547
-0.08663244
-0.1617105
0.1818376
0.18249
-0.03453344
0.2032423
0.2095296
0.07428478
-0.1528624
0.1894772
-0.005907188
-0.0004197605
0.2356462
0.1501434
0.317862
0.07620689
0.07693073
0.4111091
0.2351446
0.280029
-0.2161692
0.154483
0.1651891
0.2558693
0.1595541
0.04632857
-0.009665751
-0.2922243
0.2246427
-0.155735
-0.1244721
-0.2393412
0.01140352
0.1468842
-0.3516635
-0.2082459
0.015706
-0.0221921
-0.1555906
-0.05035925
-0.0904815
0.13293
-0.1575158
-0.1750373
0.04633493
-0.2363251
-0.2690191
0.1139728
0.580396
0.08238747
0.2883895
0.2265716
-0.001382174
-0.09228749
-0.01741137
0.03271561
0.04904341
-0.1903593
-0.1839332
0.4782674
0.3037844
0.137802
0.169333
0.4160209
0.01310862
-0.1030262
-0.1513186
0.05753787
0.1307368
-0.09784212
-0.1996166
-0.04006562
0.1324109
-0.1959773
0.05748187
0.1536968
-0.03529893
-0.274461
-0.2824563
-0.2534742
-0.3236645
-0.4274964
-0.4583603
-0.3977244
-0.2999316
-0.4642656
-0.3799564
0.7353102
0.4648213
-0.2936048
-0.3488949
-0.07038914
-0.1176909
0.4458088
0.1519531
0.03706506
0.03080011
-0.06140236
-0.2771524
0.4955249
0.40465
-0.1219613
0.03110083
0.08364226
0.2130131
0.09083405
-0.1530203
0.148853
0.07455843
0.3781211
-0.114284
0.460065
0.2740248
-0.00696447
0.07195061
0.06180899
-0.05650453
-0.1059758
0.1461601
-0.2642181
-0.05044958
-0.1763975
0.03602031
0.1464426
0.2067779
-0.1032228
0.2066303
0.2937897
0.02522562
-0.2408653
-0.04387853
-0.3758244
0.1783765
0.1299816
0.1524596
0.04296392
0.08081419
-0.3637371
0.1346515
-0.05961023
0.07141269
0.2180442
-0.06071553
0.07515867
-0.07069625
-0.3544574
0.1128252
0.06077148
0.3661956
-0.003795528
-0.04984416
-0.2242238
-0.09413234
-0.1399741
-0.0416098
-0.1901839
-0.09958217
0.200873
0.3502738
-0.07754343
-0.08116396
0.3553192
0.1897709
0.05679769
-0.1898081
0.01710973
0.1405838
-0.09194307
-0.09598474
-0.09177608
0.09345863
0.1160051
0.1191744
0.2633453
0.05300053
-0.01520603
-0.1395062
-0.1072571
-0.2427126
-0.3063823
-0.3355187
-0.1908133
-0.2133037
-0.4396257
-0.4012602
0.6789699
0.5995044
-0.2436498
-0.3378982
0.0104439
-0.1075154
0.2799401
0.2098528
0.1236821
0.06380583
0.01585467
-0.1174099
0.25437
0.4274063
-0.261233
-0.2654408
-0.1850648
0.1727704
0.07791135
-0.06834378
0.2612686
0.1673441
0.433287
0.1882563
0.4820531
0.3542008
0.1146399
0.04410524
-0.04750521
0.01314546
-0.3481597
0.1897145
-0.341536
-0.03092315
0.01447259
0.09304945
0.2381385
0.1858924
-0.05654296
0.1213488
0.3784674
0.1527227
-0.1292835
0.07900323
-0.4260222
0.3052114
0.09753239
0.2104397
0.2012484
0.0007201637
-0.1202411
0.1904862
-0.1935704
-0.02637502
0.202134
-0.1287855
0.1158936
-0.02151533
-0.2607028
0.06190812
0.6138359
0.1181862
-0.1832175
0.1262274
-0.251832
-0.1805948
-0.3589862
0.03740571
0.06106137
-0.004710666
0.0572212
-0.1121506
0.07356847
0.08770407
-0.1541189
-0.3478151
0.09562515
-0.02054298
-0.09669716
0.2104589
-0.01183196
0.01126753
0.06978941
-0.04967516
-0.05433479
-0.4392687
-0.2637668
0.1831064
0.2118379
-0.06973943
0.02596014
0.4094655
0.1122108
0.2916348
0.2474375
0.3311536
0.2869296
0.2658236
0.04889756
0.4222664
0.1097614
-0.0005838401
-0.1729562
0.09835466
-0.08752714
-0.2749686
-0.4687814
-0.4062582
-0.4435608
0.2193311
0.0603825
-0.2392006
-0.3200846
0.1003298
0.2109691
0.01646621
-0.1650143
0.1295545
-0.2288905
-0.1023201
0.1057114
-0.01840616
0.06662223
-0.1337934
-0.01330085
0.06734425
-0.163066
-0.04855601
-0.1215723
0.1196389
-0.1109424
-0.3733815
-0.1651241
-0.4074071
-0.1092293
0.03607653
-0.008154231
-0.2526523
0.1124608
0.2773643
0.1924219
-0.2270508
0.08904428
0.1048362
0.1087327
-0.07537215
-0.08893764
0.1930929
0.1837159
0.08502764
-0.0620209
-0.1447862
0.06456195
0.002487228
0.07610759
0.2182342
-0.1083368
0.1215153
-0.2680407
-0.1056806
-0.2927054
-0.3248438
-0.2737295
-0.3931709
-0.2076615
0.1132838
0.2727418
-0.08199602
0.1906157
0.3184745
0.16854
-0.1642889
0.07265245
0.1168502
0.04545817
0.03589406
-0.2061851
0.0156084
0.1239289
0.03951774
0.1366785
-0.03358729
0.03669225
0.1224195
0.08499727
0.1808264
-0.1356581
0.118972
-0.06603729
0.09820962
-0.04359382
-0.01306133
-0.04156627
0.3469235
0.4650556
0.3106365
0.1306541
0.03318236
0.01283231
0.3904861
0.3490044
-0.08044097
-0.1313464
0.05078732
-0.07158999
0.5608617
0.470695
-0.2060996
-0.1755602
0.2115025
0.2544084
0.1085306
-0.09008583
0.3230112
0.07595832
-0.007086903
0.1560538
0.07026809
0.3518617
-0.06307389
-0.03658171
0.02753854
0.004011369
-0.2231455
0.09321278
-0.2023146
-0.03119096
-0.1530484
0.005124542
-0.2486346
-0.1831434
0.01820937
0.01171032
0.1017489
0.1656293
0.2284027
0.1822047
-0.3045514
0.09045713
0.0524518
0.02306176
-0.1528442
-0.1667596
-0.08233516
0.1326666
0.1442768
0.001054488
0.05580994
-0.005228606
-0.1455944
0.06485312
-0.09101772
-0.1177136
0.4274144
0.05018994
0.1630838
0.2676139
0.2459084
-0.2442099
0.02212858
0.1150607
0.3545137
0.1856168
0.1149925
0.1548436
-0.04304628
-0.0493037
-0.1648073
0.383142
0.1455418
0.09480745
0.03886459
0.3514672
0.4705886
-0.1397894
0.09567401
0.2109242
0.2373667
-0.1763388
-0.1949306
-0.04077222
0.1278882
-0.10898
-0.2755064
-0.2370256
-0.3094428
-0.2921751
-0.2573028
0.1808574
0.1763451
-0.06751391
-0.1580415
-0.203321
-0.01758092
0.3268965
-0.004410706
0.01146271
0.1592243
0.04644053
0.07676353
0.2532747
0.04508143
0.169378
0.1314446
0.1691191
-0.007765101
0.03220029
-0.02407479
0.08136652
0.216937
-0.1639771
-0.2791572
0.04086131
0.02813542
0.2842515
-0.1781805
-0.1346783
0.02791416
-0.1566338
0.2191924
-0.3612802
-0.1857239
-0.1645874
0.08568989
-0.007705582
-0.09150558
0.02006236
-0.223541
-0.01541553
0.1291969
-0.08939682
-0.1351055
-0.04382144
-0.06985801
-0.04476169
-0.100166
-0.1556757
-0.152448
-0.03098105
-0.09608915
0.2544699
-0.01596146
0.03519155
0.2958403
-0.205609
-0.03264574
-0.253764
-0.1454272
-0.02677797
0.3134025
0.2488727
0.508482
0.09002316
0.245192
-0.005046656
0.1538949
0.1663037
-0.1539682
-0.03597751
0.00652522
-0.01120474
-0.2386541
0.05204194
0.02200555
0.02363207
0.3074914
0.200101
0.2470146
-0.2133015
-0.008537776
0.2405355
0.3828184
-0.213544
-0.290369
-0.1153607
0.3180506
-0.3064743
-0.3237753
-0.428242
-0.5833671
-0.3589838
-0.3854709
0.1610642
0.11949
-0.3221789
-0.1090857
-0.3003315
-0.2011464
-0.02255714
-0.1621388
-0.06419254
-0.003563168
0.06883914
-0.008903976
-0.09128662
-0.1562412
0.2373848
-0.02728567
-0.09024489
-0.1244469
-0.0435633
-0.1393911
-0.1604447
0.1019666
-0.03337621
-0.3160037
0.1224764
-0.1981327
0.223696
-0.09713505
-0.2186016
-0.3410006
-0.2191664
0.3456457
-0.003338177
-0.5226774
-0.2912083
-0.3203664
-0.1518356
-0.05782109
0.1253392
-0.04129831
0.0961481
0.02740156
-0.2447809
-0.2859394
0.1304109
0.1056258
0.08438439
-0.1465053
0.07197965
-0.1512267
-0.146781
-0.02703301
0.3637643
0.00271361
0.03429584
0.1228244
-0.06453702
-0.02009225
-0.2514073
-0.1639677
0.5625763
0.4891196
0.310214
0.2234294
0.0375097
0.02612329
-0.0679107
0.4444234
0.2226067
0.1417149
0.005487335
0.03433439
0.1142264
0.147053
-0.1632359
0.09876486
-0.05325558
0.2343809
0.07133388
-0.1932175
-0.2583502
-0.08705668
-0.1436643
-0.2375256
-0.15953
-0.2640484
-0.1325906
-0.1935344
-0.305588
-0.2142454
-0.08705809
-0.07567797
-0.09284812
-0.08639172
-0.3206307
-0.1923616
-0.3241357
-0.1533423
-0.05780337
-0.1123616
-0.3701182
0.3851427
0.09469406
-0.02037899
-0.09217012
-0.07799287
-0.02378715
0.2438017
0.124104
-0.04959457
0.1510061
0.04826996
-0.1243327
-0.1608958
-0.187792
0.0439866
0.1153037
-0.02139768
0.03083832
0.1026814
-0.06398841
0.30765
-0.01648669
0.2231673
-0.1229828
-0.1156866
-0.08508353
-0.09242336
0.1260608
0.01878253
0.2010364
0.210123
-0.08599428
0.0621685
0.03726154
-0.07464051
-0.2630442
-0.03836011
-0.1616515
-0.05825999
-0.162846
-0.1767499
0.07634207
-0.1112205
-0.2165458
-0.1151237
0.076941
-0.1699974
-0.1267091
-0.06269212
-0.2792326
-0.04454834
-0.1112787
0.6001161
0.672929
0.1912844
0.03955187
0.0132694
0.02375848
0.4241124
0.1035638
0.1526522
0.1630777
0.161472
-0.08486856
0.1165763
0.06073939
0.08380998
0.2232318
0.2166521
-0.02595252
-0.2952411
-0.1167303
0.2576959
-0.00433593
-0.2476561
-0.2890851
-0.2000695
0.09938621
-0.3906525
-0.3187002
-0.3653203
-0.3236589
-0.2648024
-0.2844415
-0.02204725
-0.08274019
-0.3398537
-0.2538957
-0.1032364
0.1358886
-0.07941317
-0.175551
0.3191095
0.4395482
0.1601403
0.1917046
-0.106816
-0.02714889
0.3656475
0.1370174
-0.2203863
-0.03612482
-0.05510986
-0.0782502
-0.01459816
0.00914844
0.1347975
-0.1488029
0.04583745
-0.009929715
0.3183962
-0.01565181
0.144713
-0.06787876
0.1293379
0.1551987
-0.09464726
-0.2471281
-0.02246077
0.05629201
0.2221008
0.2293678
0.1947616
0.04917901
0.2673118
-0.0723072
-0.2761139
-0.4143127
0.1043161
-0.1324747
-0.02256395
-0.2309818
0.08308617
-0.02135811
-0.2195994
-0.1165378
0.02431266
0.1171812
0.03726004
-0.06670156
-0.05642336
-0.2355955
-0.3310391
-0.0404493
0.623882
0.1381184
-0.120606
-0.0226557
0.001705449
0.4017178
-0.02808254
-0.03946507
-0.07828653
0.3632521
-0.04827336
0.217841
0.06767995
0.03222709
0.0364879
0.4125449
0.2360152
-0.3485623
-0.2156645
0.1685827
-0.08142719
-0.3367352
-0.3390364
-0.3613148
0.03489346
-0.3040929
-0.2944755
-0.3691761
-0.2134304
-0.1739885
-0.2048661
-0.06243279
-0.2390277
-0.3360417
-0.4181487
-0.1762385
-0.08949375
-0.2031631
-0.3305823
0.3914553
0.2986324
0.1470602
0.02848698
-0.02729193
-0.08825435
0.3242697
0.265427
-0.1124065
-0.00484774
0.003118292
-0.02352694
-0.05010804
-0.03137684
0.1269308
-0.2029006
0.05457777
0.04968555
0.2558902
0.01334125
0.05417735
-0.01457945
0.09683899
0.1467453
-0.169367
-0.2458993
0.01139587
0.1795246
0.1417678
0.2958738
0.1227121
0.06857435
0.08149662
0.02399719
-0.1956574
-0.1405483
0.08008106
-0.05681308
0.07857569
-0.1489871
-0.03225148
0.03589861
-0.05594306
-0.221909
-0.1986956
-0.02466108
-0.1012892
0.02324637
-0.1082919
-0.2210697
-0.1341736
-0.1663002
0.1251595
0.01370827
-0.02326668
0.1112577
0.4053375
-0.1350378
0.07181467
0.06155958
0.1894434
-0.1077635
0.08776018
0.1979798
0.08831651
0.2758725
0.2576781
0.1487381
-0.3410873
0.02226307
0.4162147
0.1724183
-0.4344903
-0.5205424
-0.2844623
0.08923175
-0.5508794
-0.4799485
-0.6027282
-0.6404368
-0.4892487
-0.527329
0.03200912
0.0515284
-0.4271328
-0.3189854
-0.3179631
-0.1327277
-0.02432985
-0.1950731
0.3735712
0.3720468
0.3371446
0.187192
0.01173038
0.1061514
0.3843766
0.191372
-0.207389
-0.1441969
0.01464296
-0.08221418
-0.07955005
0.1301511
0.1819997
-0.1495038
0.218526
0.09814173
0.3857953
0.008499184
0.145416
-0.1815661
-0.06322317
0.46291
-0.1941929
-0.4348885
-0.06657957
-0.01344147
0.1001123
0.1769487
0.2259195
0.1169348
0.2882822
0.1454404
-0.3852407
-0.3384141
0.1589822
0.006097916
0.1617096
-0.04672091
0.0004161286
-0.0129078
-0.2342235
-0.1064068
0.05402882
0.2057446
0.08957325
0.001177144
-0.168946
-0.1419833
-0.3842834
-0.1877868
0.4340579
-0.1360578
-0.1801791
0.04682698
-0.2275227
-0.08800152
-0.288368
-0.002673583
0.08281828
-0.1383715
-0.07123764
0.2839524
0.1393286
-0.02379402
-0.2737799
-0.1099229
-0.1119093
-0.2087403
-0.2725885
-0.09685697
-0.001075123
-0.3017055
-0.01692152
0.1164015
0.05844782
0.002029073
0.07839763
0.1818535
0.1043257
-0.1368093
-0.5220821
-0.0929397
-0.1036847
-0.04731396
-0.1552556
-0.4335553
-0.5500326
-0.02812432
-0.2425545
-0.3036261
-0.3439489
-0.3364336
-0.2872596
0.06018173
-0.117784
-0.2447734
-0.1741156
-0.08651215
-0.2030702
-0.2571874
-0.3455213
-0.004921789
0.1587174
0.07321363
-0.1850355
0.08061915
0.1537564
0.2383335
-0.3054417
0.347348
-0.110641
0.4191077
-0.1858752
-0.1649939
-0.206277
-0.01823441
0.1277348
0.1528279
0.07932855
-0.1319364
-0.2070077
-0.2174203
-0.2105807
0.1405423
-0.03582986
0.1376163
0.1347708
0.1757089
0.1335059
0.09820659
0.09627541
-0.1293964
0.149135
-0.108329
-0.02882925
0.2625633
-0.03400454
0.3040967
0.07327795
-0.002950694
-0.1430255
0.04359204
-0.08609718
-0.1532789
-0.1892493
-0.166771
-0.02951477
-0.06985094
-0.006241426
0.2356937
0.3593268
-0.07131935
-0.171508
0.02280579
-0.07496698
-0.1783578
0.01360664
0.1074329
0.1044577
-0.05338309
0.08990885
0.09618523
-0.04463049
0.03822031
0.03191574
0.08090998
0.1534164
0.01917576
-0.1860068
-0.1085376
0.09938442
-0.1882322
0.002855769
-0.1219436
-0.3182069
-0.2124736
-0.1790495
-0.2959597
-0.275987
-0.3128235
-0.2318094
-0.01449541
-0.2742724
-0.2576006
-0.0397794
-0.1322922
0.03976617
-0.3843931
-0.2710631
-0.03734607
-0.09152651
-0.005585527
-0.1333376
0.2844297
0.2269918
0.04670952
-0.1957054
0.07766095
0.07759404
0.3613111
-0.04808688
-0.1688184
-0.3192315
-0.08522333
-0.1846515
0.003051338
-0.1087786
-0.05770972
-0.2198125
-0.1578632
-0.3410614
0.05899475
0.01833972
0.1292671
-0.1284102
0.378155
-0.00609556
0.2478683
0.236522
0.1404024
-0.06223162
-0.08103786
0.06677201
0.1518671
0.023463
0.1738323
0.1564864
0.4632804
0.4951319
0.5246663
0.1160733
0.1328947
0.002520199
0.002854263
0.3223682
-0.05831768
-0.3182446
-0.1897598
0.1461407
0.3129205
0.02790949
0.1056594
0.1713245
0.2186991
-0.05849675
0.0006721603
0.1116138
-0.1505578
-0.108492
-0.1924519
-0.1648914
-0.1483331
-0.2160071
-0.1245904
0.3703216
0.138015
-0.1428932
-0.07437826
0.09453114
0.1911723
0.2904089
0.1558762
0.06643133
0.1402161
0.0350105
0.03257288
0.2185975
0.05429647
0.08526659
0.1488541
0.1966626
0.2283787
0.05185021
-0.1242694
0.1559466
0.3572126
0.06372396
0.05585835
0.2201586
0.1361435
0.1142202
0.05461765
0.1646243
0.1252457
0.08398071
0.04449149
-0.1597292
0.02611259
-0.1377756
0.07173583
-0.02834927
-0.0444629
-0.1702153
-0.08069277
0.1718974
0.01575542
-0.07759636
-0.02040502
-0.09063161
0.1235185
-0.1123433
-0.1751851
-0.02382719
-0.08397493
-0.2934732
0.08001019
0.1450628
0.02359804
0.05954178
0.05360426
0.1167453
-0.1258927
-0.2304129
-0.03621841
0.2775352
0.4194982
0.1037703
0.1760258
0.1272227
-0.0550662
0.3512359
-0.04853802
-0.08506281
0.02494371
0.321104
0.4399513
0.1271864
0.2544085
0.294849
0.3051021
0.02689405
-0.1202632
0.1309265
-0.09329348
-0.1030221
-0.1875604
-0.1994929
-0.299243
-0.2603506
-0.3033555
0.3407351
0.3249922
-0.1026761
-0.1010908
0.01890144
0.2445785
0.3750386
0.301331
-0.007719812
0.3268051
0.1376404
0.1578115
0.2732888
0.1561005
0.04226732
-0.03232824
0.1286414
0.1638525
0.03091335
-0.05283246
0.2778239
0.4676836
-0.00894882
0.09056223
0.4953319
0.3797995
0.3140969
0.01634888
0.06178575
0.1447004
-0.1454142
0.2178244
-0.3295832
-0.1804824
-0.08154475
0.126634
-0.04733408
0.07536759
0.2826944
-0.06769918
0.2833482
0.2276645
0.07728983
0.01881997
-0.1100291
0.2212747
-0.1640253
0.05540372
-0.1370521
-0.0737163
-0.1609637
-0.09987837
0.1453692
0.2075244
-0.03257167
0.06892336
0.08664609
-0.005156926
-0.2809631
-0.2417488
0.4753542
0.1920859
0.1859407
0.2044884
0.06614775
0.3088291
-0.1497082
-0.167755
-0.2541023
0.3422303
0.2697946
-0.0602859
-0.1038114
0.1567121
0.1442571
-0.161999
-0.1082915
-0.1413016
-0.1339517
-0.2654364
-0.3601857
-0.2659874
-0.3265591
-0.229151
-0.2935197
0.0681177
-0.1490665
-0.2387385
-0.2654102
-0.07839299
0.08476845
0.02440307
-0.11429
0.2210653
0.2081432
0.2156371
0.06182742
0.1457091
0.01259465
0.4928158
0.3274477
0.194813
0.08151967
-0.01528999
-0.2420656
0.1137519
0.2356836
0.1826968
0.1364205
0.2396515
0.09532164
0.2083104
-0.02795938
0.1008472
-0.08666763
0.1393861
0.05185638
-0.2928689
-0.264059
-0.2347307
0.0346216
-0.2082044
-0.1604813
0.1575545
0.05186954
0.1642621
-0.05252372
-0.222825
-0.1679073
0.122372
-0.1318595
-0.05358752
-0.1556067
-0.1698326
-0.125014
-0.1955881
-0.2444238
0.00361143
-0.07890241
-0.05665942
0.1798663
-0.2312502
-0.2901552
-0.06239844
-0.09262381
0.01635287
0.06326944
-0.01958846
-0.01806145
0.2435923
-0.3430938
-0.1588845
-0.1091963
0.2882588
0.2371709
0.04900742
0.07797185
0.05658985
0.1391295
0.06054358
0.1282026
0.1648666
-0.1365753
0.007252123
-0.01426358
0.0842183
0.08176077
0.009715413
0.1016463
0.1320826
0.01529644
0.006391743
0.01331981
0.02547608
0.3672145
0.1715624
0.1942823
-0.05748545
0.277777
-0.04457964
0.0523324
0.2177905
-0.06155378
0.08827379
0.1998695
0.2487416
0.2405167
0.09874437
-0.1096518
0.1583125
0.1981033
-0.04447683
0.0643702
0.1300697
0.2958341
-5.368685e-06
0.02455164
0.1710389
0.3351181
0.333399
-0.1240497
-0.1424196
0.1546239
0.01659488
0.141391
-0.1378222
-0.04191763
0.04282457
-0.1184309
0.0751531
-0.07324366
0.1208681
-0.03699509
-0.02441898
0.02022512
-0.2695248
-0.07838906
-0.07777669
-0.01779637
-0.1427471
0.01383196
-0.02506979
-0.03536348
-0.1497339
-0.04938617
-0.07055852
-0.08767592
-0.1027917
-0.1192599
0.314766
0.03019867
0.2159595
0.1769812
0.1788438
0.01664702
-0.07492835
-0.01452853
-0.01882688
-0.1306809
-0.03747572
0.2665182
-0.1088942
-0.08465316
-0.2964971
-0.3203602
-0.3761267
-0.3640274
-0.4408438
-0.282178
-0.3636294
-0.3968965
-0.4290111
0.3413472
0.2681108
-0.2182743
-0.2822232
-0.01922566
-0.2338945
0.4332701
0.190675
0.1180638
-0.02289996
0.3488585
0.1263007
0.3179644
0.300575
0.05925362
-0.05082741
0.02726581
0.00583662
-0.03572864
-0.08802376
0.1724424
0.05768566
0.3453519
0.1128592
0.231634
0.07852766
-0.01348432
-0.009012106
0.1613865
-0.009386761
-0.0710533
0.1758079
-0.2378392
-0.05885598
-0.16284
-0.03337079
0.05689884
-0.03219736
0.008135642
0.09854527
0.2623112
0.009419061
-0.2039938
-0.1407354
-0.2890617
-0.1286231
0.1315807
0.02457126
-0.2134451
-0.2937261
-0.2175379
-0.2144375
-0.01489417
0.0489656
0.07763852
0.03343538
-0.001432025
-0.05583046
-0.1380592
-0.03262322
0.2396713
0.03511854
0.177977
0.0379111
-0.126102
-0.1112979
-0.1823331
0.04428796
0.09916813
0.03690173
0.2684991
0.1175871
0.02907681
0.0210466
0.2527692
-0.0185345
-0.1491986
-0.05737091
-0.04260776
-0.2686058
-0.1608764
-0.2491333
-0.05500704
0.3485556
-0.0158154
0.03460252
0.1111762
0.2025753
0.1563646
0.4750303
0.06204758
0.1969297
0.3929571
0.4288523
0.03239445
0.2340657
0.01777037
-0.1323476
-0.02768602
0.05928833
0.02117029
0.08404066
0.319697
0.3892307
0.05653695
0.1253941
0.04946142
0.09865668
0.2089554
0.0995349
-0.008685641
-0.02836153
-0.3557051
0.1505361
-0.2381971
-0.1745612
0.04619965
0.04163726
0.0138191
-0.1300169
0.1456855
0.07041792
0.4591074
0.04682024
0.09177199
0.1228087
0.05978706
-0.1277171
-0.07074212
-0.1460502
0.0002041791
-0.2376971
-0.1601988
-0.2597121
-0.002772662
0.04641605
0.1673144
0.111427
-0.0871638
-0.040294
-0.1110254
0.02197717
0.1399318
0.2069217
0.06626158
-0.1445834
-0.06119566
0.03371744
0.05133528
0.05852449
-0.08393852
0.3567987
0.04494664
0.05735381
-0.02649526
0.03129224
-0.2204956
-0.1384214
-0.01068951
-0.1430579
-0.1260704
-0.1309753
-0.21853
-0.1476114
-0.01548035
-0.05475211
-0.2101125
0.1427724
0.1831015
-0.02619882
0.1301431
0.3300005
0.4335901
0.470895
0.4367516
0.07787994
0.03050076
0.1238075
0.2488765
0.04097357
-0.008311388
-0.05046082
0.06666018
0.1511578
0.394062
0.03686221
0.2155476
0.162124
0.174564
0.3053005
0.1060364
-0.03131495
0.1250587
-0.03193774
0.1366308
-0.1984423
-0.006451836
0.281265
0.2702794
0.216755
0.07817403
0.1012479
-0.1028049
0.222233
0.1409706
0.06223706
0.1667135
0.03784298
-0.01828805
-0.1219575
-0.08153833
0.01451045
-0.1444624
-0.1013692
-0.1962632
-0.07924231
-0.08304657
0.0686285
0.1432624
-0.04202165
-0.1706656
0.01979636
-0.02787452
0.03679433
0.1173049
0.1667677
-0.04947149
-0.03416153
-0.07886035
0.02045633
0.01349151
-0.02018963
-0.0804179
0.1277344
0.05144537
0.006947501
-0.05788348
0.1123131
0.164042
0.04794875
0.1532914
0.140691
0.1564844
-0.2750747
-0.1961395
0.05451837
0.09068828
0.02433933
-0.1992988
0.01873966
0.1264579
0.003683726
-0.1981292
0.2179089
0.2535669
0.02782035
-0.007218589
0.05009634
-0.04996659
0.0702602
-0.09535477
-0.003424827
0.1888939
0.07376404
0.09967926
0.04183341
0.08917513
-0.1203879
-0.1104124
-0.06135697
0.1699568
0.2071374
0.1779201
-0.09614774
-0.01495788
0.07809681
0.1810847
0.05653137
-0.05792722
-0.1693373
-0.1392173
-0.002588419
-0.1019985
-0.1352574
-0.05659359
0.05686105
-0.0108361
-0.0386548
-0.08649744
0.05517347
-0.03453341
-0.2304304
-0.04061004
-0.1959316
-0.05429939
-0.01101307
0.1618765
-0.03927898
0.001421229
-0.006305318
-0.1288889
0.1939761
0.03347587
0.103767
-0.1044442
-0.07609199
0.4591818
0.5614447
0.109525
0.1708029
0.2234231
0.163848
0.04200515
0.1366831
0.13508
-0.07330498
0.1360541
-0.02782146
0.04771609
-0.09162711
-0.0182466
-0.0965082
-0.07163726
-0.1233711
0.0512233
-0.05127947
-0.0973683
0.1088326
0.08603508
0.05127905
0.2558375
0.3753452
0.2243102
0.1878146
0.1835248
0.04406531
0.1321008
0.1100512
0.1104214
-0.07559516
0.07123884
0.01628388
0.1352177
0.2166568
-0.1536679
-0.0396082
-0.05179616
0.1073775
0.2035907
-0.239602
0.07921258
0.2838763
0.08617187
0.2036289
-0.2468361
-0.04990043
-0.1298865
0.252871
-0.1555129
-0.1810379
-0.08940725
-0.3448082
0.1952185
-0.04901709
0.05338357
-0.03675939
-0.1011895
-0.03265552
-0.2524521
-0.3527961
-0.279009
-0.2354464
-0.1800429
-0.4258968
0.2162453
-0.1312506
0.1057159
0.06762577
-0.11248
-0.3555616
-0.1711767
0.02747169
0.2345285
0.2193855
0.05686433
-0.0005479401
-0.1910816
0.175063
0.3239535
0.06607331
-0.13015
-0.2084166
-0.01333284
-0.1113762
-0.1618815
-0.1754284
-0.2396329
-0.1960511
-0.3198327
-0.244661
0.004611683
0.1052674
-0.1507316
-0.1511718
-0.1255098
-0.1252584
0.1129094
0.03188208
-0.05588418
0.08264887
0.1378903
0.2012456
0.01588418
0.210787
-0.04862112
0.05010607
0.0007032538
0.0291258
0.1262611
0.2996352
-0.2488887
0.06159682
0.045862
-0.1520666
0.005330699
0.02319092
0.21141
0.1950336
0.07036425
0.04430441
-0.1988427
0.3150946
-0.193551
0.01336178
0.1391608
0.1482164
0.1740769
0.08383917
-0.01856886
-0.0653295
0.06347803
-0.01141437
-0.2744125
-0.1825115
-0.2321292
0.04508005
0.169787
-0.05565988
0.032144
-0.09861441
-0.1111695
0.1793362
0.1403099
0.1820279
0.2873694
0.2148681
-0.005647688
-0.04407857
-0.3275925
0.03787451
0.3303187
0.08703521
-0.04617945
-0.2831061
-0.09062258
-0.007903657
0.01986051
-0.2466606
-0.1024349
-0.1052962
0.1005139
0.06680639
0.05228474
-0.0861166
0.03367975
0.04940378
0.1434884
-0.06621047
-0.1549387
0.08885898
-0.1319098
-0.1036448
-0.2495257
-0.1335852
-0.1537296
-0.1344983
-0.2262809
-0.1835017
-0.05680816
-0.1250904
0.1030231
0.05286723
-0.2015432
-0.01726651
0.001696669
0.103868
0.1490981
-0.1068389
-0.2209593
0.02553395
-0.06396333
0.007619908
0.1115774
0.1931292
0.2382079
0.2015684
-0.04575263
0.01442178
-0.09323736
0.1155607
-0.01576065
0.1148911
-0.004453488
-0.1373287
0.17516
0.1846482
0.07137189
-0.07486891
0.2032234
0.06152724
-0.06927281
-0.04000192
0.1387723
0.2612403
0.1807396
0.1151879
0.2938867
0.04686867
0.2305065
0.1165374
0.2354425
0.005131709
0.1677408
0.2661939
0.03465535
-0.01500427
-0.09500489
0.2019204
0.04095348
-0.177028
-0.07388256
0.1758414
-0.04647759
0.05779418
-0.1994532
-0.1081885
0.08426319
-0.0844382
-0.0291757
-0.1053095
-0.1289111
-0.04019913
0.02160614
-0.01384124
0.0012271
-0.1416338
0.02659213
-0.2594683
-0.03249512
0.02695123
-0.1529564
-0.1694194
0.0404834
-0.04374547
0.06720692
-0.3327467
-0.264142
-0.06224425
-0.2660265
-0.3904003
-0.09396665
0.03230421
0.314777
-0.3965956
-0.1064427
0.01624099
-0.3772076
0.023348
-0.02043173
0.3349373
0.2360118
0.1173686
0.1084194
0.05409015
0.4027931
0.3079901
-0.02930032
0.05499382
-0.1928661
0.08546398
0.09712862
0.1783924
-0.03640259
-0.04615151
-0.06274151
-0.1146498
-0.2734356
0.04135869
-0.01937525
-0.05243562
-0.09963418
0.1811223
-0.08300075
0.09387865
0.1099004
0.06610664
0.1066941
-0.1115733
-0.08858971
0.1396545
0.1062409
-0.1759523
-0.1509662
0.5065303
-0.1268401
0.06201372
0.169629
0.2191418
-0.09320651
-0.08145028
-0.1074196
0.08874149
-0.01570096
-0.07638881
-0.07958135
-0.07525715
-0.06516003
-0.07730066
-0.040437
-0.2167982
-0.09424201
-0.1477275
-0.199113
-0.06830477
0.002488816
-0.1979182
0.1706614
0.2151472
0.120421
0.09039646
0.0272123
-0.118347
0.328154
0.140235
0.005168647
-0.02244825
0.1044239
0.0865737
-0.1577603
0.03949652
-0.07685058
-0.1257364
-0.02988897
0.1357524
0.1347024
-0.1934076
0.06313152
0.320622
0.1314125
0.2074132
-0.2776728
-0.02698066
-0.0753674
0.175142
-0.03844136
-0.006249861
0.1305629
-0.1900726
-0.05171341
-0.1103956
-0.1849478
-0.2679629
0.143584
-0.067507
-0.1919353
-0.3211222
-0.2016371
-0.009871916
-0.05318333
-0.280046
0.02017344
-0.05241617
-0.1941764
-0.09284129
-0.0989329
-0.1709379
-0.2063483
-0.1732158
-0.1184685
-0.09784701
0.3701196
0.3233969
-0.2217244
-0.2337792
-0.001413933
-0.04865262
-0.107757
-0.2227567
-0.2109964
-0.2781266
-0.2752963
-0.2047239
0.1573245
0.1216572
-0.1275392
-0.2226987
-0.2283659
-0.05567962
0.1748673
0.07757305
0.1093616
0.1882965
0.253748
0.1566126
0.231774
0.07189884
0.2055269
0.09336529
0.1233063
0.1066192
0.235328
0.07393493
0.1662477
0.3324815
-0.08609642
-0.1321535
0.1783367
0.203071
0.1799643
-0.04571326
0.09186339
0.2431261
0.0645738
0.2186945
-0.2563274
-0.05989474
0.01787709
0.2082901
-0.1438577
0.03222497
-0.03425085
-0.1820405
0.2094017
0.2116686
-0.01811609
0.1018736
0.07250271
0.1483861
-0.1887491
-0.1836603
-0.2054102
0.04523856
-0.1449948
-0.2339755
0.09206324
-0.01991165
0.01020745
0.1359179
-0.1435058
-0.1180428
-0.3565792
-0.1844175
0.5137366
-0.2215781
0.152716
0.7181663
0.6444387
0.5264525
0.1934982
0.4048576
0.3996438
0.4952054
0.3819655
0.3577216
0.2617484
-0.1800926
0.02259972
0.3265009
0.3410551
0.1497139
0.1713124
0.06066275
0.2543705
-0.0417834
0.01546944
-0.05746292
0.007113017
-0.1433799
-0.09199279
-0.2938353
-0.1044572
-0.1651135
-0.1687302
-0.1443153
0.06626352
0.06344159
0.1104469
0.04428731
0.2531973
-0.03844875
-0.1515518
-0.1344507
-0.3170968
-0.2346615
0.08694768
-0.11291
-0.2514904
-0.006557928
0.2110609
-0.002926883
-0.0005073865
-0.004043374
-0.3751329
-0.09187256
-0.08966699
-0.01931465
0.0746333
0.2566034
0.1392192
-0.03171367
-0.1225424
-0.103046
-0.008419335
-0.04524667
-0.2650386
0.1783468
-0.08770988
0.01307564
-0.1732407
0.1195845
-0.1439735
-0.04075439
-0.05353331
0.3081728
0.1312979
0.04096717
0.4071283
0.318069
0.4609557
0.3956939
0.3548837
0.2221637
0.289449
0.2142296
0.1531911
0.07976861
0.06892144
-0.02493338
0.1389696
0.1907178
0.27568
-0.05756234
-0.01173462
0.1898886
0.2465643
0.0144652
0.1131989
-0.01243985
0.05869204
0.1511649
0.1818874
-0.2416132
0.02994069
-0.0608455
-0.130958
-0.05702834
0.06316481
0.118914
0.2374343
0.07710724
0.1465209
0.04019579
0.01034122
-0.08816779
-0.264373
-0.161441
-0.01836208
-0.1470915
0.05609066
-0.1737357
0.03066996
-0.06072296
0.06115768
-0.0188111
-0.3138884
-0.1994561
-0.07216449
0.1093082
0.1211807
0.07524768
-0.1004981
-0.1196399
0.0339685
0.088895
-0.114463
0.02440443
-0.1211989
-0.07706288
0.1499594
0.2015858
0.1538304
0.2793444
-0.01134019
0.1371067
0.04402052
0.06656951
0.08618004
0.508126
-0.2526631
-0.496487
0.03854977
-0.08943829
-0.5427847
-0.437247
-0.5647761
-0.5838246
-0.6777749
-0.637426
0.1390354
0.2739237
-0.487797
-0.3621423
-0.2810503
-0.046378
0.2781603
0.3154155
0.243399
0.4179435
0.671719
0.5252895
0.1930771
0.2453807
0.2246737
0.139389
0.04609435
0.1228559
0.2200529
0.201517
0.02561932
0.4292167
0.1638209
-0.04220901
0.3278752
0.3287459
0.2952275
0.1994858
0.04640845
0.1241739
-0.1154192
0.420025
-0.4584268
-0.1409579
0.2794039
0.3409613
0.1995471
0.2068163
0.103124
0.04809585
0.4707586
0.06534278
-0.2762872
-0.1993087
-0.06568318
0.1237302
0.01419915
-0.1316721
0.04790097
-0.04760974
-0.3476877
-0.1249202
0.08673878
0.04049005
0.168287
0.1439143
-0.02558636
-0.04650842
-0.4999655
-0.0527877
-0.04338824
-0.03274439
0.3648572
0.352338
-0.2047883
-0.09222826
-0.2887309
-0.3049023
-0.3767416
-0.3007753
0.01498486
0.11617
-0.1317248
-0.02117173
-0.197018
-0.09639483
0.1050194
0.288064
0.0525833
0.1702141
0.3721787
0.3033884
0.1248717
0.1836094
0.1903793
0.136233
0.1724742
0.01147038
0.1324123
0.08737251
-0.005944039
0.3999664
-0.0570718
0.04942197
0.08976939
0.1693146
0.1341255
-0.1006969
-0.1698899
0.002284494
-0.1743513
0.06363533
-0.3505948
-0.1361468
0.1379015
0.2036649
-0.04779442
-0.09941856
0.0396503
-0.07492674
0.2786842
0.2120813
-0.05112495
-0.1636817
0.05031498
0.2439561
0.07654008
-0.2654954
0.08460549
0.1736889
-0.184852
0.04431232
0.3922553
0.02449667
0.1342178
0.218192
0.045348
-0.01010078
-0.2806848
-0.04326767
0.6971686
0.4697635
0.1853533
0.5440732
0.4857342
0.6514344
0.5048119
0.5246805
0.3907128
-0.2931822
-0.0801908
0.3922281
0.4513267
0.1402187
0.2479399
0.1401474
0.2432673
-0.1955991
-0.07097979
-0.08417166
0.02767538
-0.1423641
-0.2319644
-0.3097381
-0.1701062
-0.09247343
-0.02578322
-0.1486446
0.1214751
0.05256478
-0.0264713
-0.04478973
0.1241875
-0.2078992
-0.1558118
-0.01579293
-0.1885512
-0.1550013
0.1519021
-0.05809804
-0.1572017
0.1610381
0.2198635
-0.08038991
-0.0099542
-0.1157354
-0.4416564
-0.03559794
-0.06248099
-0.1348046
-0.09768437
0.3455314
0.1381898
-0.1505285
-0.2249182
-0.1189712
-0.0721881
-0.06888056
-0.3370026
0.2550205
-0.046125
0.07950471
-0.2878188
-0.05201628
-0.07088645
-0.05231755
0.008940912
0.477617
0.1501132
0.4764795
0.2948545
0.732883
0.7221174
0.8214131
0.7155743
0.7206781
0.6531675
-0.3084547
-0.2183903
0.5927081
0.5308645
0.2562834
0.238914
-0.130011
0.03104473
-0.1207287
-0.1103248
-0.3334849
-0.1177191
-0.1159687
-0.1441773
-0.3160356
-0.0409845
0.03103099
-0.07092133
-0.2059795
0.04836385
0.163223
-0.01702132
-0.1388699
0.2185847
-0.3019396
-0.2171123
-0.2253557
-0.2578105
-0.1703992
0.0676119
0.08293082
-0.3403481
0.1879331
0.2885655
-0.1202748
-0.02545532
-0.2708297
-0.542081
-0.250068
-0.1038279
-0.2067635
-0.07545066
0.435382
0.262675
-0.04001775
-0.1723647
-0.178211
-0.2281138
0.05221578
-0.1262451
0.2414412
0.06397424
0.07827148
-0.1858481
0.1038293
-0.01887059
0.1010742
-0.04182593
0.5707591
0.239252
0.4566462
0.4867529
0.5049109
0.3808383
0.2631407
0.2929375
0.3204459
-0.3199445
0.1111805
0.4447423
0.5544122
0.1247226
0.3786362
0.128192
0.5245135
-0.152391
0.1077991
0.0835505
0.3227762
-0.04005259
-0.05506819
-0.05954744
-0.02441633
0.2083895
0.1468842
0.03405949
0.3569896
0.1108006
0.2453168
-0.3404184
0.02458466
-0.3162047
-0.06405339
0.03838508
-0.06743615
-0.1534674
0.1209026
-0.1428039
-0.1165317
-0.01187498
0.1270106
0.1411456
0.102783
-0.08263611
-0.3827681
-0.07245508
-0.2461368
-0.0419607
-0.003520341
0.3306992
0.1307473
0.07784329
-0.0979565
-0.1624863
-0.2117309
0.08354606
-0.1648065
0.01550701
0.03688508
0.2484177
-0.09570408
0.1161926
0.0124112
-0.01592294
0.05741387
0.007007123
0.1489262
0.3574501
0.4298804
0.1743671
0.1624429
0.3054895
0.2936873
-0.1885769
-0.0223581
0.2649583
0.3970063
-0.0738695
-0.07182992
-0.1173997
0.05419837
-0.1213981
-0.1579714
-0.1220415
0.06486273
-0.2361262
-0.170214
0.07478936
-0.178152
-0.02470368
-0.1252799
-0.1225108
0.07567786
0.008025162
-0.009336402
-0.2079981
-0.2228246
-0.3410733
-0.3022397
-0.06371419
-0.1814817
-0.2868942
-0.2337756
-0.2308236
-0.1309653
0.06825545
-0.2355248
-0.08915937
-0.1400339
-0.1125223
-0.2585155
-0.02643775
-0.1120247
-0.1223333
0.02592073
0.1994251
-0.04448492
0.2784484
-0.1666788
0.1098456
-0.2910429
0.212948
0.01609301
0.08359864
0.0266448
0.2709549
-0.1674965
0.07647597
0.04834804
0.05615861
0.1343139
0.05471029
0.03286738
0.7902825
0.8251754
0.7028501
0.8370269
0.764088
-0.4126485
-0.3267373
0.7210876
0.6226045
0.2599941
0.1725643
-0.2057696
-0.04523246
-0.2732886
-0.2658623
-0.363706
-0.08989057
-0.179745
-0.3021111
-0.1926651
-0.1597224
0.07682816
-0.04378652
-0.1295553
0.1204481
0.08004147
-0.1248837
-0.4235086
0.13126
-0.4681454
-0.3003343
-0.2017228
-0.1626639
-0.06096818
0.03059359
0.0717677
-0.2997007
0.2811979
0.1359196
-0.2007484
-0.124215
-0.3935367
-0.4771418
-0.1191651
-0.2353823
-0.4288664
-0.07027197
0.4440926
0.3116704
0.06029578
-0.1663299
-0.2288318
-0.1075162
-0.05461769
-0.1301845
0.3616422
-0.01277901
0.1133453
-0.2334946
-0.06004145
-0.02274228
0.1117074
0.09260853
0.4848595
0.1330537
0.7698602
0.7750145
0.8091565
0.8165109
-0.483498
-0.3040936
0.7004242
0.6168957
0.3587467
0.1628027
-0.1741408
0.06117712
-0.1272889
-0.09368213
-0.2302432
0.1352434
-0.232957
-0.3204782
-0.1939008
-0.01045467
0.07298592
-0.2211394
-0.1373291
0.2448363
0.160066
-0.03351071
-0.3948319
0.03610994
-0.5132327
-0.3275545
-0.2569913
-0.1756224
-0.07076318
0.2112723
0.1335303
-0.3745254
0.3478918
0.3547639
0.08622118
0.001063243
-0.1424456
-0.2988047
-0.2327935
-0.2144845
-0.3844795
-0.05219545
0.4602786
0.390727
0.1505849
-0.1227427
-0.2774937
-0.1295272
0.1005716
0.08463674
0.2268965
0.02599835
0.02142393
-0.05530444
0.01386359
-0.02869651
0.1490287
0.1381296
0.4819912
0.1482639
0.7893579
0.8429768
0.7726023
-0.4317291
-0.2886097
0.5975531
0.53767
0.2614518
0.2111271
-0.2065077
-0.01542472
-0.2173093
-0.1861189
-0.3611036
-0.1156962
-0.2334721
-0.2792551
-0.3273225
-0.08819252
-0.01413059
-0.09982863
-0.1112988
0.1086295
0.1571088
-0.1321198
-0.2237367
0.08811937
-0.4393091
-0.309982
-0.2773774
-0.2369895
-0.1166967
0.1339038
0.1955444
-0.359266
0.3519163
0.3305408
-0.05335837
-0.008159994
-0.2505925
-0.4461706
-0.1967829
-0.05574537
-0.3320285
-0.1718439
0.4278138
0.3726509
-0.003275017
-0.1953102
-0.2782689
-0.09191665
0.02829918
-0.1511787
0.4120111
0.0224357
-0.0259698
-0.221494
-0.05362696
-0.05026477
0.04172698
0.1165199
0.5475643
0.2345267
0.782429
0.8495976
-0.3506467
-0.3978948
0.5407213
0.3992346
0.3195605
0.1500428
-0.224307
-0.09090619
-0.1415209
-0.1887418
-0.4605145
-0.1797829
-0.2598207
-0.2865003
-0.2688369
-0.01090937
-0.01684777
-0.04534222
-0.06188263
0.2091127
0.05222435
-0.2509612
-0.1793896
0.1054731
-0.4289166
-0.2369391
-0.3390148
-0.1003057
-0.07044162
0.2779399
0.2942402
-0.545461
0.2907948
0.5693399
0.1821444
0.1537424
-0.00877783
-0.1490908
-0.2620436
-0.1193311
-0.4004193
-0.1456017
0.415012
0.3175554
-0.03676384
-0.1047977
-0.2032256
-0.02867235
0.09248333
0.167734
0.3675658
0.1157174
-0.1780702
-0.1141445
-0.119751
-0.07829715
0.1862984
0.0226272
0.5775673
0.2317769
0.8709519
-0.5000814
-0.4635746
0.6392898
0.5705946
0.2784955
0.1246523
-0.3249519
-0.1677508
-0.19762
-0.2759858
-0.4004515
-0.1997942
-0.2714021
-0.3374386
-0.212021
-0.1054692
-0.03327404
-0.1628945
-0.1910971
0.05393513
0.06348155
-0.3243975
-0.2664269
-0.006135157
-0.4978788
-0.3698989
-0.300797
-0.2154487
-0.1178835
-0.01393297
0.2286275
-0.4319449
0.5102684
0.1737197
-0.1647519
-0.1244903
-0.3456546
-0.3333146
-0.08831382
-0.04513505
-0.4318685
-0.1680741
0.4403709
0.314259
0.1549206
-0.1976081
-0.1896884
-0.1015118
-0.02797237
-0.04787605
0.3306114
-0.07869032
0.03333943
-0.2350211
-0.1481078
-0.07057011
0.07339343
0.06626461
0.5764598
0.126074
-0.4002196
-0.4163678
0.5686261
0.5291688
0.262463
0.1227457
-0.2842251
-0.1451118
-0.1924113
-0.2557227
-0.4755134
-0.161903
-0.2701785
-0.3813244
-0.2269384
-0.0791847
-0.03521737
-0.1131875
-0.2033276
0.19846
0.01339546
-0.2932937
-0.2899943
-0.1074324
-0.5275955
-0.3257755
-0.2983223
-0.02693368
-0.03897911
0.1832569
0.326634
-0.4697194
0.5242224
0.4631323
0.03053639
-0.1206327
-0.2002284
-0.2369313
-0.1986939
-0.1078817
-0.4706395
-0.1069842
0.3862463
0.2989754
0.1081174
-0.0725998
-0.2029605
-0.09293701
0.146473
0.140264
0.3076341
0.1709379
-0.04589252
-0.04333706
-0.09003498
-0.07098085
0.222395
0.1746525
0.4869027
0.1698761
0.6132783
-0.2124586
-0.2616734
0.00915737
-0.1049824
0.4098585
0.07921577
-0.0373473
-0.001068793
-0.1281847
-0.2831391
0.3516121
0.3256669
-0.1444984
-0.222137
-0.0238228
0.2504414
-0.024137
-0.2330493
0.1583458
0.1073904
0.2912498
0.02001329
0.5958563
0.3264407
-0.005617747
0.1280844
0.05086773
-0.1115464
-0.1332052
0.2547486
-0.2293809
-0.1408114
-0.1798866
-0.1438847
0.1054483
0.2196414
-0.0736174
0.08924509
0.2962345
0.1868902
-0.1140709
-0.00700705
-0.2927195
0.301789
0.222683
0.1472135
0.2169125
0.02358975
-0.2207497
0.2132626
-0.07139509
0.0609533
0.1680236
-0.09292215
0.1374653
0.03462689
-0.3542166
-0.1549355
-0.07828683
0.02732593
0.03196423
0.1607519
0.5695521
0.593046
-0.01896399
0.1693589
0.196565
0.1806715
0.3966642
0.5122489
-0.239016
-0.325176
-0.02350272
0.1830566
0.07790149
-0.02168796
0.3290254
0.3691716
0.2217814
0.01020711
0.3616889
0.3103655
0.09995656
0.05904497
-0.0292066
-0.01017289
-0.4486345
0.3719429
-0.2846925
-0.1119572
-0.02856553
-0.09881794
0.1773055
0.02538364
-0.01304402
0.04455617
0.4075147
0.2903377
0.04964906
0.1259272
-0.1330892
0.08707191
0.09332971
0.1131755
0.1084113
-0.1924051
-0.1926539
0.155949
0.01436955
0.05838446
0.2551472
-0.09616475
-0.04822262
0.1976541
-0.405279
-0.1246877
0.6587
0.4185469
0.1571136
0.05091661
0.09798201
-0.1088778
-0.1425242
-0.1394507
0.07187411
0.1179044
-0.01389986
-0.1215564
0.01282296
0.2888676
-0.03532626
-0.05116028
-0.03519604
0.2963385
7.134267e-05
-0.4798856
0.1809461
-0.3653207
-0.1203946
-0.1826376
-0.2538963
-0.02467081
0.05795059
0.06989602
-0.2616126
0.1043188
0.1397029
-0.1009481
-0.00408662
-0.2425937
-0.384716
-0.127726
-0.1872957
-0.2770373
0.1965433
0.5447695
0.4507108
0.06484312
-0.1189039
-0.1228624
-0.01116029
-0.07572117
-0.01705678
0.2058086
-0.05353623
0.1329561
-0.03221222
0.07481816
0.03889538
-0.004117563
0.112966
0.3847114
-0.0969118
0.3831462
0.4178732
0.1364883
0.3058853
-0.1877927
-0.02202637
-0.04024976
0.2258959
-0.077692
-0.1505725
-0.1326336
-0.1901217
0.07549906
-0.06452513
-0.2107087
0.1422131
0.1079537
0.03091186
-0.3639862
0.0680567
-0.3871068
-0.2668233
-0.1850512
-0.1654478
0.01357661
0.0864724
0.05077426
0.05092165
0.3078676
0.1250245
-0.1776667
-0.2689551
-0.2087355
-0.5288697
-0.1277365
-0.1852432
-0.1629233
-0.01833427
0.3788295
0.1719653
0.2478999
-0.2643969
-0.1399971
-0.1580554
-0.0116145
-0.1665353
0.1490945
-0.0915797
0.213514
-0.02492027
0.0140078
-0.1251128
0.02263136
0.1371059
0.2330749
0.01511221
0.4516257
0.04576393
0.1711148
0.03409596
0.1835859
-0.01555834
0.2547601
-0.002052825
0.02891641
0.004731318
-0.03724286
0.170129
-0.06434732
-0.3014637
-0.06626696
0.3115696
0.09367171
-0.2120034
0.1826116
-0.1156785
-0.0294848
-0.1815139
-0.08735185
0.1263379
0.1806069
0.1239727
-0.1101993
0.1453462
0.2500585
0.02652219
-0.002930597
0.1212551
-0.07729915
-0.06938932
-0.09587836
-0.1119516
0.1890822
0.297456
0.3278915
0.132955
-0.03641503
-0.01783803
0.1086967
0.009132286
-0.006950975
0.1324978
-0.07474434
-0.092161
0.07415135
-0.03905416
0.06766125
0.06325224
0.067836
0.2417109
-0.1469699
0.1661902
0.348778
-0.02910069
0.5716343
0.02320558
0.3424293
-0.01297103
-0.1027704
-0.05135381
-0.03777902
0.09713361
0.1135886
-0.1960857
0.148999
0.1682424
0.2524042
-0.191328
0.1135907
-0.07967338
0.1432805
0.1979786
0.06182478
0.1778815
0.3528918
0.1639872
0.07966592
0.07619729
0.2565939
0.1505762
0.05730117
0.2255095
-0.04725262
0.03402676
-0.204348
0.1017979
-0.03626847
0.2450502
0.09448838
0.1252154
-0.2546413
-0.2946445
-0.02683399
0.03414048
-0.1554013
0.1062199
-0.04126921
-0.05554144
0.07302602
-0.04796301
-0.07350262
-0.03341787
-0.05376997
0.01652768
-0.003275002
0.5147574
0.1498337
0.1733931
0.3135375
0.3420022
0.4011891
0.2399704
-0.1202365
-0.05813836
0.2285063
0.2574695
0.05348421
0.1085601
0.1692447
0.3174865
0.1142424
0.02322708
0.2058868
0.1615342
0.159247
-0.08118293
0.1598108
0.2552581
-0.1433621
0.271612
-0.3119947
0.09721392
-0.07413019
0.1653535
0.1485656
-0.1066146
-0.1492258
-0.1557746
0.2584528
0.2175642
0.164197
0.06126014
-0.2454175
-0.1612341
-0.0458143
-0.04068809
-0.167693
-0.1679479
-0.2505304
-0.1492603
0.1723316
0.1470027
0.011317
0.09848025
-0.03896331
0.0898586
-0.2126682
-0.09214662
-0.07200473
0.2263572
0.3807717
0.4893359
0.2435448
0.281038
-0.08506079
-0.1780295
0.1917345
0.2170475
0.07538035
0.1930689
0.4058853
0.4341898
0.07275795
0.1018726
0.08393694
0.2538579
0.05694962
0.0324721
-0.05277724
0.2583174
-0.2891265
0.1645812
-0.2097657
0.07385308
0.1998374
0.1477325
0.09908829
-0.109624
0.007400991
-0.05588335
0.357679
0.1502465
0.2752831
0.1171753
-0.004552693
0.02600566
-0.01643696
0.009069559
-0.04706762
-0.2062059
-0.1892549
-0.05693502
0.1727243
0.04111098
0.04501341
0.07363406
-0.02403335
0.06617665
-0.2268096
0.002944303
0.4329637
0.3263058
0.2947667
0.1286713
0.1835616
0.1052893
0.1718864
-0.03744652
0.008660151
-0.09842226
-0.08612557
0.1094329
0.1015539
0.08793827
0.1420082
-0.02286218
0.1354031
0.1530234
-0.225668
0.1812196
0.2525047
0.1389715
0.1028
-0.2353304
0.08701398
0.1058048
0.3681714
0.2977522
0.1844255
0.02404506
-0.04838084
0.3343237
0.2000514
0.0145383
0.0921377
-0.02286091
-0.07555437
-0.1100059
-0.1569281
-0.05122271
0.1606283
-0.2335067
-0.3101634
-0.07095049
0.1320618
0.001968215
-0.05502785
0.0243403
-0.07135582
-0.08900815
-0.1176399
0.4021399
0.5539291
0.1129263
0.09031073
0.1824091
0.2126163
-0.03255495
-0.05138389
-0.1034797
0.0895304
0.1969249
0.3146689
-0.1410868
0.03283195
0.09606217
0.2946763
0.3339182
-0.01357842
0.2561767
0.4813605
0.1575545
0.3133249
-0.2387669
0.1834877
0.3260008
0.3167327
0.4227175
0.2534814
0.01956449
-0.2097223
0.4109575
0.1353904
-0.004640769
-0.04260798
0.07086024
0.01274106
-0.205127
-0.07877868
0.08852256
-0.01517907
-0.1785562
-0.2165084
-0.129412
0.1229325
0.1831566
-0.1630252
-0.1138624
-0.2236175
-0.3434505
-0.12112
0.7261945
0.3634499
0.3051205
0.2734487
0.1754784
0.1057924
-0.1238058
0.03367107
0.1351082
0.1392949
0.4668518
0.03761566
0.1289175
0.08779687
0.2251942
0.1864473
0.04858387
0.1011916
0.1728346
-0.1042647
0.3509443
-0.3611417
-0.09091624
0.08282052
0.2347691
0.07466395
-0.07049548
0.06847532
0.007524511
0.3906922
0.1395376
-0.1384534
0.007731855
0.1211028
-0.1035271
-0.02196914
-0.1899277
-0.215899
-0.1243086
-0.2354695
-0.3854828
0.04298741
0.01681438
0.1572209
0.06261861
-0.1460035
-0.05095459
-0.2301327
-0.08834736
0.01687815
0.0201638
0.214792
0.1207096
0.1671087
-0.04133915
0.002202838
0.3123925
0.2009396
0.5253906
-0.2036515
0.0959631
-0.1373626
0.06557287
0.2975341
0.007284449
0.1916879
0.4722769
-0.09412965
0.2631894
-0.2798072
0.170156
0.3069603
0.2761741
0.2053017
-0.04916602
0.01612806
-0.2717599
0.269623
0.2528468
0.1608466
0.1228433
0.1928812
-0.1737439
-0.2286372
-0.2029106
-0.1279033
-0.07301377
-0.213569
-0.3027269
0.06963835
0.1902305
0.1180455
0.1090064
-0.1006411
-0.01044951
-0.2287685
-0.1849296
0.6498776
-0.03315719
0.1610831
0.3432938
0.0713064
0.006869
-0.2380714
0.3304622
0.1966001
0.01141444
0.08755486
0.2174837
0.4235823
-0.08244243
-0.03086494
0.06950175
-0.04810076
-0.1022308
0.1070077
-0.2923831
-0.06002461
-0.2292151
0.04766946
-0.09577866
-0.02936609
-0.07447769
0.1007543
0.09712658
0.1338023
-0.1182774
0.0923619
-0.2275139
0.08100216
0.08057683
0.03618262
-0.2069594
-0.04908567
-0.2126409
0.06989551
0.0217197
0.05845856
0.2810599
0.008610898
-0.04430439
0.0267524
-0.1286612
-0.06785101
-0.03636342
-0.05831947
0.1159495
0.1151513
0.09336707
-0.1733724
0.3112099
0.1495446
0.1738391
0.1617452
0.297199
0.3736222
-0.05453548
-0.006811662
0.0821484
-0.2252309
-0.228893
0.1106669
-0.2668118
-0.1481474
-0.02145638
0.1412559
0.02196493
0.03002564
0.08336454
0.2549608
0.4140893
0.192416
-0.07210413
0.03207399
-0.1315034
0.08164859
0.2815473
0.02622
-0.03213222
0.02098395
-0.2463573
0.03672538
0.09811995
0.06969465
0.3777109
-0.00492404
0.07417133
0.03656144
-0.2462511
-0.01631921
0.4463092
0.3917546
0.1153199
0.03230872
-0.04174057
0.05302342
0.03927227
-0.1739915
-0.04527945
-0.05873038
-0.04057099
0.06678383
-0.005600001
0.01545324
-0.08587307
0.08211279
0.05964609
-0.200246
-0.1643747
0.09204941
0.1403164
-0.05512554
-0.0343136
0.1570903
-0.0225574
-0.0233941
-0.08641405
-0.2472522
-0.2538428
0.358305
-0.03195214
-0.06847197
-0.1281436
-0.07204967
0.1325573
-0.04192207
-0.25737
0.03105363
-0.07284692
-0.08928708
0.1512684
-0.2018426
-0.2100333
-0.1830892
-0.06802163
0.5006846
0.02873116
0.1463518
-0.003829834
0.1232806
0.1666185
-0.174953
0.02441433
-0.1212074
-0.1341806
-0.161351
-0.2126225
-0.1389871
0.03238896
0.2591153
-0.2047056
-0.2396823
0.1375282
0.2430074
0.3772167
-0.001450444
-0.005159673
-0.2416798
0.00141327
-0.1448539
-0.07110485
-0.1251636
0.01778989
-0.01485725
0.04675306
-0.2168995
-0.1485207
-0.1490715
0.1293975
-0.04967173
-0.05424063
0.0503635
0.08719469
0.06215134
0.1477769
-0.2484968
-0.1671635
0.01451382
0.04734487
0.4482597
0.2231779
-0.05498941
0.2695348
0.1787989
-0.2908339
0.07334548
-0.03619746
0.04689694
-0.0810087
-0.05705304
-0.04495734
-0.02161821
0.08196259
-0.1961092
-0.2260919
-0.008750669
0.09269378
0.3407412
-0.2376286
-0.09770877
-0.06184299
-0.03202593
-0.1854118
0.1264441
0.2759093
0.3221525
-0.05576936
0.02509056
-0.04628677
-0.008934711
-0.2368738
0.1172147
-0.1625183
-0.07369587
0.1839568
0.03495992
-0.00929077
0.3861815
-0.06090793
0.07247387
0.0641749
-0.08316675
0.2942276
0.0757976
0.09698159
0.02143389
0.05539528
0.06308084
0.2350844
0.2445372
0.1705581
0.2306936
0.006363118
-0.08534458
-0.002540167
0.0358067
-0.2371219
-0.08562438
0.1606998
0.2831139
-0.08221825
0.1068683
0.1309308
0.164808
0.1330137
0.148966
0.2791063
0.1390104
-0.2479285
0.1235994
0.03999005
-0.03866742
-0.01449837
0.09039278
-0.1921786
0.05744178
0.05444682
-0.008453273
-0.1003355
0.128213
0.09973414
0.03313446
-0.1725055
-0.05913722
0.02800468
-0.006814529
0.04989716
0.03966563
-0.01662225
0.09641441
0.0281266
0.1300666
-0.05639604
-0.04712659
-0.03394191
0.01543007
-0.08366203
-0.2210944
-0.1374203
0.208539
0.3801733
0.003053354
0.1895578
-0.03819815
0.0007047279
0.06431222
0.07479908
0.02812264
0.0653127
-0.161294
0.1430674
-0.04836484
0.04903655
-0.2520463
0.0636822
-0.2343579
0.02805813
-0.01180038
-0.0003769768
-0.09561945
0.09930636
-0.2124466
-0.2309532
-0.2360066
-0.001291095
-0.2390808
0.172654
-0.005107342
-0.1446162
-0.2212701
-0.09331743
0.0403398
0.1607602
0.04644732
0.2962256
-0.09708432
0.1176096
0.0500093
0.3961625
0.2857755
0.1353922
0.1023819
-0.07171063
-0.08751915
-0.1301023
-0.1389462
-0.1508616
-0.04228678
0.02892535
-0.05730412
-0.1961235
-0.160526
-0.197595
0.08991328
0.007172588
0.08453979
-0.04028658
-0.06227121
0.04102651
0.01092435
-0.0454338
0.06350828
0.04500695
-0.05709709
0.2296772
0.3987736
-0.01160531
0.1834885
0.1258155
0.1301085
-0.003766806
-0.1051646
-0.05394256
0.001490045
-0.08766843
-0.05684913
-0.118854
-0.02151951
0.1341356
0.1263634
-0.06818971
-0.05504763
-0.2055099
0.1086024
0.2375844
0.3432766
0.3996755
0.4079122
-0.03808262
0.1634822
0.03938487
0.136375
0.001995009
-0.0175211
-0.1144857
0.006801002
0.02546133
0.09427253
0.2074075
0.1444998
-0.01873023
0.0164886
0.09187024
-0.1158116
0.0282564
0.2065973
0.233153
0.1550811
0.2604265
0.04679069
0.0001382984
0.1687458
-0.2352546
0.2808307
-0.4130831
-0.04177781
0.1045733
0.1631762
0.0006185856
-0.1707381
-0.0380435
-0.1657296
0.2984273
0.3121837
0.1335743
0.213386
0.00894766
0.03787907
-0.1309048
-0.1000322
-0.121374
-0.1092776
-0.1991905
-0.05086546
0.1684937
0.1276998
0.1871523
0.2751052
-0.02136302
0.0735002
-0.1713859
-0.03992309
0.08504358
0.4667291
0.1825866
0.01373857
0.04713533
-0.0479375
-0.09867446
-0.07725324
0.06495331
-0.09347622
-0.0630964
-0.1055318
-0.05418165
0.06648359
0.1099232
-0.05631684
0.3630178
0.2513425
0.08142228
-0.2451502
-0.1327983
-0.1753708
0.009670797
0.2050117
0.1321053
-0.04727242
-0.01069638
-0.1622776
0.05112787
-0.1687572
-0.0450108
-0.06517646
0.00709513
0.06595466
-0.08950212
-0.07484062
0.1565066
0.2033794
0.252537
-0.03255673
-0.01919399
0.2671069
0.08238886
0.001979388
-0.1326966
-0.2490844
0.02113153
-0.04144023
0.07065562
-0.1105343
-0.1208202
-0.04260384
-0.09816806
0.101897
0.221873
0.1223585
0.198985
0.005938436
0.03862968
-0.02089557
0.2294461
-0.1180042
0.107198
0.057085
-0.06733324
-0.1502458
0.001248642
-0.07365089
-0.1222362
0.08403773
-0.1358808
0.2578056
-0.01093743
0.5175709
0.2581004
0.3094024
0.121671
-0.1324909
-0.05481905
0.2680153
-0.2218349
-0.2476783
-0.02721891
-0.05655326
-0.01614974
0.2011783
0.2032568
0.2796222
0.372213
0.3010939
-0.08094545
0.01537552
-0.05742539
0.2403346
0.2868391
0.3117981
0.031626
0.005770911
-0.2247617
-0.003873771
-0.1861209
0.1931105
0.1089519
0.08320775
0.163021
0.04025198
-0.2005021
-0.2407296
0.3802427
0.4127587
0.3122447
0.2957348
-0.04382129
0.2362237
-0.3360302
-0.0196347
0.1289021
0.171373
0.08916242
0.2365264
0.2551234
0.1381349
0.3211208
0.2960256
0.003484428
0.01665515
-0.07841706
0.1716312
0.2055968
0.2606816
0.09225263
0.2395421
-0.07864951
0.08400414
-0.1967747
0.1064826
0.09476732
0.005765522
0.05132701
0.09459867
-0.2078636
-0.3064288
0.3298672
0.2427631
0.1517386
-0.1985185
0.3411805
-0.1166036
-0.2119388
0.1098797
0.09647015
0.1480661
0.1479053
0.2943135
-0.09548699
0.2837001
0.2986156
0.04772171
-0.09342227
-0.03106382
0.01194631
0.1086589
0.1191061
0.04317359
0.004042492
-0.1296132
0.02929564
0.04015027
0.1600399
0.06984068
0.2530539
-0.0006084062
-0.0388279
-0.2214124
-0.2586712
0.2649076
0.06058252
0.05109505
0.1681273
0.1016386
0.0906954
0.2751427
-0.1253999
0.06586693
0.1511819
0.2107327
0.2607467
0.08757316
0.03339556
-0.06443607
0.03154491
-0.01526272
0.09564877
0.2371592
0.2292633
0.3018881
0.213006
0.07726217
0.2815047
-0.2972458
0.2259968
0.09514816
0.03720828
0.321995
0.2687039
0.03495308
0.04023016
0.3788452
0.2878184
0.1501342
0.1725083
0.1731374
0.01852688
-0.05418297
0.09190194
0.2013266
0.06557022
-0.09600581
0.1065094
0.1952991
-0.06603783
0.02556975
0.03745118
-0.1761342
0.1180275
0.1904466
0.03141309
0.1607835
-0.1263802
-0.0245985
-0.2338783
0.2117814
0.09280338
-0.2259158
0.08411523
-0.0208125
-0.1174705
-0.2206596
0.2325813
0.07631775
-0.1345867
0.6592779
0.3722073
0.2845165
0.3151648
0.1493223
-0.1602169
-0.4173943
0.03297279
0.06573476
0.1636111
0.1052367
0.01818688
-0.02245729
-0.3359158
-0.009901117
-0.06689164
0.1598099
-0.0247814
-0.1178271
-0.2636634
0.1430909
-0.1604962
-0.1751695
-0.01075709
-0.07341023
-0.06451177
-0.1173868
-0.2047859
0.3436287
0.3083584
0.1177441
0.2237025
0.05468003
0.08273503
-0.06656589
0.07090242
-0.0029565
-0.1354593
0.03437224
0.1290384
0.1699595
-0.04359629
-0.143583
-0.1067608
0.08963966
0.2443464
0.03470336
-0.03930596
-0.1105912
0.1045603
-0.216339
-0.01781087
0.1801618
0.04847849
0.1705032
0.02869574
-0.1831457
-0.2584246
-0.164202
-0.1613973
0.01312538
-0.1573098
0.1188065
-0.09955804
0.2792447
0.02513219
-0.1856737
-0.2149093
0.0707081
0.007324394
0.07472044
-0.0870313
0.0182914
-0.2943469
-0.1856219
-0.1073662
0.03630037
0.02120048
0.04983091
-0.02182627
-0.09053332
0.03476632
-0.3376815
-0.1568452
0.1210359
-0.05604764
-0.4323014
-0.1042007
-0.02766685
-0.08090685
0.1208623
-0.2981468
-0.2056613
0.0525619
0.06604809
0.2244927
-0.1077399
0.125025
0.05124568
0.2478238
-0.05239003
0.2240763
0.2154915
0.02347692
0.05199246
-0.06808982
-0.09796351
0.1686343
0.1437459
0.2891085
0.03739582
0.4774221
0.2436097
0.3732398
0.07538827
-0.325745
-0.1897257
-0.2148871
-0.01777926
0.08230986
0.1842947
-0.1252793
-0.04351745
-0.2806915
0.03142017
0.06536951
0.2469876
0.1645027
0.1877057
-0.3445606
0.197976
0.05080833
-0.2144233
0.1281099
0.03294029
0.2197215
0.191696
0.461829
0.5158085
0.3922789
-0.09291681
-0.009039881
0.1413962
0.1551077
0.2209612
0.1518057
0.04187894
0.1277509
0.04321071
0.1499695
0.2553178
0.2574589
-0.02046802
0.1655962
-0.1893739
0.2156678
0.09787372
0.0707294
0.1132772
0.01314289
-0.1156124
-0.04598938
0.2972329
0.2664742
0.04396717
-0.05632755
0.244039
0.08147917
0.1800843
0.2511703
-0.2137048
0.1218453
-0.211544
-0.1033942
-0.1226007
0.3301158
-0.1085324
-0.1544384
-0.007592179
0.008819553
-0.09175685
0.2057374
-0.04358016
-0.1088491
-0.09028549
0.1092677
0.5247773
-0.1031962
-0.1007012
0.1899169
0.01590111
-0.2046327
-0.1787448
0.01075614
-0.1075535
-0.005391534
0.1009265
0.3124989
0.1669735
-5.030012e-05
0.09337377
-0.3334983
0.1925226
0.05078152
-0.1265811
0.05892147
0.02074282
-0.2514368
0.05725149
0.1100183
0.05934887
0.1439933
0.1588599
-0.1417327
-0.05624103
-0.1591956
0.3803388
0.1199344
0.3368173
0.1361944
0.3737587
-0.211856
0.1649761
-0.2473711
0.2484348
-0.04001211
-0.1150254
0.1085067
-0.09270092
-0.3657429
-0.205303
0.2828884
0.1988414
0.04484975
-0.05561344
-0.04294881
0.0646609
-0.05340969
-0.003838503
0.09713144
-0.1347538
0.06991355
-0.02447326
-0.2026267
0.02239541
0.07156099
-0.1148604
0.007711991
0.06864756
0.1776622
-0.08146378
-0.1778973
0.2020005
0.05535921
-0.1098134
0.1318942
-0.0523048
-0.02464924
0.3057255
0.2066119
0.1233194
0.1312841
0.09337161
0.1268013
-0.1189017
0.1377503
0.2285557
-0.03612254
0.2115658
0.237328
0.08289996
0.08536472
0.2016702
0.08306866
-0.01792187
-0.01798295
0.1004887
0.1161293
-0.1233437
0.1665982
0.06013227
-0.3550194
-0.1830347
0.1055169
0.147455
0.2359954
0.02731559
0.1339937
-0.07407217
-0.3720958
-0.03095737
0.4183247
0.4176876
-0.03848366
0.2222408
0.2622563
0.3337391
-0.1419247
0.2091
-0.1589444
0.07722768
0.05049716
0.2678704
0.2712775
0.1925548
0.09276577
0.1344133
-0.09179627
-0.4497515
0.5958711
-0.01275165
-0.0004463849
-0.006260166
0.06410342
-0.05031473
0.008677934
0.008863534
-0.119895
0.1782133
0.02822404
-0.054095
0.224319
0.1738706
0.1132266
0.3355825
-0.2275284
-0.02503658
0.01556735
-0.06680958
0.1947238
-0.07709145
0.1591309
0.04824704
-0.06456649
-0.1276955
-0.02422299
0.1054781
0.15244
0.1399984
0.2264956
0.335382
-0.09805765
-0.2461268
0.005457313
-0.1085135
0.1153895
0.04963667
0.06746359
-0.2377112
-0.03230705
-0.05403401
-0.182653
0.0859768
-0.0376017
0.1118112
-0.04074578
-0.1522382
0.09296427
0.2366449
0.1349635
0.3154835
-0.1888029
0.3899371
0.08178223
0.147497
-0.05265154
0.02266283
0.1859171
-0.01762663
-0.1976475
-0.04046228
0.3547776
0.2628385
-0.02542489
-0.07582732
0.2446136
-0.0001190399
0.01389474
0.2393913
0.2360046
0.1176295
0.1477374
0.05820488
-0.2530444
0.006608765
0.1587735
0.07724404
0.2526295
-0.3208464
0.1456923
0.04410966
-0.0399953
0.03507816
0.140277
0.1180833
-0.1673751
0.1910067
0.2169579
0.4284894
-0.1105999
-0.0008871994
0.2010011
0.03215596
0.3095872
0.2284681
-0.01320552
0.1082745
-0.06158318
0.1500305
-0.1711736
0.2450898
-0.03198436
-0.02107222
0.2637049
0.12239
-0.001824505
0.1427525
0.1402862
-0.2337771
-0.118592
-0.2012182
0.02934526
-0.006149743
0.1536117
0.4581145
0.06190705
0.0001922245
0.1731355
0.1976326
0.05155976
0.2043788
0.1431144
-0.004565545
0.03833464
-0.05193242
0.0634259
0.3306783
-0.03684912
0.02214303
-0.2156942
-0.05224102
0.132263
0.01185624
0.2524978
0.1733176
-0.07393863
-0.1629153
-0.09881537
0.04372393
0.03302765
-0.1935831
-0.02596743
0.01388776
0.1015763
0.1289741
-0.1367493
0.2892666
0.1722971
0.1596902
0.1466742
-0.08687148
0.1478434
