0.4938498
0.1552962
0.59767
0.1100454
0.1571204
0.4210623
-0.01905191
-0.003590799
-0.4337198
-0.139151
-0.1235509
-0.05038271
0.5421791
0.6137695
0.1764531
0.007256376
0.0363325
-0.006065754
0.04025622
-0.1297874
-0.2219067
-0.09696798
0.07470856
-0.08068717
-0.2380801
-0.4930228
-0.09048046
-0.1030087
0.2324735
-0.2078194
-0.12136
0.1490416
0.05853755
0.1094852
0.2237868
-0.2565112
-0.312455
-0.1970886
0.07679919
-0.1042023
0.2580477
0.3051528
-0.05310588
-0.4551518
-0.08799785
0.006415432
0.006009051
0.3318307
0.2045643
0.6022906
0.4939187
0.5892119
0.1139274
0.2386793
0.08574519
0.09243857
-0.0183256
-0.1562427
-0.05590221
-0.05864841
0.09417797
-0.1182243
-0.1609254
0.6109106
0.468091
0.2844145
0.1289027
0.1971395
0.02754798
-0.07631616
-0.2228239
-0.1279439
-0.1498826
-0.2119888
-0.3535508
-0.4799294
-0.1514786
-0.2570994
-0.06199084
-0.1112695
0.08503027
-0.2305656
-0.5545716
-0.5014842
-0.4144265
-0.3073474
-0.5101161
0.08557181
-0.281224
-0.190399
0.1357839
-0.1041172
-0.4241992
-0.1813454
-0.001847166
0.4355042
0.121062
-0.05002233
-0.190567
0.4747008
0.4945651
0.3110946
0.3092847
0.2716848
-0.01274314
-0.29689
-0.4583799
-0.2915803
0.06181879
-0.2405725
0.3399081
0.4457533
-0.1204619
-0.1113473
-0.1896474
-0.1534604
0.2158495
-0.4327151
-0.2376776
-0.1902573
-0.1349372
0.1573328
-0.04904057
-0.517162
-0.4192639
0.1041718
0.2565848
-0.264916
-0.1247611
-0.1904347
0.1622162
0.03635942
-0.0502496
-0.3337791
-0.1140178
-0.1104214
-0.08931121
-0.07147445
0.1639598
0.03725036
0.04491495
-0.1626724
-0.001109988
-0.1535905
0.212903
0.2760126
-0.1159555
0.2461974
0.582395
0.3095409
0.07941982
0.1426505
-0.04003553
-0.19319
-0.111673
-0.2562077
-0.2550107
-0.1411509
0.20519
-0.02866852
-0.3050841
0.1365577
0.2689917
-0.01975088
-0.09480408
-0.1016109
0.04321788
-0.2087019
-0.2749365
-0.1907698
0.01327796
-0.236886
0.01648148
-0.2259617
-0.5296403
-0.1216066
-0.1458514
-0.1094807
0.1030042
-0.1266937
-0.3890673
-0.1110257
-0.331088
-0.1924781
-0.48523
0.09085199
-0.1437222
-0.2493593
0.1400014
0.2731811
-0.5129475
0.112783
-0.1551492
0.004450383
0.02709011
0.05248519
-0.003159959
0.0943508
0.374857
0.2920616
0.1891228
-0.104399
-0.4355911
-0.3104128
-0.3083494
-0.3493667
-0.2977516
0.03724996
0.006497421
0.08343066
-0.04744257
0.01028114
-0.1404248
0.1816406
-0.2279418
-0.4044304
-0.1508936
-0.1408756
0.08496143
-0.113229
-0.3670852
-0.179815
-0.2188568
0.2810912
-0.05807142
0.08406639
0.012563
0.3214118
-0.04927093
-0.004850065
-0.315218
-0.1140468
-0.1451679
-0.1901774
-0.2843171
0.09696517
-0.08096298
-0.1428714
0.06843837
-0.02733922
-0.1283398
0.0827831
0.09489604
-0.246849
0.1873558
0.5307256
0.06672229
0.1708713
0.0789442
0.04122436
-0.1588176
-0.112333
-0.2798261
-0.3456458
-0.2093671
-0.1720188
-0.1688874
-0.1473922
-0.003808727
-0.05318411
0.1216943
-0.1174341
-0.01391683
0.1073017
-0.2496478
-0.2480262
-0.1322048
0.1992606
-0.09504171
0.2077027
-0.07618373
-0.04996346
-0.1944697
-0.1022464
-0.02728115
0.2649581
0.2261801
0.005724787
0.2426385
0.04782381
-0.007190833
-0.2403593
-0.06682858
-0.07214428
-0.1661618
0.0189585
0.05868259
-0.4408584
0.1797785
-0.06879431
0.09652424
0.1557436
-0.1817313
0.03301014
0.05734402
0.1967079
0.5434273
0.1596126
0.0206325
-0.2768601
-0.0529419
0.0222915
0.1615257
0.6775749
0.783267
0.322522
0.09529141
-0.1463252
-0.0903049
-0.04807845
-0.2871661
-0.02306024
-0.1922164
0.02015276
-0.2103271
-0.2744755
-0.5165341
-0.1081834
-0.1109989
0.1457152
-0.01802844
0.0185021
0.1066476
-0.006884858
0.1627123
0.09504475
-0.2262108
-0.340383
-0.2750376
-0.08186243
-0.07183401
0.1783011
0.3934685
-0.07782869
-0.3116123
-0.0348447
0.1072612
0.1522569
0.1969272
0.2622599
0.4731288
0.297647
0.7030468
0.0235057
0.34297
0.1302951
-0.072166
-0.08360091
-0.1611198
0.04131769
-0.0151166
0.1176672
-0.01653785
0.009003463
0.522945
0.5074175
0.1490983
0.2113251
0.07904148
-0.2285969
-0.2254207
-0.2466898
-0.08947786
-0.2759954
-0.2486594
-0.3993816
-0.452851
-0.1656899
-0.3740851
-0.08184903
-0.02698842
-0.09888959
-0.2053901
-0.5612405
-0.4850034
-0.4520768
-0.3049656
-0.4478697
0.1301534
-0.295746
-0.2903252
0.0290165
-0.06927667
-0.2728401
-0.169198
-0.02976751
0.3187592
0.1407731
0.1927814
-0.03462836
0.1443319
0.002024855
-0.01480818
-0.3317829
-0.1924844
-0.1389319
-0.05031468
-0.4247351
0.009446788
-0.04721491
-0.1696823
-0.09852688
-0.02875974
-0.01571787
0.05312349
-0.2190777
-0.00188588
-0.1638569
-0.1992591
0.3567113
0.05957137
-0.3397344
-0.3370029
0.2003581
-0.03192005
-0.251174
-0.2542481
-0.1999341
-0.06066042
-0.1673931
-0.2743393
-0.3883759
-0.1836335
-0.2836351
-0.2236732
-0.07422919
-0.04763215
-0.1220567
-0.2574378
-0.1276175
-0.1868863
-0.2197906
0.1432374
-0.06768405
-0.1712146
0.1835736
0.1532867
0.009066403
0.3093991
0.07424008
0.2561568
-0.04994045
0.08553666
-0.152968
-0.1782703
-0.08429924
0.1195552
-0.02412832
-0.2939904
-0.1730611
-0.05293284
-0.007578445
-0.1877092
-0.09174169
0.1145602
-0.09536257
0.07305034
-0.1959681
0.06128358
-0.04484633
0.2580419
-0.1112475
-0.2570956
0.0475557
-0.1305847
-0.1506625
0.1011912
-0.09239886
-0.1709631
-0.02697486
-0.02899913
-0.2242764
-0.2130344
-0.0352265
-0.2444282
-0.206808
-0.182969
-0.01460799
-0.05371343
0.1690674
-0.332708
-0.05839312
-0.2736192
-0.0925207
0.116084
0.3799074
0.125115
-0.2152513
-0.2318572
-0.01822732
-0.1729995
0.0848557
0.08668274
0.2423956
0.04488466
0.03985358
-0.0400403
-0.1863303
-0.07737289
-0.3536833
-0.08112537
-0.3331479
-0.1908341
0.09456717
-0.05372209
-0.3190369
-0.02226354
0.07847974
0.2033348
-0.02918827
0.0216306
0.05529109
0.1132274
0.07960598
-0.1261944
-0.2264503
-0.1205699
0.07963728
0.07199736
0.01138084
0.3070082
-0.1009334
0.0178835
-0.1211036
0.06779196
0.08581302
-0.04392738
0.1496448
-0.06961622
0.1856159
0.2198831
0.2439497
0.09005226
0.2502123
0.007601827
-0.2830769
-0.09059079
-0.2777738
-0.1738058
0.04577717
0.04662735
-0.01962992
-0.02326421
0.0652565
0.1959949
0.06366222
0.2075827
-0.1440282
-0.1316047
-0.1438121
-0.2620579
-0.2976483
0.03613367
-0.06203621
-0.1007462
-0.2894185
-0.1318242
-0.07471633
-0.1933145
0.02548832
0.06616732
0.1372249
-0.1642808
-0.0350016
-0.005061031
0.04876119
-0.2063693
0.09843174
0.03263807
-0.03666255
0.1352994
0.1795289
-0.3099226
0.1823404
-0.046837
0.1149222
0.2618944
0.09570504
0.03726589
0.01752951
-0.04582902
-0.2669008
-0.1010922
-0.04907561
0.1459481
0.314372
0.6141316
0.3042363
-0.006691018
-0.05348531
-0.0557738
-0.06176508
-0.1623209
-0.03220179
-0.09606756
0.008922876
-0.1453877
-0.0482239
-0.1770721
0.1565674
-0.1201741
0.2394591
-0.007198569
-0.06405288
0.1311826
-0.08805048
0.3698972
0.05741299
-0.07337452
-0.08358213
-0.08834707
0.1336458
0.0200356
0.3433705
0.3115349
0.096832
-0.3031943
0.1826969
0.144713
-0.003505383
0.03599378
0.09240616
0.231714
0.2372267
0.459184
0.1589809
0.4313268
0.2399361
-0.1422066
-0.1047677
-0.2094765
-0.09445253
0.04997952
0.05387265
0.05441182
-0.08167186
0.3762078
0.4705744
-0.008425691
0.120939
0.1341821
-0.1488352
-0.3019217
-0.3240713
-0.0792626
-0.2056608
-0.2659721
-0.2739208
-0.3329573
0.07206739
-0.2571544
-0.2389741
-0.2864696
-0.18964
-0.06008382
-0.3293487
-0.436742
-0.3658923
-0.1960095
-0.3191043
0.1548088
0.04557595
-0.0149164
0.1862666
0.1519938
-0.2519635
-0.149799
0.1165498
0.1678414
0.2367707
0.05142957
-0.3029677
0.6978681
0.2531795
-0.1907283
0.1519997
0.3530341
0.08903255
0.1175986
-0.1476568
0.3489184
0.165487
0.2461662
0.3739771
-0.1513256
0.3390638
0.01613964
0.2742457
0.2067214
-0.01384241
-0.03611592
-0.07514769
0.01647123
0.2852881
-0.2241332
-0.02299147
-0.004195559
-0.1186155
-0.1057379
-0.1664608
-0.3907879
-0.4279075
-0.3150802
-0.3399164
-0.01630295
-0.1290658
-0.323198
-0.2946268
-0.2455218
-0.2015012
0.07816384
0.1111728
0.07644705
0.03864132
-0.1557156
-0.1341765
-0.05938281
-0.02670854
0.09266148
-0.01152217
0.3208894
0.6519751
0.5650409
0.7374898
0.5087022
0.4523697
0.4048445
0.3076702
-0.07143861
-0.1373025
0.02704642
0.5712114
0.2587834
0.3148802
0.2868521
0.2606995
0.3452477
0.4185018
0.2381528
0.08538328
-0.1070207
-0.03668979
0.1597979
0.470836
0.1245972
-0.05988328
-0.08443301
-0.3171279
-0.01806022
-0.02720242
-0.3413599
-0.1927193
-0.2710296
-0.2503998
-0.399243
-0.3577979
-0.3046587
0.02406281
0.09417267
-0.1613197
-0.04320595
0.155068
0.1978111
0.1218053
0.3720476
-0.0005970308
0.2057474
0.4586645
0.1391808
0.031562
-0.1173755
0.4183983
0.2046093
0.3706652
0.2710576
0.1727941
0.4365661
0.3248212
0.339898
0.0786733
-0.06377182
0.2401973
0.1706219
0.02520319
0.1794446
-0.09151818
0.04703094
0.1518483
-0.223379
-0.1469934
-0.0120472
-0.1349722
-0.2826996
-0.285959
-0.2144208
0.1314457
-0.1762566
-0.1551601
-0.1911999
-0.1448812
-0.02882641
0.256984
-0.01612537
0.05109681
0.2097578
-0.2052902
-0.278898
-0.1500007
-0.09867971
-0.04644558
-0.04048251
0.4666331
0.5946482
0.5645503
0.8428281
0.458236
0.3731455
0.4430554
0.449177
0.05315269
-0.1702978
-0.02073474
0.5979239
0.2800957
0.2316383
0.4822246
0.3417591
0.3403755
0.3407107
0.1912492
-0.009680605
-0.05766136
0.1908611
0.1468562
0.5011067
0.0348595
-0.1288741
-0.03745258
-0.2254645
-0.1061162
-0.03026645
-0.2483718
-0.1416271
-0.2432683
-0.1825101
-0.285144
-0.3015733
-0.3460504
0.2646317
0.02651447
-0.06404813
-0.07655428
0.02787879
0.2001154
-0.08448304
0.1327988
0.2949191
0.2793285
-0.200086
-0.3469756
-0.1343448
0.06606682
0.2299877
0.09692134
-0.1363316
0.1902578
0.382073
0.3481108
-0.09638655
-0.1393627
-0.05916561
0.3434327
0.2232503
0.0970436
-0.2834511
-0.04711237
0.06679421
-0.01885076
-0.3472987
-0.3069035
-0.1583112
0.06926035
-0.03212847
-0.1594753
-0.003075709
-0.04430793
-0.2082825
-0.2315921
-0.2225126
0.008091213
0.1107506
0.01451381
-0.01917468
-0.06564447
0.0396305
-0.3616077
-0.3566961
-0.2462836
-0.1421176
-0.1249707
0.1330449
0.2125841
0.1573146
0.3590784
0.3951084
0.2979415
-0.07557634
0.2084003
0.3897903
-0.2375754
-0.1852717
0.08988116
0.3291279
-0.002346967
0.07490647
0.4220014
0.3792518
0.06665425
0.07014645
-0.004685022
0.0263322
0.1134397
0.2724206
0.0569098
0.1258908
-0.006010633
-0.1241975
-0.01093821
0.1246943
0.183767
0.1064955
-0.001077717
0.2805037
-0.1588759
-0.04923002
-0.0435563
-0.2306092
-0.2623409
0.3827803
-0.1261432
-0.03044395
-0.225138
-0.1294599
0.1717029
0.142167
0.2710657
0.1991299
-0.09812527
-0.1334776
0.1590361
-0.07284458
-0.01815583
0.03592522
-0.3558468
0.05688207
0.1557744
0.08687064
-0.1030637
-0.1215538
0.07108478
0.161664
0.07508239
-0.01158649
-0.2956507
0.3652198
-0.1189992
-0.07922212
-0.1363431
-0.1299214
0.02612207
0.4017091
0.3044119
0.2494562
0.2623953
0.07870141
0.2646615
0.02425119
0.3273917
0.1617298
0.3024062
0.04352879
0.03772021
-0.03881638
-0.139606
-0.1058741
-0.3174115
-0.06245513
-0.2265598
-0.05257925
-0.1627791
-0.2756227
-0.2248753
-0.05870009
-0.02090946
0.1148569
-0.07333279
-0.05976196
0.07659129
-0.03247622
0.0507241
-0.1976393
0.1697198
-0.2004269
-0.3152233
0.09174434
-0.006436399
-0.05064897
-0.240264
-0.1396105
-0.2174058
0.09919659
0.08685778
-0.05410919
-0.1179477
-0.09197414
-0.2818712
-0.04194772
0.005436532
-0.1929657
-0.08828779
0.2875728
0.05883
0.1913384
0.1619208
0.3510757
0.215545
0.1035153
0.1457512
-0.09051481
0.0892422
-0.06674744
-0.0191298
0.2761426
0.1394772
0.01444638
0.03965514
0.01386555
-0.2724633
-0.248099
-0.1198478
0.1570368
0.08526006
0.05390665
0.3445376
0.37207
0.04206243
0.04609715
0.104013
0.1205307
-0.0466427
0.1368786
-0.1934226
-0.1234374
-0.3353638
-0.2120349
-0.2953026
-0.07397135
-0.06481974
0.01406402
0.1755273
-0.01571519
0.1319374
0.2748341
-0.1549243
-0.1693185
-0.05352924
-0.07536379
0.1481363
0.008581436
0.1817525
-0.152145
-0.1456832
-0.4094774
-0.2920831
-0.08931952
-0.2235375
-0.1394762
0.05148433
-0.07083651
0.1626176
0.1328224
0.255716
0.1849675
0.3627486
0.2637389
-0.1001473
-0.1147429
0.11502
-0.2935357
0.1649816
-0.09386401
0.06284879
0.2071968
0.261759
0.2432171
0.02300016
-0.1778462
-0.07366771
-0.04461879
-0.1034152
0.08417119
-0.07515701
-0.2393504
-0.306977
-0.36966
-0.2317718
-0.1814603
-0.2845605
-0.1695773
-0.0719324
0.2125169
-0.04359961
0.002392998
0.02321876
-0.003318057
0.07790776
-0.1519045
-0.08778054
-0.2361486
-0.1409119
0.1136969
-0.05052999
0.09995946
0.1674279
0.1111587
0.4484422
0.2416831
0.06938208
-0.1494431
0.1256425
0.231115
0.02644649
0.2153238
-0.1027244
-0.2504999
0.1348141
0.331924
-0.1355654
0.03786117
0.3134595
0.2541033
0.3330393
-0.08686381
-0.1311676
0.1391092
0.0808713
-0.2182551
-0.03513374
-0.03355711
0.03287552
0.09827041
0.02591485
-0.05242674
-0.1476034
0.1098439
0.3018712
-0.219259
0.1595575
0.18046
0.002017039
-0.3376507
0.2139701
0.08473139
0.3191237
0.03537104
0.1857251
0.1240152
0.3258008
0.4332249
0.3409819
0.04045739
0.2718053
0.5636325
0.1076643
0.03975478
0.1952457
0.6233748
0.1194619
-0.1787011
0.2540566
0.02589316
0.105441
0.1023437
0.06463633
-0.2179605
-0.07476147
0.2326915
-0.05068241
0.382136
0.2122182
-0.01497043
-0.0393278
-0.1667517
-0.09982637
-0.01217581
-0.03590397
0.02793079
-0.06920134
-0.05479227
-0.08004564
-0.1349424
-0.1810751
0.07900489
-0.1496555
0.1600814
0.0492938
0.2470777
0.2267546
0.0121646
0.6968041
0.3552325
0.1667775
0.0346651
0.1416072
0.02567584
0.01512534
-0.1235372
-0.1103255
0.05849209
-0.1973425
-0.3921056
-0.4675564
-0.06232158
0.02338753
0.3041443
0.05502496
0.1263746
0.2989138
-0.04242462
0.1378768
0.3411289
-0.2167959
-0.5362771
-0.3271314
-0.1709256
0.0002309338
0.140892
0.4755045
-0.2258641
-0.2567549
-0.05118831
0.1533443
0.118208
0.2540694
0.4752497
0.5562354
0.2769476
0.6015897
0.1490497
0.3486325
0.1309586
0.01264198
0.03319582
-0.1259372
0.07226014
-0.05842615
0.1573134
0.0346275
-0.003224579
0.5704092
0.4812359
0.2657793
0.157333
0.2943912
-0.09939818
0.0555356
-0.1912602
-0.1941606
-0.1646062
-0.2470869
-0.3551945
-0.4386449
0.01161358
-0.3361803
0.06694462
-0.05632154
0.02743154
-0.05735104
-0.5384722
-0.4854495
-0.4590097
-0.3831709
-0.3985954
0.05735451
-0.4555065
-0.3419729
-0.05397602
-0.2827896
-0.1890432
-0.0594116
-0.07590785
0.2766348
0.1421325
-0.06360036
-0.2412595
0.328742
0.1148708
-0.0503263
0.03144781
0.04191746
-0.1595562
-0.01968236
-0.3246968
0.1685584
-0.1342205
-0.135909
-0.4166082
-0.04711025
-0.02881877
0.2940715
-0.02079329
-0.07043324
0.1724501
-0.1009947
0.2680353
0.2901688
-0.1181282
-0.2814734
-0.1259007
0.08074925
0.01218247
0.3089274
0.5165962
0.02870015
-0.3993883
-0.02738889
0.1043699
-0.05238645
0.2182361
0.3427955
0.485251
0.2397525
0.6771517
0.107086
0.4569362
0.1966752
-0.02311037
-0.04788442
-0.1056665
-0.02144944
0.04552199
0.2312994
0.02827136
-0.1210195
0.5481609
0.5865918
0.1491244
0.1858108
0.2030807
-0.05531028
-0.1351477
-0.2341613
0.005509802
-0.1862517
-0.2723372
-0.372149
-0.4400478
-0.1341728
-0.3184606
-0.02769176
-0.0542096
-0.07940988
-0.2436735
-0.5658714
-0.5551724
-0.546762
-0.2548616
-0.4079147
0.1855194
-0.1726425
-0.1423955
0.1560103
0.01531735
-0.3088289
-0.2429367
0.1171652
0.2678475
0.17578
0.06283052
-0.2496906
0.1842432
0.2813541
0.2251158
-0.1159014
0.1113373
-0.1921695
-0.1602515
-0.1711381
-0.2564622
-0.2295585
-0.09393536
0.2669548
-0.2922616
0.05827418
0.4620462
0.2838004
0.3805296
-0.1004605
0.3877701
0.4231618
0.1531718
-0.07625964
-0.05996579
-0.007592425
-0.08546845
0.1563476
0.4002861
0.01889337
0.008480254
0.007952769
0.1000055
-0.07602474
0.1569118
0.04742309
0.4891027
0.2748632
0.4850601
0.06046105
0.2054712
0.1200272
-0.07229952
-0.2753992
-0.304976
-0.1295011
-0.2071555
-0.4592888
-0.2128699
0.05960292
0.4852361
0.239508
0.3194258
0.07900018
0.2172452
-0.2692958
-0.1822474
-0.2346309
-0.2551753
-0.2184644
-0.2228914
-0.3381342
-0.14694
0.3261727
-0.4117343
-0.1397227
-0.1472178
0.03717006
0.2002988
-0.08710915
-0.248357
-0.2008371
0.09250313
-0.05310787
-0.04226408
-0.01764625
-0.007627515
0.01443795
-0.1863815
-0.1242526
-0.1934116
0.08718129
0.4260368
0.2547329
-0.07466147
-0.1952169
0.4826308
0.2105625
0.184994
0.1582307
0.1884188
0.03363352
0.2909534
0.1598002
0.02485516
0.1081225
-0.03194773
-0.0759069
0.3707388
0.2612322
0.4090108
0.5693981
-0.03713371
0.01940188
0.1910339
-0.2021159
-0.4359074
-0.2814364
-0.5404312
0.06742894
-0.004378318
-0.1896599
-0.2880483
0.08395089
-0.1102137
0.1517302
0.05704137
0.2351446
0.343418
0.244803
0.05465366
-0.001811997
0.395112
0.3250095
0.08159429
0.3931815
0.1803595
0.1386295
0.3219328
0.230441
0.03494273
0.2025276
0.3560413
-0.009313704
-0.195326
0.487546
0.2824417
0.2397564
0.1949888
0.2313619
0.275611
0.1189424
0.3564549
0.4281932
0.1712906
0.08721598
0.1874957
0.05369827
0.4618084
0.3687229
0.3418125
0.144176
-0.04823621
0.2055433
0.2193047
-0.07018007
0.1059131
-0.4842785
-0.2576265
-0.3234732
-0.5058891
-0.3207026
0.1074579
0.1189963
-0.1012423
0.1181447
0.2518329
-0.03124294
-0.06713664
0.3916577
0.160995
0.2837624
0.09519819
0.2291058
0.02126226
0.1736566
0.002633049
0.0735637
-0.01901241
-0.0609811
0.07171592
0.1879863
0.1893038
0.4624852
-0.2072693
-0.1000821
0.287737
-0.2167552
-0.2509237
-0.3045555
-0.2625981
0.09209574
0.04199192
-0.07522467
-0.1989484
-0.03652188
0.0194657
0.04286793
-0.07314803
0.3485087
0.04107933
0.3290555
0.1192095
0.141354
0.472635
0.1768756
0.2049512
0.2520048
0.1820868
0.147183
0.1716402
0.2098766
-0.2441178
-0.02563703
0.1797708
0.1723045
-0.03158493
0.4926481
0.1981251
0.4373324
0.2442801
0.178906
0.1185687
-0.06119245
0.2532124
0.2003964
0.03428002
-0.1061044
0.2146781
-0.05401888
0.3806904
0.1021646
0.1942903
0.05861048
-0.03391067
0.08594043
0.09001376
0.006136665
0.04570209
-0.2372102
-0.3346566
-0.19433
-0.3844592
-0.3837402
-0.01749803
-0.116646
-0.04264744
0.2217791
0.2002419
-0.1542066
0.00776621
0.2933951
0.1662732
0.1922394
0.1794882
0.07218442
0.1833879
0.00381771
0.1201905
0.004337277
-0.1099111
0.008081284
-0.01460707
-0.03872271
0.1530979
-0.3281032
0.09582785
0.3222356
0.1059598
-0.1086155
-0.2323701
-0.2545543
0.02234728
-0.06884346
0.05481648
-0.1841282
-0.08118175
0.002717033
-0.1963301
0.01647801
-0.02395482
0.004167621
0.1458051
-0.05931777
-0.05079445
0.1171844
-0.01583878
0.161501
0.1345121
0.3123691
0.4097825
0.3236869
0.2770852
0.1771822
0.1955534
0.01195512
0.1000535
-0.1558969
-0.06079893
0.1437699
0.4374607
0.2738683
0.298708
0.2769147
0.2608619
0.2947449
0.08479664
0.04323785
-0.01042657
0.1969794
0.06268234
0.3336631
-0.1634823
-0.01973489
-0.06085906
-0.1387603
-0.1567852
-0.152174
0.03393302
0.08240747
-0.1479697
-0.2035073
-0.09140943
-0.2524738
-0.2931984
0.1271529
-0.1617479
0.01203425
0.06696713
0.04228226
-0.06622317
-0.1798002
0.05740112
0.1369285
0.1639223
0.2796225
0.5528186
0.3782222
0.1018718
-0.1703146
-0.1809891
0.3108045
-0.1736558
0.1437053
0.1443354
0.06135956
0.03729928
0.1525294
-0.2849183
-0.1530926
-0.2141416
-0.3234352
0.03860398
-0.06802595
-0.1221099
-0.09211695
0.08072043
-0.1157474
-0.02203225
0.1028149
0.006539546
-0.05611104
-0.1331116
0.1492592
-0.1655955
0.107538
-0.1712425
-0.1343443
0.4044833
0.5758281
0.2311843
0.3646288
0.05432375
0.2961541
0.06490396
-0.06735076
-0.1022747
-0.2431833
0.07087247
0.02556105
0.2131963
0.6872459
0.04078514
0.2548149
0.3283407
0.6866576
0.3424464
0.4535568
0.1256208
-0.05529601
0.09013309
0.378184
0.1170431
0.3477804
-0.01821291
-0.1631556
0.2089081
-0.01701563
-0.2889038
-0.1764547
-0.2572038
-0.02046521
-0.4368646
-0.2598836
-0.1171226
-0.1426368
0.2327449
-0.1982236
-0.144089
0.1076509
-0.3088797
-0.1623063
0.002728632
0.3047579
0.2604442
0.006729921
0.02521921
0.1754118
0.2263568
-0.2210936
0.04807568
0.2770312
0.3359368
0.4924045
-0.1024069
-0.06199827
0.2023485
0.1240108
-0.09946012
-0.1681661
-0.1212921
0.1179363
-0.1212231
0.2037353
-0.07024601
0.08402588
0.0003265275
0.2166053
-0.1748932
-0.1635532
0.3520968
0.02513642
-0.1370259
-0.1141298
0.2152885
-0.003698565
0.08176459
0.3378558
0.05278081
0.1034527
0.09484965
0.03185865
-0.1531598
0.04582522
0.07310698
0.08188023
-0.04623468
0.1953434
-0.04776674
0.3224992
0.135526
0.2854532
0.1175744
0.04875618
0.08241314
0.3307558
0.03242768
-0.02803157
0.4382857
-0.1097192
0.2553551
0.1069789
0.2824226
0.1082897
0.06156612
0.01575056
0.09178751
-0.1623666
0.09556901
-0.0563453
-0.04512575
-0.07600375
-0.2188558
-0.3372859
0.12188
0.05041898
-0.1142078
-0.002334104
0.07446436
-0.4375555
-0.18876
0.2701776
0.1309585
0.1973433
0.1846587
0.2401021
0.04337031
0.1797719
-0.2381846
-0.1890816
-0.1235889
-0.07450116
-0.4839826
-0.1573807
-0.2641618
-0.1017379
-0.1217604
-0.3275206
-0.1733594
0.255319
-0.2107636
-0.1943297
-0.2177497
-0.1322272
0.1854483
0.1355793
0.0382048
-0.2233328
0.150256
-0.2840116
-0.4042261
-0.06385373
0.04691174
0.06139468
0.1576463
0.3133923
0.2572469
0.3147931
0.5035353
0.4730722
0.2808445
0.4601362
0.1108632
-0.1403748
-0.06596174
-0.07404239
0.3497936
-0.07833438
0.1153522
0.3244282
0.5596181
0.2107536
0.1510601
0.08113575
0.05286883
0.1044387
0.02509003
0.1686378
0.1285795
-0.02221593
-0.145341
-0.2779383
-0.2252025
-0.136406
0.03204904
-0.1591161
-0.04047305
-0.1124399
-0.09983137
-0.2526319
-0.3792653
-0.1643115
0.4636371
0.0647988
-0.2383738
-0.1444521
-0.2088857
0.2355728
0.1394654
-0.04362738
0.04413545
0.06490547
0.3499714
0.09074841
-0.229274
-0.2200191
-0.03210545
-0.0449237
0.184639
-0.2576478
-0.1202923
-0.1046221
-0.0933839
0.04286267
-0.1517844
-0.050819
0.2276696
-0.1447487
-0.114616
-0.1290628
0.0804883
0.3016358
0.09380458
0.2076131
-0.01870881
-0.03020642
-0.262736
-0.09241553
-0.1527471
0.03267247
-0.1529335
0.03196157
0.3194713
0.135079
0.07006427
0.2968606
0.09148121
-0.03316022
0.1280447
0.08759681
0.07719348
-0.02035294
0.02715764
0.0612385
-0.01884905
0.1747385
0.2354969
0.2820556
0.08372315
0.1938098
0.04817942
0.01706689
0.1114418
0.1814143
-0.02031269
0.05221608
-0.2242586
0.01944525
-0.1511777
0.029661
0.06881361
-0.05025183
-0.07968412
0.01021134
-0.02702675
-0.1123385
-0.08769417
-0.2189116
-0.2953512
0.2090571
-0.06653904
-0.07808456
0.03628911
-0.09003237
-0.08752717
-0.01605785
0.2849046
0.2826802
0.2245904
0.09717151
-0.04189169
0.3353805
-0.03182469
0.005055005
0.2330451
0.04112938
-0.05728203
0.3497232
0.07967779
-0.09498222
0.0974264
-0.008696663
0.04586888
0.008287004
-0.03385159
-0.01710279
-0.307526
-0.2446154
-0.05254072
-0.2501829
0.03634193
0.2684473
-0.08751352
-0.3659858
-0.129694
0.05853172
0.3261135
-0.002309202
0.3254923
0.3862054
0.299699
0.2563476
0.1662067
0.3551096
0.2889871
0.04424483
-0.1250112
-0.09515112
0.04553822
0.1854827
0.2753375
0.3405072
0.05970981
0.297105
0.6114572
0.3730866
0.2632971
0.1346716
0.09766628
0.2003912
0.1214543
0.3535536
0.168943
0.09895488
-0.1367441
-0.1736271
-0.04011964
-0.09534617
-0.1023359
0.006141799
-0.08071493
0.1012757
0.01606454
0.04415591
-0.07341024
-0.03950376
-0.1821505
0.201129
-0.1400247
0.124556
-0.168153
-0.2535266
0.4425664
0.1645541
-0.1963231
-0.04317252
0.006650401
-0.2070164
-0.100664
0.02088959
-0.02280494
-0.1695102
0.04398297
-0.1591164
-0.03884463
-0.06226683
-0.2081313
0.1155714
-0.07539694
-0.2329688
-0.09514888
-0.08721136
-0.06669875
-0.2293814
-0.09126021
-0.08036726
-0.178887
-0.1496128
-0.07495799
-0.2179196
0.2871626
0.05255016
-0.05984396
0.2850467
0.4791706
0.2131086
0.1855337
0.1110805
0.3063359
0.1664749
-0.08001629
-0.3060402
-0.3990944
0.01598907
-0.002982114
0.09038185
0.6031531
0.1497359
0.3163808
0.1722089
0.6703201
0.3191735
0.4790173
0.2713493
-0.1074321
0.1649968
0.2730446
0.08610756
0.3203487
-0.09122608
-0.1274991
0.1205399
-0.02853776
-0.05552739
-0.06604017
-0.1529756
0.005110549
-0.2085618
-0.198645
-0.02707422
-0.1738339
0.1375968
-0.1316352
-0.2138208
-0.02822757
-0.2028883
-0.1537653
0.4345117
-0.3258499
-0.03317141
-0.08571952
-0.04758717
0.03068561
-0.0725006
-0.07504693
0.03328241
-0.0198742
0.1230261
0.3640116
0.205252
-0.07021895
0.1739144
-0.06799214
-0.2409295
0.3902029
0.1947346
-0.09729905
-0.2055046
-0.1092865
-0.154445
-0.2237924
-0.3344193
-0.124266
-0.3537519
-0.04616543
-0.08725333
-0.07968783
0.07219875
0.08539387
3.894825e-05
-0.05557667
-0.04756587
0.1001533
-0.0753803
-0.1801725
-0.3477708
-0.2296946
-0.08496036
-0.2946328
-0.02201591
0.4774247
-0.1175099
0.3021186
0.2444411
0.2664675
0.3100215
0.5073618
0.4481187
-0.1965053
0.2622585
-0.009616851
0.06928301
0.1501105
-0.08137924
0.1781438
0.2262868
0.1159735
0.06950793
0.2486008
-0.1768842
0.4437249
0.114341
-0.0560183
0.3339597
0.09172462
0.1209166
-0.03268056
-0.3048328
-0.117164
-0.1033854
-0.2184303
0.2581476
-0.09334599
-0.23061
0.06098868
0.0149253
0.09453205
-0.2138267
0.09103567
0.07191736
0.4483597
0.47488
0.3561643
0.2417093
0.2218985
-0.1116076
-0.203868
0.3060649
0.2107715
0.2011749
-0.0633757
-0.2171566
-0.151925
-0.160092
-0.4285742
-0.4386877
-0.4259064
-0.1716161
-0.07040475
-0.1624369
0.2107418
0.1169929
0.1632024
0.1563846
0.01164632
-0.03667846
0.1708179
0.09583023
-0.3380745
-0.3313175
-0.08188747
-0.08292409
-0.1520742
0.2153007
0.02996511
0.3069679
0.3492494
0.3127883
0.2139851
0.244597
0.5775201
0.243816
0.2211222
0.06607363
-0.04809239
-0.06145407
-0.1183915
0.3665526
0.2800731
0.09115681
0.359266
0.4582859
-0.1784546
0.481996
0.3377159
0.04242506
0.1590321
0.3251127
-0.1502336
0.3140006
-0.234684
-0.06334088
0.03285173
-0.2725671
-0.1081417
0.07305636
0.1924454
0.04242382
0.1752696
-0.2848287
0.141021
0.1157011
0.2927929
0.0818928
0.144499
0.3538427
-0.07308605
0.09098934
0.1911791
-0.1684792
-0.1514548
0.1208965
0.303264
-0.2545574
-0.06730696
0.001947202
-0.1522668
-0.3405025
0.01029616
-0.1214175
0.113128
0.00313972
0.169224
0.1382377
0.1285763
0.1585682
0.03300724
-0.09785022
0.182093
0.09256814
-0.03655447
-0.02661592
-0.05741277
0.2381126
-0.05464769
-0.2264751
-0.0007157919
-0.02950712
0.1682442
-0.02924041
-0.05928113
-0.2908187
-0.1121386
0.7553611
-0.08578738
0.009603228
-0.04706318
-0.1001669
0.09691526
0.1238917
-0.001921749
-0.04206852
0.1193417
0.08649272
0.1299968
0.2107889
0.1545119
0.2019374
-0.2241737
0.07798873
-0.1968036
0.3049464
0.1339709
0.1932984
-0.02921527
-0.07915748
0.07028869
-0.190714
-0.3064234
-0.4416603
-0.1254475
-0.2033283
-0.1904082
-0.08252413
-0.04045889
0.00164249
0.02054158
0.1878964
0.02282307
-0.08854555
-0.06663347
-0.01559623
-0.1748898
-0.09133907
0.002110377
0.1405079
0.03831233
-0.1916263
-0.1624684
-0.1477119
-0.110797
-0.03673852
-0.02434387
-0.2705015
-0.02734814
-0.1102184
-0.09961216
-0.06770753
0.1480548
0.1298566
-0.1828831
-0.2904391
0.01265694
-0.2932136
-0.068631
-0.0990083
-0.2003832
-0.07209062
-0.02160064
-0.2059452
-0.1911592
-0.08407053
0.07681221
-0.08217054
-0.2245624
0.4063535
-0.1374777
-0.1800616
-0.2817255
0.07230336
0.1212822
0.03130555
0.106398
-0.01365598
0.08633816
0.2142729
-0.06228324
0.09272343
0.05574224
0.1469332
0.12181
0.03747108
-0.1635559
-0.3159048
-0.2923505
0.3009751
0.2304816
0.1181958
0.2045473
0.2431217
0.1839859
0.1417005
0.1356254
-0.2372636
-0.3479692
-0.1092655
-0.2072723
-0.1000717
0.2530829
0.003329851
-0.1201268
-0.07519487
-0.2061003
0.2577739
0.09557981
0.2593223
0.2048321
0.1158914
0.2439452
-0.05335172
0.1424245
0.1903234
-0.1354975
0.06618664
0.2634466
0.05499881
0.05815313
-0.02173373
0.201484
-0.01309231
-0.07516023
-0.04364406
0.08355644
0.07072547
0.1231181
0.2216291
0.1492225
-0.06102345
-0.1398488
0.1250688
0.2637088
0.2011066
0.175388
-0.1648514
0.08042349
0.0369499
0.218563
0.205631
0.1603352
0.3390289
-0.1191183
0.05650808
0.03198951
-0.1943019
-0.2505028
-0.08637496
-0.06712018
-0.203382
0.0205194
-0.01159539
-0.2227417
0.1549738
-0.1284705
-0.09099549
0.363955
-0.1662529
-0.05618739
0.4278526
0.3146344
0.03588343
0.1668458
0.2648918
0.2775713
0.04820801
0.2142172
-0.1143423
0.04968037
0.08354181
0.2069181
0.1471235
0.3398085
-0.01122469
0.2522845
0.1358311
0.1623482
-0.005217538
0.09553168
-0.06948884
-0.007092216
0.09515839
-0.01616324
-0.1303055
-0.1775394
-0.2549724
-0.2146064
-0.1539981
-0.2017269
-0.4181638
-0.2880942
0.1458229
0.0008088129
-0.08431295
0.1142797
-0.01448137
0.05459831
-0.318428
-0.03982579
-0.1604336
-0.1312266
-0.07818825
0.1107439
-0.09699866
0.169823
0.2634208
-0.2290321
0.06729793
0.1352875
0.07620327
0.3456013
0.2730618
0.1414856
0.1830676
0.1864775
0.1680027
-0.06598108
0.07438358
0.1223112
-0.04243547
-0.0230655
0.08796206
0.04901094
-0.01467308
-0.04562961
0.1785727
-0.07909464
0.0962159
0.4901918
0.1936158
0.1798073
0.1644624
-0.08817221
-0.3070027
-0.1064073
-0.4281911
-0.2085788
-0.1290903
-0.05337996
-0.1763381
0.3457672
-0.1678085
0.2285481
0.1317049
0.0552509
0.2441626
0.1494958
0.1694902
0.004568471
0.1895454
-0.02215431
-0.031792
0.2261769
-0.09369825
-0.07322909
0.003483396
-0.1962374
-0.4157241
-0.1922979
0.3002726
0.02129876
-0.1382261
0.4619565
0.02460643
0.2535602
0.02367534
0.05268591
0.05535064
-0.1868613
0.1154061
0.3404227
0.181732
0.1493123
0.1918611
-0.1900201
0.2731102
0.3825326
0.4766943
0.3739519
0.1811473
0.3865633
0.4026303
-0.1681641
0.1526095
-0.3698771
-0.05179297
-0.3491879
-0.3647673
-0.291847
0.06354823
0.3419252
-0.2742334
0.0774156
0.2468567
-0.1979357
-0.1379747
-0.01577685
0.1102718
0.4034014
-0.1452248
-0.3690527
-0.1839906
-0.1973439
-0.01410379
0.1794618
0.09673896
-0.1684223
0.06466858
-0.003740746
0.2998442
-0.1409236
0.1398785
0.4537024
0.4246785
0.09840675
0.2229605
0.4427906
0.2742441
0.233425
0.3953247
0.05844931
0.02116956
0.1288214
-0.0009673881
-0.1476661
-0.01209282
0.244713
0.2763789
0.1024992
0.6392643
0.1578207
0.3086563
0.2174035
0.2033736
0.1429427
-0.01724198
0.2580109
0.3507166
0.02982629
-0.1255916
0.3690022
-0.3287965
0.3829679
0.356366
0.5043551
0.02921546
-0.1243733
0.003811347
0.03495775
-0.1739556
-0.03428134
-0.1969175
-0.158244
-0.2701259
-0.283595
-0.3621429
-0.01876034
0.04181422
-0.07597059
0.2429439
0.282921
-0.3420712
-0.2610449
-0.03731983
0.09647233
-0.05841633
0.0652864
0.2047921
-0.06247991
-0.2231064
0.04887765
-0.153168
0.1086249
0.2372504
-0.1336871
-0.1762379
0.05013184
0.04128744
-0.02640508
0.05207495
0.235253
-0.1303416
-0.0508359
-0.1683194
-0.2397334
-0.1717325
-0.08221751
-0.1608643
-0.2226041
-0.1681921
-0.04106999
-0.2906396
0.1462392
-0.0410201
-0.03029032
0.06863027
-0.09763863
0.00859782
0.01909677
-0.1604718
-0.2898213
-0.06835028
0.07045636
0.09215031
0.207689
0.06725248
-0.2539143
0.004154784
0.01646283
0.2899277
0.2250557
0.2916139
0.1484728
0.2290979
0.2912255
0.05785768
0.05839338
-0.06382223
0.09812684
-0.01067082
0.1974099
0.1841982
-0.2681497
0.162271
0.01039166
-0.06680906
0.2382766
-0.1025036
0.04641128
0.1974056
0.2718351
0.1056662
0.2186322
0.06642064
0.0210211
-0.003219633
0.1514123
0.1430934
0.04223433
0.0003990796
-0.0759309
0.1654767
0.09975066
-0.06007771
0.127865
0.2070253
0.09351314
-0.007238018
0.05290134
-0.05403915
-0.1012172
-0.03567504
-0.07541274
-0.1569627
-0.1392724
-0.1013229
-0.1222385
-0.2420784
0.09633397
0.05413477
-0.04820839
-0.2354405
0.1074135
-0.06553278
-0.2563713
-0.241741
0.04137592
-0.1173937
0.08449049
-0.200544
0.1023255
0.1545485
-0.07321647
-0.05846158
-0.1293318
-0.03599811
0.1137482
0.1515917
-0.07360177
-0.1318534
0.143879
0.1394255
-0.1147486
0.1072344
0.08674823
0.1239343
0.03315933
-0.05404827
-0.09000866
0.03064504
0.2557014
0.2664713
-0.1125931
-0.3682215
0.2962679
0.03059476
0.2132581
0.0828915
-0.0323287
0.1851013
0.241747
0.07125562
-0.04446189
-0.02480518
-0.1903554
-0.236596
0.2927666
0.1483015
0.3941338
0.07475382
0.172969
0.1216231
0.2371485
0.1348231
0.02396247
0.0294298
0.02327011
-0.04205976
-0.0189291
0.01791339
-0.0787399
0.08619335
0.1998573
0.1101093
0.2799278
0.05508651
0.403839
0.1910644
0.08937957
-0.07188383
0.2396263
0.2037873
0.03428176
-0.09245972
0.05339246
0.1957357
-0.1589944
0.2214343
0.01675019
0.2036524
-0.008470542
-0.06865855
-0.0918413
-0.2735135
0.1954839
0.1476785
-0.01199988
0.06650979
0.1133375
0.1367481
-0.08402486
-0.262811
-0.4023614
0.3415077
0.09420496
0.2634646
-0.1629829
-0.3149794
0.6418976
0.6177618
0.5006653
0.09315792
0.08115668
0.2850003
0.517657
0.09325214
0.1856105
-0.2024577
-0.3303086
0.002688449
-0.1081438
-0.1526399
-0.2860959
-0.1934016
-0.4363288
-0.09055352
-0.3011094
-0.2704236
-0.2439755
0.002292703
-0.1971373
-0.04233993
-0.05770346
-0.1884842
-0.06228766
-0.1185598
-0.04030589
-0.3477429
-0.1841639
-0.1638937
-0.2401795
-0.1136202
-0.1449228
0.2580398
-0.1968204
-0.1207538
-0.11599
0.3719108
0.201377
0.05190467
-0.1839123
-0.1294128
-0.308301
0.1725772
0.3758344
-0.01512912
-0.1458597
0.645833
0.3954997
0.1974297
0.5307882
0.6781876
0.5330538
0.4224712
0.1643025
-0.3418832
0.5220574
-0.09260021
0.129755
0.1647938
-0.2288155
0.623057
0.5829695
0.1336306
0.02885626
0.0107888
0.6683234
0.2386962
0.2974727
-0.1975779
-0.274522
-0.0767953
-0.4765001
-0.3658505
-0.1808622
-0.2866222
-0.468475
-0.3177724
-0.2788566
-0.3153112
-0.2673664
-0.1745909
-0.2925006
-0.1043551
-0.07036283
-0.1657803
-0.1881107
-0.2159963
-0.02282913
-0.4267045
-0.2774937
-0.4266525
-0.1233575
-0.2390848
-0.1520403
0.1691013
-0.139348
-0.1809194
0.07847072
0.3744752
-0.08534795
0.1491877
-0.3763714
-0.2217712
-0.2979839
0.02925839
0.3631664
0.1779326
-0.06801179
0.5947779
0.2234453
0.2097282
0.6941335
0.659075
0.6127688
0.6464824
0.07073994
-0.2165983
0.4385923
-0.2290109
0.005888111
0.2246451
-0.06878585
0.6330498
0.03135733
0.2470553
-0.03197535
0.5026672
0.1465116
0.1509505
-0.2128231
-0.1363837
0.1641023
-0.258536
-0.2215724
-0.246417
-0.2921319
-0.3568892
-0.08107186
-0.3120649
-0.3789675
-0.2807661
-0.1493228
-0.3691676
-0.2165661
-0.05911581
-0.2544792
-0.1354352
-0.2554857
-0.0343902
-0.3224993
-0.189393
-0.3151939
-0.1667497
-0.2349146
-0.1961087
0.1845813
-0.1171023
-0.1137537
-0.02568007
0.378269
-0.04125847
0.1331205
-0.2321984
-0.05056152
-0.1999991
0.1053318
0.4333599
0.2555432
-0.002355019
0.6417705
0.3687497
0.2645842
0.5530708
0.7596101
0.6923
0.5119336
-0.06312283
-0.2325153
0.55761
-0.09860047
0.1711505
0.2026976
-0.05624576
0.06843501
0.3963502
0.2414321
0.4924835
-0.1725352
0.3396092
-0.002803629
-0.3519313
0.05397842
-0.1846421
-0.1159528
-0.2612686
0.07193578
-0.3961313
-0.03223043
-0.1534065
-0.2639523
-0.232063
-0.1526786
-0.2586692
-0.1015876
-0.02261488
-0.1272597
-0.1823516
0.09927156
0.3336432
-0.3101509
0.03395668
-0.371759
-0.2506243
-0.1876918
-0.2965359
0.0861875
-0.2882517
-0.4934502
-0.34803
-0.01304429
0.02905456
-0.09753809
-0.401872
-0.2946632
-0.4152477
-0.1634563
0.03846423
-0.2330335
-0.3693641
0.3946127
-0.0517945
0.4825257
0.5034331
0.6661672
0.8457306
0.4783217
-0.09565917
-0.3941516
0.574953
0.02591204
0.03206301
0.1400413
-0.150996
-0.05720952
0.08712828
0.1499545
-0.03444496
0.2011972
0.04121269
-0.0649644
-0.00573077
0.1218372
-0.1162135
-0.1441419
0.004676062
-0.01412303
0.16028
-0.1645312
0.03846463
-0.03314272
-0.1099969
0.1325222
0.05058408
0.2526451
0.250546
-0.1116589
0.03256528
0.04773409
-0.1538041
-0.005955976
-0.1597901
-0.09254289
-0.02979362
-0.02053027
-0.009870245
0.0768046
0.02580618
0.01690661
0.1460005
-0.09354954
0.05758096
-0.08773379
-0.1736126
-0.1134844
-0.04604478
0.01810928
-0.1478391
-0.1073476
0.01483207
0.03570992
0.2194297
0.09419815
0.1214455
-0.06232396
0.1103359
0.02381233
0.03709953
0.01993
0.02581729
0.07704632
0.160926
-0.1631089
0.2151848
0.3048015
0.0001591691
0.321228
0.0953426
-0.05840992
0.2535904
0.1917296
0.2247564
-0.005493329
0.2216255
0.05624617
0.2740789
-0.0800633
-0.2479238
-0.1372363
-0.09941659
-0.1706956
0.05322308
0.03771045
-0.08595337
-0.1910279
0.1604605
0.4517168
0.02230807
0.1293673
-0.05474056
-0.06545836
-0.191049
-0.2759067
-0.115048
-0.09416774
-0.1624389
-0.1117746
-0.1258355
0.02576011
-0.1527818
-0.07342778
0.01522574
0.009586212
-0.09453733
-0.1524185
-0.2215375
-0.2406748
0.08659068
-0.2193512
0.308908
0.2708924
0.2456239
0.4236917
0.2754746
-0.1717737
-0.07314578
0.2598066
0.01397928
0.2240548
0.007008462
0.08042873
0.2204307
-0.1722547
0.04381578
0.08906839
-0.2104382
0.006005149
0.2911743
0.3386221
0.05363812
0.5259635
0.03435597
0.2029949
0.01502306
-0.09653043
-0.2105676
-0.1808806
-0.2319993
-0.2083692
-0.1221869
-0.221705
-0.1787784
0.5373358
0.3882267
-0.06127546
-0.185941
0.1492861
-0.265099
-0.1811513
-0.4048788
-0.1276306
-0.3650193
-0.2964282
-0.421262
-0.2747575
0.1545449
-0.3381687
-0.1759855
-0.2307025
-0.1157857
-0.01270094
-0.2077259
-0.4788007
-0.4959951
-0.07007484
-0.2058002
0.3543309
-0.0182075
0.1516805
0.3086327
0.006203147
-0.1247814
-0.2874203
0.2484384
0.2016068
0.009082238
-0.1318827
-0.1971828
0.1886326
0.2807483
-0.0417431
-0.3127644
0.1190735
-0.2108674
-0.08415066
0.01377721
-0.01779646
-0.3184715
-0.1064847
-0.3507691
-0.3577451
-0.2793789
-0.147938
-0.2401137
-0.1196432
-0.07872
-0.2501059
-0.182069
0.08946663
0.1583054
-0.3025176
-0.2257565
-0.2544589
-0.1566072
-0.2519215
-0.3866888
-0.05055825
-0.1983133
-0.1465251
-0.06963158
0.2317905
-0.2463966
0.06752852
-0.2646603
-0.1276416
-0.2122305
-0.01140794
0.1273705
-0.1123744
-0.2222455
0.3827985
-0.03057426
0.1842258
0.6464797
0.5497201
0.5623906
0.7407851
-0.03060304
-0.07650745
0.3694759
-0.1412936
0.01808308
0.1596643
-0.1021535
0.2054959
0.1869933
0.1579553
-0.2134129
-0.07176864
-0.2672277
0.0507551
-0.3735802
-0.01908081
-0.4155201
-0.1340083
-0.1698378
-0.2387286
-0.2174987
-0.1649118
-0.2563074
-0.2741543
-0.155622
0.09132828
-0.3028944
-0.2821465
-0.04393507
-0.3681376
-0.2214991
-0.02266872
-0.008647042
0.006778666
-0.1677899
0.02454365
0.2932143
0.3730685
0.3602966
0.01768255
0.02840203
-0.02078044
0.1670228
0.1951122
0.253188
0.5876904
0.4693645
0.4945958
0.1586905
0.3516589
-0.1878773
0.2115362
0.0494834
-0.08673257
0.157344
0.2668908
0.3736988
-0.1890691
-0.2723411
0.01294421
-0.1351393
0.1015696
0.1621625
0.06535728
-0.05864961
0.07670174
-0.01931787
-0.0407323
0.06217846
0.03081668
0.0991029
0.01520632
-0.1437758
-0.1956822
-0.04991067
-0.01755885
0.1926439
0.07434538
0.2552469
-0.02090779
0.1345636
0.2498429
-0.1225968
0.05986753
-0.2977852
-0.1434472
0.1066068
-0.1296878
-0.05992399
-0.1316818
-0.2364002
-0.2553295
0.09420882
0.1035497
-0.04771645
-0.1573355
-0.2498883
-0.2527054
-0.2128743
-0.04877604
-0.1656091
-0.2339606
0.2017953
-0.06795047
0.02994395
0.1442585
0.2264997
0.2596674
0.1935783
0.2082021
-0.06358112
0.2583857
0.04583459
0.1956082
0.1174694
0.02309857
0.01020632
-0.03202288
0.2073969
-0.02363072
-0.05892589
0.1941976
0.03098955
-0.0262246
0.06420016
0.1742593
0.007509445
-0.06237612
0.1994901
0.0210901
-0.1178574
0.1172342
0.2289321
0.2012059
0.167033
0.1770663
0.2167166
-0.0827117
-0.2127393
0.1154806
0.06196228
-0.1583969
-0.158433
0.0114659
-0.1548562
-0.2891651
0.1820778
-0.1352749
0.06479611
0.1478702
0.001840756
0.06388123
-0.06934434
-0.112978
0.1150813
-0.273352
-0.2179764
0.05701612
-0.07508412
-0.1801574
-0.1236417
-0.1078434
0.2460458
0.2382737
-0.1293285
0.08223284
8.839985e-05
-0.04835053
0.06830388
-0.004471951
-0.0895753
-0.04862618
0.09888231
-0.168429
0.09893598
-0.1605007
-0.0109217
-0.03034528
2.877708e-05
-0.01069581
-0.01560934
0.03691413
-0.003644415
-0.02046366
-0.04580381
-0.1297036
-0.1183906
-0.06303197
-0.03704025
0.03239675
-0.07600532
0.01371338
0.05969501
-0.1042237
-0.04277506
0.07924386
-0.01096803
0.02209728
-0.1473884
-0.08157406
0.04171396
-0.02579851
0.01070912
-0.0528478
0.002821637
0.08023526
0.1384319
-0.2339774
-0.03586827
-0.1933658
-0.3605232
-0.2174728
-0.2552347
-0.2309371
0.05530786
0.2192192
-0.3244229
-0.0355164
-0.1114039
0.04100963
0.2755568
-0.03188933
0.3555868
0.3208772
0.2161646
-0.07515941
0.1221608
-0.197505
-0.02838097
-0.004420565
-0.08674712
-0.006930002
0.02252013
-0.09948153
-0.1739079
-0.002422044
0.2044507
0.1425407
0.2475726
0.2281536
0.08207338
-0.1001077
-0.03562427
-0.2121029
-0.1440971
-0.007313835
-0.1483652
-0.2180493
-0.1074332
-0.07564349
0.05349739
0.08951864
0.004079667
0.02486166
0.2585218
-0.08630171
0.06954099
-0.1855998
0.195773
-0.1789446
-0.0005001266
-0.1301275
0.07186848
0.1470701
0.02078806
-0.1374778
-0.08998009
0.1706484
0.3035905
0.2719553
0.2089845
0.008851292
0.3494737
-0.01355444
0.2803839
0.2053303
0.3189842
0.1442073
0.2057105
-0.01542938
0.04927689
0.157397
0.06950629
0.1486459
0.1628139
0.03943189
0.3369552
0.3715293
0.3457135
0.05215365
0.1809303
0.02553765
0.1619336
0.1330476
-0.05332298
-0.1178812
0.1407494
-0.04739587
-0.1690237
0.1454759
-0.1493675
0.1924403
0.2583251
0.1818876
-0.05307368
-0.2263742
-0.2152524
-0.002339111
-0.3547199
-0.09658574
0.03283513
-0.2305684
-0.2718982
-0.2313463
-0.2650995
0.2563839
0.08976691
-0.1264703
0.1166573
0.1267842
-0.09819159
-0.007804882
0.5249753
0.6620303
0.3916637
0.4141921
0.2940859
0.02382586
-0.2507503
-0.2508167
-0.2346202
-0.05146991
-0.1794951
-0.1604105
-0.07007854
0.6445462
0.4296904
0.5138075
-0.01835824
0.2812538
-0.1328168
-0.1087983
-0.2732692
-0.2574421
-0.1868133
-0.1338451
-0.3630116
-0.3589463
-0.07967767
-0.3370523
0.007001826
0.09263916
0.1939823
-0.06117923
-0.3990094
-0.3336755
-0.2477
-0.05080052
-0.2673961
-0.03817671
-0.3884744
-0.157203
-0.07830711
-0.180511
-0.218659
-0.1368965
0.05508101
0.5615349
0.1643334
-0.1098333
-0.1041008
0.3655531
0.1315612
0.009062033
0.02467789
-0.06269871
-0.2645922
-0.4107839
-0.2697185
-0.2063265
-0.2325431
-0.2698466
-0.1208178
0.4242854
0.21111
0.3184926
-0.2188474
0.08687938
0.0462259
-0.1512333
-0.3399676
-0.3549519
-0.08963287
-0.1223384
-0.04228694
-0.2206295
-0.264585
-0.2198167
-0.2313317
-0.03352585
0.2535729
0.2611496
-0.1780183
0.01271681
-0.1108902
-0.09493624
-0.3126965
-0.1714019
-0.2468014
-0.2913229
-0.08937013
0.02669969
-0.3915285
0.1816856
-0.2274059
0.373948
0.2280843
-0.1156202
-0.1062097
0.1729757
0.4506017
0.2384055
-0.03741282
-0.2540871
-0.3141072
-0.06802856
-0.1008078
-0.1819581
-0.08813049
-0.01982094
0.8061992
0.6610668
0.4233471
0.1403472
0.1304551
-0.2564767
-0.2299796
-0.3345172
-0.3265113
-0.3742682
-0.3961715
-0.5697113
-0.5474167
-0.09615918
-0.4032968
-0.1836427
-0.1117976
0.01050089
-0.2512733
-0.5789272
-0.5467458
-0.4743565
-0.2766886
-0.4300516
0.1756284
-0.294003
-0.2094985
0.01202092
-0.1596928
-0.2218089
-0.2556032
0.06915074
0.5848295
0.1621593
0.03304327
-0.1104553
0.4694376
0.5728606
0.2481582
0.05466595
0.02173871
-0.0971254
0.1054265
-0.04704792
0.1729211
0.03170911
0.04588505
-0.007022279
0.3785672
-0.1228584
0.3725347
0.1957436
0.1248385
0.0682954
-0.09918488
0.2203682
0.28737
0.05004729
-0.1357559
0.049275
-0.1004409
0.2945387
0.1274124
0.3718006
-0.1428646
-0.205967
-0.07690952
0.06464636
-0.2844161
-0.02190523
-0.2454739
-0.4592147
-0.3219553
-0.4071961
-0.3458124
-0.09551102
0.05668889
-0.2232944
0.07141568
0.02618801
-0.436068
-0.05652267
0.3822756
0.09074866
-0.04658951
0.009269445
-0.04515126
0.1911905
0.1375061
0.419492
-0.05791495
0.2279368
0.3000027
0.2672473
0.1340499
0.2060253
-0.1127259
-0.05010789
-0.06364628
0.07603697
-0.01021826
-0.1208555
-0.2566632
-0.1820688
0.1588812
-0.1504266
0.03228482
-0.05129836
0.06017822
-0.2091364
-0.3698357
-0.314357
-0.3392629
-0.08886835
-0.07515504
0.09268318
-0.1583275
0.007398162
-0.05574591
-0.1343897
-0.2368689
-0.2958905
0.2724006
0.2683396
0.2117089
0.01288545
-0.2075361
0.1526486
-0.08329127
0.002567645
-0.04539449
0.201712
0.01331087
0.3035376
0.1861879
0.1165398
0.1572224
0.2231995
0.03641507
0.2907474
0.03667597
0.2083373
0.2407979
0.0369838
-0.07292021
-0.08329952
-0.1198469
-0.2955048
0.05113647
-0.1658104
0.05546947
-0.1339412
0.02549969
-0.3071249
-0.2421602
-0.2452001
-0.09384816
-0.2434029
0.102348
-0.04646553
-0.3496865
-0.1390258
-0.2621477
-0.2988478
0.08684581
-0.2575573
-0.08109969
0.06939092
-0.2151169
-0.1163521
-0.07945183
0.4209276
0.3649786
0.513152
0.2930329
0.1749386
0.3409744
0.2732397
0.04318629
-0.216974
0.3753909
0.2683209
0.1138772
0.3670198
0.4152801
0.4499388
0.276881
0.4694336
0.3182696
0.1755589
0.08741528
0.1973303
-0.148307
0.4196459
0.2698441
0.449757
-0.1247761
-0.2435746
0.04077177
0.02987951
-0.3703719
-0.1297703
-0.344223
-0.1940702
-0.4126772
-0.4197914
-0.4409906
0.08998597
0.1575727
-0.1495304
0.1173306
0.02786474
-0.1541469
-0.2133187
0.6934318
0.6944601
0.3909049
0.5136124
0.3415772
0.1311889
-0.2043666
-0.3310643
-0.06669161
0.3608904
0.3198293
0.5366656
0.3000311
0.3250163
0.4413452
0.6113116
0.3827211
0.2301877
-0.05951277
0.2190387
0.2819732
0.6264952
0.1082556
0.06720498
-0.07941113
-0.1832554
-0.002122782
-0.0755809
-0.305338
-0.148637
-0.2090324
-0.1941254
-0.4175054
-0.2683366
-0.3657888
-0.01709997
0.01299818
-0.106311
-0.1898
0.05468812
-0.1058425
-0.009427025
0.6332016
0.5810941
0.4499684
0.3971564
0.1865427
-0.245488
-0.3387888
-0.1242376
0.3824229
0.3578025
0.3759454
0.5035454
0.3553813
0.5128272
0.3937868
0.3634457
0.1134898
0.1083233
0.2025192
0.2144507
0.6761408
0.238256
-0.0003830474
-0.1882311
-0.09681159
-0.05633765
-0.01670994
-0.1205862
0.06037117
-0.1442753
-0.09647194
-0.1585371
-0.2323842
-0.2749858
0.13477
-0.1110024
0.05286151
-0.1877885
-0.02578268
0.1362982
0.1304843
0.5473712
0.4575799
0.4444838
0.4155985
0.02399401
-0.1760118
0.06226465
0.6499945
0.1675532
0.2944641
0.471337
0.3666293
0.344428
0.4169726
0.215307
0.01370955
-0.08140023
0.1592669
0.09329946
0.5118645
0.07833491
-0.03222218
-0.1152157
-0.2824392
-0.1068024
-0.08691993
-0.3342268
-0.2032145
-0.268455
-0.1460553
-0.4044469
-0.3997652
-0.4038639
0.2426164
0.07392615
-0.1283906
-0.04900238
0.1454012
0.1963507
0.06317342
0.552371
0.5331774
0.2921225
-0.0334559
-0.01362008
-0.07497127
0.5692621
0.1605625
0.121201
0.5319171
0.2740249
0.3867131
0.2108516
0.1126025
-0.1048816
-0.03834891
0.03098092
0.05473833
0.3306007
0.129072
-0.1250639
-0.1449384
-0.3487905
-0.1776754
-0.1541704
-0.01901473
-0.1250131
-0.1797972
-0.134741
-0.07098936
-0.1472583
-0.1110419
0.09355319
-0.06373336
0.07250406
-0.06787734
0.1525932
0.243598
0.1258151
0.5230722
-0.01738163
-0.16469
0.03791186
-0.3074762
0.2834408
-0.008593393
0.3021486
0.3112988
0.1673786
0.4667118
0.3208185
0.1253665
0.1159327
-0.01952881
-0.1718507
0.161381
0.2789045
0.03820947
-0.1239942
-0.294033
-0.3619547
-0.2612691
-0.310616
-0.1557411
-0.1928028
0.01915645
-0.02214929
-0.05822739
0.03624447
0.08220698
-0.06169299
-0.006868094
0.04659124
-0.2973825
0.09881395
0.1844861
-0.0570234
0.1520338
-0.1453912
-0.09762495
-0.1111451
0.3375349
0.0275184
0.06574121
0.4123076
0.3247697
0.3024928
0.2409536
0.03831266
-0.03394801
0.001978531
0.1716156
0.1604317
0.2089775
-0.1097704
-0.05750414
-0.2701956
-0.3144436
-0.1860403
-0.1567873
-0.2198868
-0.06922895
-0.104335
-0.1288133
-0.1837513
-0.2204062
-0.1943749
0.08281551
0.02667566
0.02469314
-0.1111139
-0.03997703
0.1409756
-0.09397469
0.001620744
-0.2121268
0.2673062
0.5120517
0.1181232
0.02203505
0.4644599
0.129824
0.05294291
0.08303268
0.1138003
-0.02043021
-0.02506002
0.07148574
-0.07939418
0.3163889
0.1863266
0.09616406
0.1747088
-0.004367987
0.07346832
0.1651957
-0.06352041
0.1821076
-0.3422278
-0.1844721
-0.1861081
-0.227608
-0.2425171
0.1352005
-0.03916705
-0.01550629
-0.09629756
0.1490283
0.1868524
0.02789844
0.6274803
0.3323653
0.173537
0.2135133
-0.2105086
-0.06650634
-0.314659
-0.2897889
-0.3465677
-0.4224253
-0.5693871
-0.4713545
-0.03636586
-0.4091245
-0.1688807
-0.1782213
-0.04123202
-0.1419862
-0.4992649
-0.5545221
-0.4651523
-0.2091558
-0.4751585
0.1331166
-0.2466552
-0.09039016
0.06086372
-0.1686956
-0.1588511
-0.2080353
0.1379401
0.613264
0.1494809
-0.03799811
-0.1877971
0.1723744
0.06920564
0.002476163
-0.224283
-0.2411289
-0.3284864
-0.1979978
-0.458022
-0.4192357
-0.3777233
-0.4331422
-0.2000394
-0.3221743
-0.358864
-0.1224161
-0.2077141
-0.2552192
-0.4819565
-0.4864456
-0.4489767
-0.1618126
-0.3991262
0.3670569
0.02302312
0.06950292
0.3190753
0.1447271
-0.1256043
-0.2638766
0.1004156
0.2736321
0.2060618
0.09752626
-0.02048538
0.1167384
0.3017417
0.2729219
0.1170826
0.1575744
-0.2190577
0.09832731
0.1575316
0.01856605
-0.1467539
0.0690766
-0.2689207
0.1964973
0.2995596
0.5183582
-0.03888191
-0.1793981
0.06093648
0.08551755
-0.2756719
0.0174032
-0.3688944
-0.2773691
-0.4052601
-0.4367102
-0.4233231
-0.03013972
0.007579541
-0.1104978
0.3266745
0.2161694
-0.2367133
-0.1030506
0.09278975
-0.03472373
0.4378253
0.1778941
0.1423185
0.2411172
-0.1503514
-0.2286926
-0.2241056
0.1001206
-0.1674722
0.3169623
0.005668235
-0.08289264
-0.05232941
-0.4209486
-0.2232105
-0.1768505
-0.1749801
-0.3589024
-0.09228048
-0.09823655
-0.1912529
-0.06563636
-0.2428759
0.005846878
-0.03864285
0.003446389
0.02242299
0.2135734
0.3237252
0.08683466
0.3748168
0.1678698
0.08967039
0.1499717
0.1578573
0.2643698
-0.06171545
-0.2934392
0.1753932
0.003129673
0.4267963
-0.01944985
0.1041051
-0.01376698
-0.2189133
-0.2131008
-0.1190803
-0.3035534
0.04570465
-0.1986396
-0.3914712
-0.2937419
-0.3050366
-0.5167276
-0.1718262
-0.2374558
-0.06246724
0.09165907
0.02843026
-0.2622528
-0.2457813
0.2451453
0.400413
0.3885495
0.6425796
0.46408
0.5319924
0.1716469
-0.03614399
0.1325641
0.4177174
0.1929074
0.3781095
-0.1952218
-0.1153594
0.1983178
0.002064148
-0.1957174
0.05286628
-0.3400206
-0.01040579
-0.3365568
-0.2968576
-0.1912475
-0.08616593
0.0076518
-0.1369231
-0.2107907
0.0041697
-0.3335249
-0.1668653
0.432301
0.133141
0.2457362
0.1192351
0.007698919
0.1046981
0.121389
-0.01530605
0.4044631
0.08183232
0.1179543
-0.008125059
-0.1950082
-0.0732053
-0.03481345
-0.1884994
-0.01282422
-0.2557654
-0.2566568
-0.2018674
-0.2905786
-0.3091149
0.1754752
0.09614966
-0.1712486
-0.1758493
-0.04645423
0.08384691
-0.04700847
0.3805127
0.3757886
0.2390328
0.3745516
0.218271
0.07688259
0.1746697
0.2358405
0.1142856
0.1056477
-0.2024108
-0.06749267
0.1324867
0.1743718
-0.1850545
0.1920395
-0.2352332
-0.1107122
-0.269585
-0.4285695
-0.2909418
0.420726
0.08413918
-0.2432729
-0.220769
-0.334373
-0.06864106
-0.0214952
0.3866169
0.2452267
0.1155857
0.2038566
0.1457107
0.1950715
0.2937088
0.1035802
-0.1825363
-0.1999245
-0.06745139
0.06866903
-0.1748975
0.1170755
0.1647348
-0.09567032
0.150802
0.1081908
0.08575025
-0.01708068
0.04400678
-0.3197166
0.3525052
-0.1407948
0.1302846
0.02572277
-0.1329413
0.4665854
0.5509145
0.3114211
0.05340679
0.0413705
0.5103446
0.2075857
0.4114313
-0.02439286
-0.0371893
0.3145628
0.1178322
-0.0602579
-0.03544361
-0.260979
0.03648708
-0.3166896
-0.2965704
-0.162171
-0.1738213
0.1639449
-0.1395928
-0.2694717
0.09298711
-0.222099
-0.1277091
0.4578179
0.2091805
0.1399753
0.2358922
0.5893032
0.5610283
0.4900995
0.04465535
0.2812082
0.4200764
0.4802153
-0.07804082
0.311783
-0.3755961
-0.06241866
-0.277717
-0.4689215
-0.2700441
0.0738699
0.2033541
-0.3260164
-0.156278
0.1318467
-0.166619
0.131245
0.4849655
-0.1367559
0.154577
0.1927958
0.3392927
0.4237976
0.2160309
0.3274787
0.5355724
0.5078804
-0.02506994
0.210319
-0.1333712
0.2495428
-0.1878155
-0.2720209
0.1898035
0.06898503
0.3724292
-0.3158205
-0.5125863
-0.09773295
-0.1014652
0.05060819
-0.01801036
0.1794324
0.06712994
0.1882297
0.1729946
0.150855
0.4675037
0.4372505
0.3152592
0.3746959
0.436973
-0.1823593
0.4571604
0.2517601
-0.03509975
0.3324028
0.2263271
0.1751575
0.1039524
-0.2967237
-0.05702154
0.09532092
-0.06944344
-0.09779732
0.1867259
0.0259419
0.06456677
0.17174
0.2346117
0.08984265
0.09432007
0.07557855
0.1971792
-0.04943729
0.02390678
0.04544652
-0.06689286
-0.4142779
0.1208227
-0.09832892
0.222344
0.1668981
0.2209153
-0.2142521
-0.1528441
0.1054021
-0.008518527
-0.1858478
0.1081834
0.2232463
0.2393265
0.1803648
0.1118494
0.3595419
-0.1405179
0.04409058
0.06103461
-0.05008936
0.08039794
0.2272657
-0.009321068
0.08516072
-0.107326
-0.1198527
0.1166088
0.08532666
0.4224283
0.3392474
-0.07375911
0.002715614
0.1499528
0.2174401
-0.2010461
0.07435153
-0.3079894
-0.3059164
-0.3770146
-0.450747
-0.4394602
0.0727423
0.1016123
-0.141809
-0.1193477
0.09561864
-0.04704918
0.09400408
0.5356866
0.137826
0.1015026
0.4028
0.5082126
0.04014657
0.1283877
-0.1417036
-0.01158479
-0.2113585
-0.2855335
-0.02619608
0.00895439
0.2647949
-0.1288005
0.02761017
0.1707073
-0.005451015
0.2453397
0.09639134
0.03277487
0.3413005
0.3451351
-0.2212641
0.003174604
-0.3058817
-0.04694929
-0.3845018
-0.3825508
-0.2147338
-0.1527164
0.3713057
-0.3260807
0.06740654
0.1039165
-0.3736938
-0.02382496
0.3823265
0.3883028
0.3642835
0.216002
0.113887
-0.06557763
0.04490921
0.01956025
0.04616055
0.08622241
0.0314304
0.3102158
-0.1198546
0.004506296
0.3487952
0.02969396
-0.03490055
0.6295209
0.627238
0.5076636
0.6953849
0.002617774
0.3322143
0.4140771
0.03449036
0.1671863
0.2438311
0.08735225
0.1235505
-0.2195745
0.003910215
-0.007841376
0.1582848
0.6417335
0.3084804
0.4307526
-0.2214766
0.1913706
0.03800067
-0.1655529
0.03711371
0.08084118
0.2772948
-0.0724478
-0.1791981
0.120391
0.01355941
0.2489703
0.1030626
0.4189513
-0.1617186
0.01954448
-0.09721364
-0.3830352
-0.04120085
0.3036188
0.4671414
-0.338662
-0.1673176
-0.06034178
-0.05108479
0.3437774
0.4453645
0.1518774
0.3848125
0.7047351
0.4285543
0.4483423
-0.0382014
-0.3351559
0.5528796
-0.001809295
0.1046604
0.2295806
0.0673248
-0.117975
0.1622643
0.3590689
-0.1101842
-0.02385481
0.2224136
-0.2531615
0.2498193
-0.1595214
-0.03682815
0.005329165
-0.008935
0.1574274
0.3799714
0.4307061
0.2633732
-0.2348475
-0.2337481
0.2212334
0.03971416
-0.1272938
0.2341933
0.1569442
0.5477123
0.4989765
0.6707855
0.04748073
0.005647734
0.3682767
-0.3023439
0.05739312
0.1168528
-0.09454891
0.6852387
0.5342511
0.02821134
-0.3917394
0.6552639
-0.04241377
0.05283374
0.234821
-0.0382683
0.5959172
-0.2262826
-0.3226172
0.5350834
-0.06642064
0.1596091
0.1280867
-0.1542173
-0.07095224
0.04227383
0.3078615
-0.3469824
-0.05677
0.2337335
-0.03391919
0.2082272
-0.1695328
-0.1078332
-0.1844761
0.08202232
0.1587169
-0.552199
-0.1496348
-0.009623828
-0.1416297
0.07815607
0.1699247
0.1763935
0.1913083
-0.1978571
0.29839
0.01339469
-0.1446568
0.04592159
-0.1296152
0.3004195
