0.4429034
0.4684488
0.505718
0.5096226
0.557767
0.149157
0.01427152
0.06956047
-0.248281
-0.03613927
-0.03257891
0.3316085
0.5822893
0.5523055
0.257071
0.1534528
0.02515795
-0.1950007
-0.3066961
-0.2282202
-0.2164051
-0.1673377
-0.1621539
-0.1060959
-0.4336469
-0.1409237
-0.2180906
0.09066443
0.1081481
-0.2266296
-0.4075455
0.1920159
-0.3670918
-0.4235143
-0.3301519
-0.2540982
-0.4006601
-0.3648147
-0.3868361
-0.2566844
-0.23477
-0.390106
-0.3375724
-0.2762501
-0.2971678
-0.3285807
0.4194938
-0.02159054
-0.3784462
0.768731
0.5888795
0.6783842
0.3543999
0.4425566
0.2913066
0.3957676
0.09605418
0.01773377
-0.03891987
-0.2421591
-0.06082525
-0.102198
0.2994156
0.6275558
0.3732875
0.3218839
0.2912115
-0.2103547
-0.36474
0.1776271
-0.08758118
-0.1076345
-0.06719195
-0.3376361
-0.2657875
-0.289655
-0.2078387
0.1065436
-0.04861418
-0.2082882
0.1751545
-0.1550024
-0.4666115
-0.1445223
-0.4113359
-0.2167221
-0.3034803
-0.4641415
-0.4831014
-0.315431
-0.4297273
-0.3228512
-0.4000329
-0.1681013
0.2664862
0.08869488
-0.2634288
-0.2223127
0.08387069
0.2783873
0.03904516
-0.2175359
-0.1293608
-0.4571247
0.2123064
0.2552869
-0.07710773
0.2211868
-0.03672806
0.1993913
0.6069715
0.5037562
-0.1660561
0.0380726
0.1990886
-0.3834057
-0.1461883
-0.2728578
0.01749062
-0.1139539
-0.1078537
-0.1771128
-0.1353779
-0.04199194
-0.4459368
-0.04295736
0.4446403
-0.1619184
-0.1417785
0.1964166
-0.3947038
-0.4273189
-0.3473692
-0.1435122
-0.4366718
-0.05363751
-0.1114526
-0.1151984
-0.1052002
0.0470545
-0.01814104
0.07788781
-0.184943
-0.01455623
0.1873728
0.03613395
-0.2123956
0.2332248
0.863125
0.2682284
-0.2097223
-0.1477242
-0.2811195
0.2427033
0.3675977
0.02569913
0.1814253
0.1055413
0.09946976
-0.1556157
0.1326239
0.5882128
0.3866379
0.03289994
0.2604062
-0.4402216
-0.3377529
-0.0616715
0.1047567
-0.3140493
-0.08385848
-0.3725258
-0.03370464
-0.1642344
-0.4595623
0.04387681
-0.1259456
0.06388293
0.1683605
0.02265155
-0.2539686
0.1109803
-0.3996118
0.08464478
-0.4172198
-0.3706162
-0.2141887
0.06352504
-0.2174542
-0.02363265
-0.06811751
0.1116386
0.2011976
0.06320452
0.02874356
0.07973056
-0.1135168
0.1678898
0.1150455
0.109272
-0.02242158
0.09897159
0.160931
0.1042459
0.1120557
0.1168542
0.2662811
0.1736854
0.2742869
0.009855255
0.104311
0.06029371
-0.03121253
-0.03283532
0.08423976
0.08359484
0.04207794
-0.09183564
0.103493
-0.2415204
-0.0838227
-0.1473538
0.01018214
0.1213576
0.08629617
-0.1500324
0.04382588
-0.1513355
-0.2979898
-0.1846418
-0.1212766
-0.1686203
-0.1353502
-0.1347379
-0.1449723
0.1471692
-0.09895928
-0.216514
-0.07723497
-0.09429445
0.009994014
0.06170459
0.09445438
0.01072192
0.2549414
0.5969583
0.169298
0.1469229
0.09808752
0.04779938
0.1659797
0.1605141
-0.1462862
0.2061178
0.1923215
0.02547775
0.1347523
0.2606897
0.2102256
0.117131
0.1385302
0.1829732
-0.06986961
-0.2470215
0.004899654
0.1446931
0.01564391
0.0288651
-0.1409244
-0.01641186
-0.2028512
-0.1349719
-0.05502391
-0.003764477
0.03736408
0.06036312
-0.01460841
-0.2648507
-0.2174879
-0.191471
-0.2123463
-0.2033495
-0.2618749
-0.232768
-0.1812251
-0.1787356
-0.223859
-0.09341509
0.01626108
0.06876109
0.02790421
-0.04343249
0.2619769
0.300395
0.5964751
0.6020242
0.5748814
0.1273208
0.1640908
0.3507371
0.3028474
0.2513721
0.3115138
0.3773709
0.3960186
0.6853647
0.2158133
0.3053339
0.3418945
0.1967654
0.07825686
0.3634766
0.4522132
-0.003154233
0.2630878
-0.1155484
0.17831
0.3714969
0.3353327
-0.09484216
0.1434829
-0.04220123
0.4615912
0.2963955
-0.1876718
-0.01681105
-0.255154
-0.1882081
-0.3985598
0.1398965
0.3221017
0.128644
-0.1752219
-0.1299834
-0.07742313
0.4110132
0.3717933
0.250789
0.2125679
0.007041471
0.697203
0.1146507
0.8176407
0.5436563
0.6432746
0.732036
0.2882591
-0.02522145
0.1190935
0.06887632
0.2503747
0.3586069
0.2901125
0.1956353
0.2775888
0.4407906
0.4580633
0.3644099
0.2671117
0.02695397
0.3570325
0.4402943
0.2426326
0.2568863
0.2430533
-0.2448918
0.2301635
0.3788011
0.2660198
0.3887379
0.2295276
0.5210081
-0.2622813
-0.2102818
-0.1359
0.353841
-0.2426606
-0.1860752
-0.1585182
-0.4373871
-0.4471601
0.2067045
-0.1682783
0.1959049
0.3757883
0.043554
0.4685969
0.0853076
0.1463641
0.3597319
0.8680163
0.7561821
0.001567242
-0.02410955
0.1018924
-0.01005545
0.133697
0.3495855
0.2448609
0.2036727
0.5271426
0.1967937
0.02108083
0.2038613
-0.02547474
-0.0859921
0.04210746
0.07801521
-0.1676853
0.2416923
-0.3603181
-0.03617469
0.1476777
0.1047248
-0.1380989
-0.001318889
-0.2949283
0.1516632
-0.009089007
-0.005164329
-0.06541813
-0.1829024
-0.0821545
-0.4341674
-0.3080021
0.01553869
-0.2006241
-0.3988463
-0.3964251
-0.4078847
-0.05347139
-0.133288
0.3371687
-0.09468218
-0.2660707
0.7309938
-0.06090796
0.5959527
0.7796211
0.8200562
0.7591847
0.4047641
-0.01930266
0.1665255
-0.07850202
-0.09384984
0.03469951
0.2296768
0.2780159
0.1270104
0.1479487
0.4172358
0.2884483
0.2139649
-0.02101722
0.4251044
0.07593653
0.1825342
0.1554925
0.2052274
-0.3141983
-0.06773924
0.1377176
0.06791792
0.1799842
-0.1530504
0.2281878
-0.3720499
-0.2595751
-0.1609083
-0.03025792
-0.180957
0.1213646
-0.1389262
-0.4490355
-0.4271246
-0.2268804
-0.3557445
-0.2776011
-0.1395587
0.1508026
0.07560045
-0.2063558
-0.2333644
0.2310343
0.7415081
-0.04637366
-0.09211489
0.01132199
-0.06135193
0.09903496
0.2600311
0.2066225
0.2217719
0.4651446
0.1136862
-0.04650446
0.09879427
-0.1088835
-0.2194936
0.05387488
-0.01488137
-0.254124
0.06414645
-0.4244903
-0.1622324
0.02994102
0.09055795
-0.1758642
-0.1195185
-0.4298191
0.1235975
-0.1828363
-0.02955617
-0.1620636
-0.2189802
-0.2524246
-0.4417987
-0.2903448
-0.1684599
-0.2893274
-0.4806706
-0.4017517
-0.4168392
-0.12702
-0.2259473
0.4852752
-0.1478918
-0.3871026
0.7720167
-0.02583419
0.6832964
0.8585623
0.8851131
0.787695
0.3928263
-0.01561111
0.1839446
-0.1652198
-0.05397823
0.01344283
0.2447772
0.2240273
0.2255037
0.2443206
0.3644569
0.2303023
0.04984703
-0.136438
0.3424605
0.06150935
0.03686993
0.0269852
0.00842978
-0.3629257
-0.1508346
0.02924295
-0.007276849
0.01734546
-0.1274507
0.1984431
-0.3021792
-0.3945635
-0.199763
-0.1326732
-0.1567874
0.03215796
-0.3049802
-0.4909131
-0.4156638
-0.2571493
-0.3533456
-0.2897024
-0.1076785
0.2260235
0.04810924
-0.2708665
-0.3742911
0.07729056
0.001751367
-0.1097549
0.3022785
0.1111822
0.3141528
0.230693
-0.1617222
-0.09202803
0.5490618
0.1218697
-0.02225962
0.416949
0.200713
0.03349586
0.2167991
0.2844625
-0.05231652
0.3118523
-0.09376923
0.06298945
0.4024956
0.1284154
-0.3239388
0.167811
-0.06144965
0.1051346
0.2756523
0.2447996
0.110273
-0.0007675717
0.191427
-0.3532668
-0.01688123
0.07545805
-0.02967765
-0.227978
-0.09910501
-0.2991767
0.2315265
0.1073996
0.07977971
-0.1058388
-0.100292
0.4195784
-0.3697367
0.3863278
0.8432206
0.7955843
0.8994524
0.2962933
-0.05844582
0.1895679
-0.1254714
0.1017827
0.1438763
0.415902
0.1503659
-0.2191825
-0.04947413
0.1668523
0.1355708
0.3467642
0.228523
0.25694
0.2231164
0.3381333
0.2609456
0.4442449
-0.1450936
0.1877165
0.3953739
0.03914634
0.2037665
0.08044733
0.1696058
-0.2947822
-0.01653889
-0.05165542
0.3323464
-0.1342852
0.3166563
0.110761
-0.2715545
-0.4352074
0.07990579
-0.1231943
-0.07021726
-0.04648951
-0.1425859
0.04053301
-0.1620738
-0.1462354
0.1868368
0.6464472
0.2895043
0.4470638
0.1332811
0.3426285
0.1519441
0.009008892
0.2390923
0.3531811
0.3822763
0.2605262
0.5655374
0.08183455
0.285556
0.1902394
0.1537149
0.4002899
0.2585163
0.3403858
-0.09445915
0.1886245
0.2942067
0.2949751
0.1708644
0.2650814
0.08563144
-0.2158401
0.1320031
0.01258031
0.04694248
-0.1121556
-0.06331751
0.2163337
0.3440177
0.09721074
0.1147307
0.2419684
0.0482549
0.2308697
-0.05238076
0.01578008
0.1273656
0.1629844
0.1510431
0.1810898
0.08472295
0.04812734
0.1378306
0.4271747
0.6150888
0.2859368
0.480737
0.3084641
0.1815312
0.1937745
0.3161442
-0.02084923
0.07712854
0.1661978
0.3924656
0.2205129
0.2140313
0.1144553
0.2061653
0.3941157
0.3450683
0.2376961
0.1690153
0.1005017
-0.0198686
0.1176751
0.2857269
0.1964502
0.06862281
-0.2454276
0.0480748
0.1519971
0.03733094
-0.1116856
-0.2092277
0.02770525
0.05697792
-0.1706093
-0.05931459
0.0850444
-0.06754324
0.1088789
-0.07825345
-0.01366804
0.2083211
0.3521599
0.03782861
0.2447848
0.4283762
0.05024745
0.3879752
0.1869627
0.001576451
0.07503048
0.2757936
0.3633325
0.1624018
0.4317012
0.09171518
0.2463034
0.2200175
0.1525891
0.3627991
0.07178868
0.2281105
-0.00983176
0.1209351
0.04757061
0.06047401
0.05221463
0.2080143
0.02945492
-0.3156287
-0.01505318
-0.1206826
-0.1687422
-0.0594715
-0.01345813
0.1199972
0.2933179
0.02725828
-0.08373153
0.2162416
0.04171909
0.1320461
-0.087293
0.1331067
0.1496514
0.07431451
0.2136625
0.201137
-0.07437496
-0.07404157
0.04546309
0.3861168
0.5631054
0.3749861
0.7356916
0.3648895
0.1806271
0.1104248
0.3573471
0.1090784
0.183088
0.1903564
0.3253228
0.2527283
0.1503365
0.2108658
0.1786947
0.4127733
0.3454849
0.08363571
0.01590837
-0.08903719
0.01213131
0.07455133
0.1530994
0.02519642
-0.00240576
-0.04222662
-0.1689743
-0.06018724
-0.01550475
-0.1830432
-0.3369529
-0.1115744
-0.1393297
-0.1131904
-0.05584037
-0.1919714
0.0005695261
0.05022666
-0.07079711
-0.03561115
0.3359247
0.3890431
0.09374929
0.5652549
0.4549418
0.1666768
-0.009281623
0.05896927
0.2585087
0.227614
0.439437
0.4263174
0.5099149
0.3214836
0.7969906
0.7305029
0.08441292
0.5373389
0.1892276
0.3675159
0.2683044
0.0769465
0.04017246
0.3247923
0.292129
0.2462257
0.4493892
0.0167874
0.1132251
0.005577433
0.2044081
-0.1209534
0.4456776
0.452173
0.4172843
0.1383793
0.1288436
0.1649243
0.5625551
0.6006372
-0.2240907
0.04985445
0.3326505
-0.0008543961
-0.08928885
0.0911014
0.1891222
0.17191
0.3829001
0.1357715
0.2407383
0.1870111
0.3709831
0.7013219
0.5215578
0.5784797
0.1310714
-0.1797066
0.09656768
0.1444636
0.2458408
0.3565679
0.3670477
0.3717258
0.7451492
0.4280558
0.4879971
0.576353
0.2066642
0.4276129
0.1923136
0.03908854
0.2642226
0.5621271
0.3394623
-0.2560695
0.05895888
0.0913389
0.5209977
-0.06774479
0.01581158
0.1253391
-0.0863277
-0.1999828
0.4714292
0.08064443
0.4244077
0.4565033
-0.2218451
0.1916032
0.2706432
0.5349874
0.4799124
0.5413297
0.3139535
0.05779489
0.1585008
0.2376889
0.1766621
0.3672734
0.1846072
0.3052014
0.1297483
0.480986
0.6400318
0.1565426
0.3501657
0.1636485
0.3746942
0.1207485
0.1508298
0.1081607
0.246693
0.2615538
0.2377981
0.2907642
-0.0663055
0.08514199
0.08187979
0.01847021
-0.04989226
0.4149606
0.3446163
0.3122903
0.2650385
0.1579253
0.08817667
0.4769065
0.5145697
0.01807277
0.1829649
0.1912483
0.09848841
0.2186943
0.1978439
0.104273
0.1596653
0.2345756
0.3678537
0.4642142
0.2446105
0.4511283
0.6016208
0.6119223
0.443833
0.2168341
0.04554073
0.2078295
0.07588099
0.2875148
0.1164187
0.1463609
0.0748327
0.5847139
0.3762949
0.3677823
0.2584446
0.05401341
0.2875618
0.1441994
0.1297331
0.232567
0.3835032
0.2762609
-0.06443484
0.007628398
0.03632238
0.3249534
0.1137891
-0.1423202
0.06375677
-0.1184478
-0.1218882
0.3395777
-0.0004798006
0.3675801
0.3905556
-0.01628149
0.2873362
0.2971777
0.4049429
0.2036343
0.4053046
-0.1345115
0.1097054
0.1538968
0.1929795
0.1570224
0.07727717
0.2264151
0.09794457
0.2857679
0.5584311
-0.1358255
0.4558181
-0.004521461
0.266658
-0.06421966
-0.1839993
-0.08828286
0.1617575
0.1179329
0.1555265
0.1072436
-0.0285128
-0.1927766
0.04824909
0.04118239
-0.2057576
0.1752447
-0.01621352
0.1218005
-0.04448162
0.1412009
0.005445846
0.2300922
0.3154484
-0.1491703
-0.2057176
-0.006343362
0.03138976
0.0436915
0.04581336
0.1901627
0.3516655
0.3194043
0.454971
0.3581125
0.1508724
0.2053553
0.4305176
0.6196042
0.6134245
0.4063166
-0.03972584
0.115419
0.09803918
0.3124787
-0.02907365
0.07921467
0.3760988
0.6225861
0.2855822
0.4765942
0.1658415
0.2259291
0.3495727
-0.008264423
-0.07806793
0.05459385
0.5018584
0.4238182
0.03506602
-0.161721
0.190998
0.2785609
0.0744866
0.04494335
-0.05963444
-0.133745
-0.2019559
0.265746
0.09897785
0.1734
0.314934
-0.2056488
0.06817816
-0.09817593
0.129271
0.2896062
0.2052176
0.1671149
0.3049783
0.3351969
0.09015946
0.07073613
0.1455569
-0.07820015
0.1734219
0.1618235
-0.1550772
0.4530115
-0.01900711
0.2014652
0.03397107
0.01200907
0.1079438
0.1124692
-0.0008298658
0.3699333
-0.04087942
-0.3784309
-0.2717608
-0.1531807
-0.2552491
-0.3477345
-0.2307157
0.002712567
-0.02277569
-0.2084748
-0.1102756
-0.1136288
0.0001728343
0.07172093
-0.05824961
0.01808704
-0.1745655
0.3159383
0.3484562
0.3302594
0.2424551
0.3756441
0.316621
0.8294194
0.5542819
0.09401867
0.4053082
0.1846184
0.2610219
0.3087683
0.9069438
0.1123343
0.1047063
0.3830488
0.583575
0.06237048
-0.08410812
0.458323
0.2534695
0.2208286
0.4764547
0.1372785
-0.06849642
0.04120765
0.004364513
-0.1234703
0.2598189
0.05863641
0.3212387
-0.2778945
-0.2358015
-0.014279
-0.0402727
-0.1708569
-0.1750351
-0.2369455
-0.3500774
-0.3316082
-0.1626129
-0.130536
-0.1781029
-0.03854359
-0.0727915
-0.0942237
-0.003438938
0.1026587
0.3461455
0.7402333
0.2031524
0.1365331
0.305852
-0.0757778
-0.1273825
-0.08486858
0.09423596
-0.06811657
-0.09910622
0.02955909
-0.1606186
-0.02334828
-0.1752917
0.08170738
0.3763696
-0.08269366
-0.1983162
0.4000433
-0.2289195
-0.4482273
-0.2570942
-0.354097
-0.377055
-0.2276337
-0.2520354
0.177158
-0.06739752
-0.1314299
-0.2293315
-0.07045193
2.001089e-05
0.01959069
0.34406
0.09417844
-0.1186365
0.5992001
0.5536447
0.5843577
0.04256659
0.1897239
0.03394794
0.1345269
0.08661591
-0.00839781
-0.006708006
0.04809425
0.06085608
-0.1509581
0.1029995
0.6605759
0.6651643
0.4111918
0.3818669
-0.04161456
-0.3138139
0.3355906
0.0487615
-0.191114
0.0005562497
-0.1047571
-0.3268649
-0.1987753
-0.1780868
0.09404376
0.1299569
-0.07181367
0.366905
-0.2703141
-0.2636851
-0.1222115
-0.3044251
-0.1564322
-0.4123446
-0.305461
-0.3396639
-0.1423202
-0.3209632
-0.2381669
-0.1091546
0.1523865
0.2927037
0.3327888
-0.04879363
0.04660662
0.2015894
0.1382283
0.08900173
0.242498
-0.1371218
-0.2113046
-0.171763
0.1132911
0.05810541
-0.3168418
-0.02701354
-0.3001688
-0.08676458
-0.3402788
-0.1687685
0.1407043
-0.08322283
-0.2369904
0.2586537
-0.3543416
-0.3569863
-0.3388443
-0.2909624
-0.2824965
-0.1604394
-0.0761685
0.0007673491
-0.008960643
-0.1142809
-0.1775858
0.01718578
0.01839189
-0.001823222
0.3912739
-0.07377458
0.04550571
0.5533512
0.5209985
0.5436019
0.07327216
0.2628911
0.05130934
0.1115224
0.1348331
0.01507198
0.003878204
0.06979014
0.1605582
0.04410199
0.1340238
0.7276633
0.7179614
0.40941
0.365398
-0.1952347
-0.3978982
0.1751214
0.1535869
-0.3151083
-0.1423288
-0.2400523
-0.1458273
-0.1608137
-0.3666381
-0.06581133
-0.05010826
0.103508
0.4029294
0.03106576
-0.3528761
-0.0650652
-0.24433
-0.06078848
-0.2518321
-0.3469061
-0.2681415
-0.03201075
-0.1587579
-0.1490676
-0.03543896
0.249806
0.310089
0.3714194
-0.1496796
0.1408588
0.2997899
0.5461793
0.3176598
0.6898378
0.2650033
0.3274394
0.2498471
0.4229127
0.1676053
0.2609275
0.1139822
0.215337
0.4451647
0.3475316
-0.02496986
0.6182332
0.194994
0.5439332
0.492248
0.0635104
0.3303773
0.1636744
-0.005942537
-0.3611901
0.02168673
0.3654727
0.4069911
0.101483
-0.05120437
-0.06968559
0.4118354
0.4273424
0.0541786
0.1636953
0.1169963
0.5072991
-0.1159078
0.5765028
0.4657126
0.5092221
0.6063464
0.2670305
0.0008536134
0.1954162
-0.06234816
0.1967521
0.2147723
0.1646937
0.1957955
-0.02793209
0.03653222
0.6796599
0.4822494
0.5636614
0.1075903
0.3237438
0.2649662
0.3624097
0.2580064
0.4623144
-0.1920466
0.2281151
0.5039174
0.1937101
0.7097583
0.2411501
0.4714372
-0.2405948
0.198082
-0.03350722
0.4935757
0.03730364
0.1804762
0.1271789
-0.2924466
-0.4690698
0.1736307
-0.1205237
0.1816815
0.3400564
-0.1188929
0.296308
0.1484018
0.2455537
0.1802818
0.4546324
0.5275382
0.2992363
0.3817516
0.2121326
0.3472538
0.1686796
0.2892703
0.05371982
0.2377637
0.1219501
0.2024693
0.03754929
0.5315157
0.1473514
0.2369061
0.1970237
-0.04429107
0.1935382
0.3379506
0.009053271
-0.2878647
-0.06961128
0.1170301
0.2748663
0.1530319
-0.0306445
-0.07496329
0.1386596
0.1902186
-0.1640982
-0.174132
0.1495182
0.1813618
0.087334
0.1874025
0.1318572
0.1532999
0.2303137
0.2829613
0.2104184
0.333919
0.1906602
0.2837106
0.1314259
0.1667139
0.3254577
0.157325
-0.04620256
0.4646972
0.6377767
0.3563652
0.05775173
0.3694273
0.3116335
0.3300083
0.1947845
0.232571
0.09684781
0.07447499
0.1618875
0.2363921
0.4104254
0.2923669
0.1928632
0.06634752
0.04727266
0.07454374
0.2433441
0.1488422
0.1335837
0.02136742
-0.2464005
-0.3877881
0.06594009
-0.08811696
0.03846448
0.1625046
-0.2540958
-0.007940051
0.1610313
0.3363892
0.05528342
0.4346603
0.4256436
0.4467916
0.3456195
0.4195249
0.3229202
0.235889
0.0912176
0.2570294
0.04912884
0.09328624
0.1923483
0.3492765
0.2595963
0.1739266
0.1908878
-0.1215715
0.2705948
0.2026551
-0.01232528
0.01667416
0.2400865
0.3234648
0.4379433
0.2802573
0.08838914
0.2425706
0.2814943
0.3684764
-0.08389995
0.0009003657
0.2979396
0.1455333
0.1646578
0.2355101
0.009023696
0.001568031
0.1343606
0.1496843
0.2433748
0.2962301
0.2720678
0.3487829
0.309904
0.1545498
0.01369976
0.1355398
0.2555967
0.2613093
0.4584224
0.3044571
0.03938432
0.2681576
0.4123478
0.2767579
0.1369519
0.2677903
0.1508272
0.1551049
0.05092556
0.194336
0.2394476
0.3561733
0.2296445
-0.04514091
0.02477762
0.1454289
0.2305044
0.09356728
-0.07045202
0.0382004
-0.1851098
-0.05879265
0.2429514
0.02210322
0.2284156
0.348887
-0.1714488
0.2137682
0.1233204
0.4352853
0.08138297
0.5965573
0.6096369
0.3630395
0.4613023
0.3735512
0.3773476
0.2855838
0.2173647
0.4784238
0.2534569
-0.1437961
0.7097324
0.3891907
0.2012873
0.6440296
0.292574
0.563536
0.3720498
0.2812782
-0.1058882
0.1684263
0.4459752
0.5738347
0.2822005
0.05185629
0.08973077
0.4746981
0.4744941
-0.3033614
0.07709321
0.4164183
-0.01826405
-0.3956386
0.08242545
0.1796729
0.1483488
0.3494228
-0.02385648
-0.01330547
0.2813393
0.1269793
0.3110009
0.09625757
0.2505645
-4.090632e-05
-0.3494279
-0.2396664
0.3107752
0.3259979
0.7940063
0.3832968
0.2055982
0.2502871
0.5452948
0.3058319
0.6217395
-0.01753117
0.2346113
0.5133778
0.1222711
0.6531826
0.2579973
0.1385543
-0.1560543
0.3602409
-0.08983626
0.6192482
0.02835746
0.3162702
0.3416906
-0.09524502
-0.3039048
0.2662913
-0.1384457
0.2513854
0.2108828
-0.3967398
0.1685225
0.1676348
0.4595518
0.158231
0.4746774
0.4908509
0.4504807
0.3923388
0.5739955
0.4101614
0.5377777
0.1510732
0.08699139
-0.009760716
0.4917553
0.476841
0.2670612
0.4453422
0.08168084
0.3212969
0.1936065
0.2920223
-0.02969138
0.2178806
0.3760353
0.504409
0.2543277
0.3049211
0.3719905
0.3755856
0.4970188
-0.3383524
-0.02494296
0.2960918
-0.1527745
-0.2620516
-0.04080955
0.001497846
-0.01340433
0.1976631
0.1331593
0.2568232
0.2860366
0.4349004
0.3981749
0.2504761
0.3447038
0.08161587
-0.3746731
-0.136719
0.05277702
0.3025139
0.5527525
0.6980359
0.2357508
0.4302735
0.6410894
0.5728419
0.5229285
0.2828473
0.4532253
0.2012638
0.04188205
0.459554
0.40365
0.1596636
-0.2387815
0.2765783
0.1621365
0.4490008
0.04284111
0.05524988
0.2388589
0.1673052
-0.152639
0.2746009
0.171118
0.2434606
0.2755061
-0.362861
-0.009411214
0.2228012
0.4347823
0.08935945
0.2475596
0.4880127
0.5523064
0.2546074
0.3696217
0.3027626
0.3098441
0.04838212
-0.08631148
0.5676046
0.5779805
0.1537414
0.5665281
0.2337652
0.4341822
0.3761155
0.2559392
0.1040946
0.2651578
0.3161872
0.5363089
0.4124107
0.2503323
0.1850923
0.4410071
0.4917515
-0.354387
0.01659936
0.3340631
-0.2041394
-0.1846019
-0.1670432
-0.142777
-0.1608803
0.009059997
-0.228824
-0.1810288
0.03533328
0.1974745
0.2273664
0.06870775
0.03758187
-0.1659843
-0.2944499
-0.2335256
0.1263821
0.1357089
0.5107459
0.3703978
0.2075432
0.2434249
0.4982835
0.2102298
0.470558
0.222523
0.267666
0.3583191
0.03946696
0.3645712
0.3118373
0.05480925
-0.04370652
0.31397
-0.05941069
0.5221164
0.1463406
0.2506377
0.30181
0.06045267
-0.09594277
0.3226635
0.1084228
0.3569826
0.2276793
-0.3888265
0.03927255
0.1341667
0.3609662
-0.001857628
0.6479711
-0.04100711
0.4764471
0.1452073
0.2811404
0.2440638
0.1604295
0.05329772
0.2741004
0.1519336
0.2927644
0.2843651
-0.1612231
-0.05376813
-0.1679603
-0.07154582
-0.2812386
0.3167841
0.3979415
0.3080297
-0.005855174
0.05014946
0.138456
0.5762046
0.5648791
-0.1429485
0.2629114
0.1769024
0.1117911
-0.0250788
0.2248142
0.2201656
0.2160639
0.330737
0.05963679
0.1774163
0.2177908
0.3146684
0.7419742
0.4274923
0.5108954
0.09533798
0.003143274
0.2272638
0.198927
0.3193084
0.3205331
0.3088167
0.3148571
0.7442054
0.2169321
0.4001664
0.4527754
-0.02693995
0.3420865
0.2399819
0.05259452
0.3315392
0.4762892
0.3744107
-0.2421069
-0.05504771
-0.07768346
0.3638443
-0.1139952
-0.2174588
-0.08774634
-0.1385029
-0.3541449
0.3585162
0.001280632
0.4948819
0.5751298
-0.1540384
0.3480293
0.4450242
0.5174793
0.4231008
0.1798928
0.5491221
0.2286668
0.4828013
0.3234595
0.1624955
-0.09383171
0.4737175
0.4231387
0.3477968
0.569101
0.004431228
0.08925457
0.1293494
0.1777145
-0.2109519
0.5174833
0.4293508
0.4213673
0.2422692
0.2236536
0.1441153
0.7400364
0.714397
-0.2604033
0.1519654
0.2525653
0.006505637
-0.0669667
0.1016154
0.1187015
0.2006998
0.3419306
0.09409988
0.1254287
0.2506509
0.3292345
0.6422103
0.598404
0.4816086
0.07028909
-0.07443565
0.1028691
0.2118799
0.3008839
0.3763627
0.3526653
0.3472885
0.7859754
0.4789077
0.4572895
0.5229411
0.2432395
0.5207971
0.3809519
0.2096458
0.4138252
0.7066576
0.4750143
0.01869424
0.09172725
0.1228187
0.6761691
0.08804765
0.01439796
0.1131237
-0.09665858
-0.2918974
0.6163553
0.05796841
0.6021786
0.6377867
-0.3211282
0.353946
0.3510049
0.5555694
0.3795862
0.1377442
0.2948553
0.4851421
0.2743098
0.3011198
0.1409073
0.3434719
0.4881669
-0.01376647
0.513363
0.4104055
0.7303006
0.6007349
0.3215412
0.5024817
0.3516414
0.4109608
0.3130194
0.555508
0.2510205
0.1688346
0.2655791
0.3177799
-0.04922578
0.06409325
0.3844383
-0.2184999
-0.1295563
-0.1929728
-0.2036809
-0.2721424
-0.1258413
-0.1511021
-0.1258055
0.04895252
0.03937947
0.04077526
0.01341077
-0.1361725
-0.2886816
-0.2972478
-0.2008231
-0.140141
-0.1061461
0.4919911
0.3965396
-0.04355525
-0.06455779
0.6395443
0.1967976
0.3179174
0.1349156
0.3377301
0.2808344
0.3123464
0.335893
0.05103422
-0.1724864
-0.004371759
0.5833181
0.126727
0.3325786
0.4881194
0.3774414
0.6231423
0.290482
0.3093298
0.3039702
0.1163179
0.1726642
-0.01546548
-0.07760331
-0.06841834
0.1065451
0.1379251
-0.2158058
0.1531212
0.5230021
0.1628064
0.04454724
-0.02668211
0.3099398
0.2200149
0.3087305
0.3566262
-0.112361
0.007343645
-0.01052281
0.2449963
-0.2399706
0.02074371
0.33348
0.2157642
-0.05439415
0.09335645
0.07285987
0.3773443
0.3602124
-0.2804438
-0.02214862
0.07966681
0.04500161
-0.1419613
0.04782136
0.166861
0.272789
0.2947733
0.391769
0.2985855
0.3100019
0.4221304
0.4251003
0.3264265
0.4906745
0.3509949
-0.1472118
0.04167876
0.1838225
0.3424611
0.5130317
0.4761932
0.450946
0.4720772
0.6322062
0.7818159
0.4587718
0.0845161
0.3637034
0.2260307
0.01509419
0.4295537
0.3228569
0.2464369
-0.2764763
0.08231181
0.0741392
0.2766663
-0.1359731
-0.02709092
0.08747963
-0.03320146
-0.3051692
0.1277075
-0.07360796
0.1650127
0.2291938
-0.2837131
0.1095727
0.2084999
0.345411
0.4539536
0.5418997
0.2937046
0.01131295
0.01868394
0.3824561
0.8048181
0.4553244
0.5651688
0.2777025
0.308812
0.2916703
0.4947812
0.2096615
0.3864924
0.295832
0.2785693
0.4612956
0.7707022
0.4638425
0.4345417
0.4931414
-0.2340596
0.07346871
0.2565109
-0.3842879
-0.225965
-0.2370165
-0.321941
-0.2870698
-0.1152115
-0.1355007
-0.06462121
-0.2685021
0.1293046
0.1083201
0.1086603
-0.08091065
-0.03355116
-0.4599925
-0.1964071
-0.02533061
-0.05582099
0.23833
0.4213898
-0.0254763
0.01499266
0.2260798
0.2559144
0.4006554
0.5016075
0.5631583
0.259113
-0.1388396
0.2325963
0.3210778
0.1661763
-0.2274043
0.3991678
0.2434302
0.5012315
0.0820666
0.1841769
0.3655213
0.5426057
0.1276383
0.3511791
0.6582764
0.2491505
0.09069372
-0.1660852
-0.0517286
0.113529
0.1063774
0.02863934
0.1425709
0.1853631
0.05397833
0.4069892
0.6537296
0.468232
0.4585406
0.07643969
0.2539826
0.3207407
0.3776545
0.07704606
0.363253
0.3943354
0.3122417
0.3183395
0.6091802
0.3936708
0.4596328
0.5250753
-0.1511429
-0.03291819
0.1797315
-0.06676451
-0.04296292
-0.0154868
-0.134096
-0.06885709
0.06531516
0.1777759
0.0999333
0.09819324
0.1791873
0.2612074
0.3406834
0.02119468
0.08397793
-0.1649798
0.005399425
0.1457596
0.2011069
0.2874546
0.4905787
0.231641
0.358512
0.5123889
0.6072702
0.4098353
0.4457268
0.7912739
0.1540488
0.1827288
0.395536
0.5023243
0.3977385
-0.120007
0.3448193
0.4610246
0.4492468
0.2424499
0.1284967
0.3556866
0.4715625
0.066919
0.4093851
0.4922205
0.3057379
0.3065861
-0.1984223
0.0126948
0.2067778
0.2707658
0.1828406
0.5477341
-0.04199793
0.2869089
0.3074475
0.1956534
0.7262953
0.2239323
0.374963
0.0677461
0.2534294
-0.04208908
0.3690673
0.6024857
0.2726302
0.1655479
0.1004009
-0.1073752
0.665009
0.4763139
-0.255996
0.4955091
0.3105364
-0.06442337
-0.3935265
0.09108467
0.1976923
0.115042
0.3660775
-0.1703223
-0.3494258
-0.1449022
-0.0969485
0.1903052
0.209146
0.03375454
-0.04328841
-0.407369
-0.1466427
0.004968864
-0.127529
0.5123092
0.2999429
0.03290866
0.1345175
0.3111829
0.1789253
0.5951711
-0.2089696
0.3072725
0.9363658
0.3433724
0.4889783
-0.005783808
0.04033646
-0.1728026
0.4286609
-0.1745687
0.6778092
-0.1733159
0.1454551
0.4670292
-0.01521377
-0.2454413
0.4739415
0.00636785
0.4173871
0.1769386
-0.2771828
0.2874137
0.4115785
0.218086
0.2765084
0.3806311
0.196209
0.02427825
0.1254537
0.3637233
-0.1542486
0.3261049
0.03491674
-0.03643761
-0.1594256
0.1241988
0.5496675
0.162671
0.07644604
-0.02446413
-0.04420511
0.3569531
0.2512986
-0.0708295
0.4237673
0.101183
0.1597998
-0.03028311
0.2244707
0.1617301
0.02654873
0.2178286
-0.05226635
-0.1856127
-0.0111343
-0.194493
0.1340438
0.08375629
-0.1395962
-0.1072234
-0.04754719
-0.009570698
-0.0134616
-0.01488985
0.2790933
0.04202294
-0.03177691
0.1118123
0.2335877
0.1040687
0.2788946
-0.2616885
0.1740145
0.5928649
0.8103486
0.4611181
-0.05174514
0.02293706
-0.08337306
0.3055339
0.03532029
0.2947489
-0.1111789
-0.173452
0.2669842
-0.01380261
-0.2808566
0.185482
-0.08436158
0.2134698
0.1880635
-0.1253556
0.2620418
0.3613183
0.1978946
0.1253124
0.09962473
0.0397359
0.09929343
-0.1066843
-0.2053519
0.03676536
0.05680132
-0.07110288
0.1078127
-0.003586978
0.4012497
0.07605803
0.2233195
-0.01940241
0.05830085
0.04713235
0.1273157
0.0690589
0.2016711
-0.007136595
0.06795032
0.3378103
0.02216271
-0.1783112
-0.1589263
-0.2296653
0.0824484
0.1955405
-0.1813299
-0.06037446
0.07065887
0.2483149
-0.0908654
0.05194365
0.0262438
0.1221602
-0.001741594
-0.003878327
-0.1339982
-0.1579143
0.01594848
0.04103842
-0.02957487
0.0398376
0.1333147
-0.007720626
-0.0006970478
-0.07644009
0.3547163
0.1647657
-0.04931863
0.02548327
-0.2373302
0.2655987
0.2171512
-0.2125225
0.1806763
-0.124959
0.1436777
0.07052973
0.1285992
-0.02194538
0.07343347
0.05402825
0.1043931
0.2320344
0.03027507
0.08643463
0.07178061
0.1098101
0.6042379
0.3775865
0.5877142
0.1862261
0.5024272
0.4577402
0.3274816
-0.0688281
0.1715562
0.4340816
0.688249
0.5853848
0.2706734
0.2128124
0.5138942
0.6557754
-0.3681713
0.1012362
0.3379437
-0.09515285
-0.1303762
-0.05465087
0.02617213
-0.03430872
0.1287647
-0.02536928
0.01819342
0.1018932
0.02942797
0.3688918
0.1896463
0.1338206
0.01827459
-0.2988736
-0.2999805
0.3977298
0.3963352
0.4952269
0.206423
0.1026053
0.3231059
0.3743879
0.2383781
0.5618627
0.2213629
0.3628916
0.3611388
0.05369914
0.698371
0.5225414
0.3495584
0.02958183
0.5914986
0.2335359
0.6141981
0.2522778
0.3580306
0.4236977
0.1302385
-0.1578913
0.3302315
0.1352515
0.4054756
0.4303208
-0.3959391
0.1464125
0.2697515
0.5448934
0.1788753
0.3878633
0.6594911
0.356668
0.4483988
0.4713855
0.5269616
0.2873659
0.4951514
0.4222098
0.4918237
0.646852
0.7127686
0.4397158
0.5748019
0.6637563
-0.382248
0.04910793
0.3767326
-0.4256859
-0.1669425
-0.317298
-0.3569186
-0.3120614
-0.1269103
-0.1228413
-0.05731111
-0.1513345
0.1730898
0.1762607
0.2166277
-0.08586599
-0.0848315
-0.4571148
-0.2981648
0.02700968
0.04979634
0.2693267
0.4336766
0.02785781
0.1942694
0.3767878
0.3208257
0.4769511
0.6039387
0.680112
0.2834837
-0.01024459
0.3818165
0.5300541
0.2667969
-0.07700245
0.5481086
0.3788887
0.6636543
0.284983
0.3412532
0.4919041
0.5208042
0.2175121
0.5389342
0.5935837
0.4693912
0.264573
-0.3457569
-0.03401808
0.2091341
0.3187072
0.08672576
0.3091383
-0.254405
-0.09725322
-0.1706211
-0.0559404
-0.3182562
0.05247931
0.2644935
0.3061502
0.07155008
0.3049897
0.3229201
0.4272297
0.5195721
0.04355923
0.1893616
-0.0008846851
0.3250555
0.1897986
0.4579618
0.07355271
0.2240581
0.2711098
0.2588299
0.09088618
-0.04066217
0.0851055
0.2583978
0.3156541
0.0193261
0.2469712
0.09985823
0.3108211
0.5812757
0.3960122
0.2088549
0.1527869
0.3570143
0.2650158
0.1316955
0.383083
0.2344291
0.05907393
0.3742505
0.2301607
-0.1236132
0.4812669
0.3859889
0.7107597
-0.3095656
0.04198875
0.1129937
0.3333511
-0.1088369
-0.2289961
-0.06758045
-0.01231823
-0.2798825
0.1294707
0.2179425
0.2295457
0.4373486
-0.02400689
0.2494602
0.2084026
0.1960177
0.2811875
0.3884147
0.5803421
0.3547225
0.4751835
0.1324903
0.557953
0.6634157
0.481041
0.4960275
0.4019478
0.1083218
0.7285797
0.7336472
-0.3385694
0.3049189
0.4237561
-0.2152354
-0.3700214
-0.07654023
-0.01445307
-0.07074366
0.22629
-0.1852218
-0.2816513
-0.07787006
0.08127115
0.3034113
0.2418813
0.1311268
-0.1427714
-0.5012447
-0.2987341
0.0256563
-0.01823451
0.5983932
0.4796549
0.0200668
0.2885117
0.5499928
0.3530563
0.6522666
0.140931
0.6008089
0.724399
0.2339789
0.6013674
0.3820767
0.1880889
-0.1545854
0.5822324
0.04910594
0.8864353
0.06474341
0.291642
0.5680227
0.1897895
-0.08589335
0.6358057
0.231887
0.5183662
0.3198225
-0.3457392
0.2661344
0.3339068
0.3773214
0.2038451
0.6251666
0.6707454
0.512189
0.6096543
0.3767621
0.1097992
0.0507745
0.4604611
0.2149159
-0.03481125
0.1233471
0.1105065
0.1638756
-0.2498265
0.391471
-0.3236163
-0.4804287
-0.3465763
-0.01961798
-0.003071236
0.0006049706
-0.328772
-0.2725931
-0.03854951
-0.1635396
-0.1210295
-0.05704304
0.05173259
-0.3568803
-0.4861339
-0.3637645
-0.1946395
-0.3466094
0.2498902
0.2288691
-0.2409571
-0.226608
0.246102
-0.09975558
0.2420978
0.2007127
0.2206439
0.1560603
-0.09328096
-0.02765332
-0.0504543
-0.3051172
0.07348757
0.4645568
-0.03155533
0.3362172
0.5380468
0.832627
0.6385414
0.3404155
0.4792798
0.3266991
0.1912
0.08098333
-0.2343438
0.1091645
-0.2065152
-0.1518493
-0.2059984
-0.2643105
0.6862589
0.4814854
0.5404288
0.3385182
0.430368
0.3705148
0.6469034
0.2326353
0.1974417
0.2634321
0.324882
-0.004153838
0.02761559
0.576668
-0.223911
-0.3766925
-0.1692514
-0.04785585
-0.1858336
0.01149954
-0.2684953
-0.2065485
-0.00721888
-0.1039942
-0.0004775841
-0.07825044
-0.0773193
-0.3382494
-0.4465892
-0.3415098
-0.0345383
-0.1430749
0.5493759
0.2601936
-0.231083
-0.1733826
0.4703805
-0.0232342
0.3800818
0.08674821
0.2670837
0.3669421
0.2524824
0.3740975
-0.03864655
-0.256107
0.03346247
0.6880951
0.04793109
0.4504234
0.4293784
0.5740586
0.743967
0.3292412
0.3271521
0.3236227
0.1332503
0.1666585
-0.0590309
-0.05958334
-0.03241021
0.09196737
0.1425261
-0.1933806
0.4848788
0.4730783
0.3061084
0.07879786
0.2335969
0.6204903
0.3661368
0.1429313
0.08766289
0.1440868
-0.08892464
-0.2836615
0.3407547
-0.3261004
-0.1710792
-0.338619
-0.1821272
-0.2159173
-0.1730794
-0.09494861
-0.05440157
0.106817
-0.1071065
-0.02154371
-0.02060369
-0.05135741
-0.1372287
-0.3135266
-0.449394
-0.1195649
-0.005947817
0.2746674
0.2014162
-0.1865851
-0.1148255
0.3746929
0.03121974
0.2660069
0.3609083
0.3145076
0.04427228
0.1338443
0.1791624
0.115553
-0.2500917
0.1838169
0.5510808
0.2313203
0.2765083
0.676122
0.7034994
0.6108465
0.3356668
0.3201165
0.2704833
0.2379922
0.04529868
-0.1196855
-0.1239102
-0.2852648
-0.09312452
0.03671444
-0.2955504
0.3483511
0.3863486
0.2752814
0.1914787
0.4424527
0.5505823
0.3008637
0.2920383
0.2589126
-0.2509376
-0.1805898
0.3648375
-0.3902602
-0.4583772
-0.4192935
-0.107076
-0.1515344
0.02658786
-0.2534601
-0.1840536
-0.07617565
-0.07645177
0.02131778
0.0075299
0.08198226
-0.2496353
-0.5083636
-0.3422958
-0.2716281
-0.3216618
0.2838604
0.4419547
-0.1905505
-0.1111167
0.311165
0.1194881
0.4140003
0.5052492
0.4417318
0.2221951
0.02130325
0.04205294
0.1801961
-0.198866
-0.001726483
0.5363364
0.3565783
0.4257859
0.2192495
0.5611623
0.6411963
0.5924654
0.2546941
0.3692305
0.4854258
0.09059219
-0.1484678
-0.1973022
-0.1231681
-0.01459868
0.0846994
0.02856438
0.469856
0.1420807
0.03896276
0.5664689
0.2340262
0.2198347
-0.04399016
0.05150797
0.2455406
-0.04303691
0.5605349
-0.4535905
-0.1004457
-0.4312134
-0.4567867
-0.4375115
-0.4638669
-0.3705442
-0.132752
-0.219635
0.02255229
-0.1311608
-0.01763969
-0.1587507
-0.34886
-0.300826
-0.1010751
-0.3313157
-0.4578049
-0.01450075
-0.04391319
-0.3721518
-0.3513273
0.0755118
-0.2380435
-0.07331083
0.2119747
0.1074502
-0.1416546
-0.09743827
-0.2281054
-0.1646752
-0.4065857
0.2272416
0.4065444
0.0237661
0.03154572
0.5376495
0.471624
0.5556116
0.4876679
0.909034
0.3125258
0.272956
0.08724994
-0.2092445
0.3438975
-0.1833141
-0.1151607
-0.09812001
-0.2532234
0.4565392
0.2815396
0.5272277
0.4622524
0.2893836
0.5948973
0.6227022
-0.007392316
0.195139
0.4895209
-0.3096762
-0.1379333
-0.1486732
-0.1905265
-0.1659576
-0.003878398
-0.2671261
-0.1056862
-0.01581113
0.1390488
0.4089216
0.4022588
0.1781798
-0.2678204
-0.2347874
0.02091494
-0.1698317
-0.2258221
0.1173693
0.2429583
-0.1495844
0.380764
0.2242818
0.09347253
0.2694436
0.3791915
0.5591321
0.2707855
0.1797957
0.04243394
0.4650596
0.1279699
0.1742672
0.3238368
0.198376
0.6320816
0.3365932
0.2306066
0.3946523
0.3733001
0.3692093
0.9047894
0.4295079
0.5745238
0.4165384
0.02380428
0.1808924
0.2663358
0.2799736
0.07782079
0.4446373
0.4101865
0.1561835
0.1131733
0.7407982
0.6887818
-0.1628779
0.4524479
0.427315
-0.03282161
-0.2021327
0.07015371
-0.07556393
-0.05782022
0.1255029
-0.1795873
-0.1126369
-0.06722743
0.0531009
0.3485936
0.3645171
0.1083006
-0.1609423
-0.2714062
0.09231723
0.08539059
-0.01364044
0.4632926
0.283083
0.06365588
0.3023202
0.3640874
0.2844222
0.6098567
-0.1002172
0.4406531
0.5764971
0.4615685
0.6094114
0.2114887
0.1888155
-0.2503555
0.5361119
0.07604617
0.571816
0.04617743
0.05743202
0.5242999
0.125459
0.0316201
0.5124887
0.09386335
0.5337736
0.40618
-0.1121955
0.413882
0.4370204
0.4715366
0.3605987
0.4059326
0.2028837
0.4068834
0.4863073
0.5785003
-0.4238854
0.2365521
0.5260078
-0.1624785
-0.1134006
-0.04519556
-0.1652224
-0.2580137
-0.03541153
-0.09398524
0.1414314
0.1566976
0.174631
0.3484824
0.2081333
0.04049112
-0.06146611
-0.2524693
-0.1530503
0.2877114
0.2083138
0.4360582
0.2155994
-0.01830517
0.2730444
0.309878
0.2557676
0.4578106
0.1862643
0.236256
0.3069679
0.05589758
0.505977
0.4034325
0.2150267
0.05887563
0.4378546
0.1626119
0.5449214
0.005555607
0.1127523
0.3533515
0.1744269
-0.06901642
0.3597179
0.08730761
0.4312052
0.4342168
-0.4460507
0.1655225
0.3836473
0.7559289
0.2369729
0.4737562
0.2751163
0.4082489
0.5239405
-0.08943337
0.09322204
0.4984927
-0.418754
-0.01514865
-0.304702
-0.3583106
-0.3949124
-0.254635
-0.2851959
-0.09430342
-0.1202759
0.05938346
0.2490639
0.1743262
-0.04947669
-0.2737807
-0.2956344
-0.2291838
-0.04395488
-0.04835327
0.1827818
0.1266798
-0.3151099
0.07879405
0.228125
-0.1274935
0.2750966
0.3230367
0.3045865
0.1315948
0.08261528
0.2407112
0.2965399
-0.03349628
0.2334093
0.7034091
0.2020232
0.4441958
0.5585896
0.4595602
0.6326262
0.3858233
0.4583271
0.4456081
0.3387291
0.4495468
0.2336456
0.01342061
0.06630781
0.184137
0.2804061
-0.1207166
0.5315211
0.3683335
0.4398323
-0.2296305
-0.0864012
0.1474253
-0.3819484
-0.1064956
-0.2320111
-0.2874533
-0.3065452
-0.1208787
-0.1221147
-0.086497
-0.2022948
-0.001251602
0.08589468
0.1283727
-0.08316892
-0.1174326
-0.3106251
-0.2052669
-0.2061888
-0.09486889
-0.03890873
0.397896
-0.1910286
0.08780888
0.08553384
0.1904231
0.2108699
0.5824024
0.6746045
0.06817709
-0.02997082
0.03506277
0.3957261
0.1179163
-0.02808235
0.3472484
0.4910065
0.4267326
0.2127966
0.1934009
0.3463343
0.6457073
0.1912019
0.4103461
0.8506606
0.2175476
0.1513856
-0.2344669
-0.1222496
0.01504704
0.02810012
-0.09284973
0.1369028
0.3464905
-0.1562892
-0.005486164
0.3639118
-0.3017272
-0.04099534
-0.1479561
-0.4125073
-0.4019677
-0.2625018
-0.1002366
0.2125078
0.08048891
0.1593789
0.1751395
0.05946902
-0.06563412
-0.1188289
-0.1366537
0.03685209
0.04072607
-0.0524787
0.07680467
0.2539242
-0.09180231
0.01286369
0.07158449
0.145993
0.04106977
0.4267885
0.3074617
-0.1054483
-0.05664199
0.03580367
0.2483271
0.1328253
0.1707531
0.1731479
0.3514263
0.2180788
0.1430307
-0.0202492
0.1794453
0.5276529
0.2790113
0.2707917
0.4733097
0.1934835
0.2426695
-0.1138917
-0.06830805
0.2074302
0.2760019
-0.06894872
0.8362976
-0.274665
0.4537835
0.3616218
-0.08846471
-0.1970164
0.07603736
0.02635805
0.08051981
0.2462665
-0.2131219
-0.1697421
-0.04023838
0.07203176
0.5213925
0.5051745
0.2328865
-0.1523356
-0.2070071
0.1248893
0.1288294
0.06791408
0.4243808
0.3686906
0.0834634
0.5400923
0.3101585
0.3025036
0.5914823
0.08220005
0.5714562
0.6677105
0.2445137
0.5368623
0.5302555
0.4008332
-0.0716941
0.4080588
0.03125792
0.7781277
0.009122412
0.06301051
0.3695754
0.1040518
-0.1630122
0.6760669
0.1801514
0.7463426
0.60894
-0.3073452
0.5195233
0.4927129
0.5184398
0.4384517
-0.2452627
0.3342953
0.4074292
-0.1042652
-0.02047538
0.06446137
-0.04601789
-0.03182127
0.1781698
-0.09485235
-0.005252624
0.0002600323
0.1764491
0.609948
0.5272241
0.2623597
-0.07860057
-0.2341428
0.06315632
0.197855
0.1797121
0.350346
0.3195608
0.1046317
0.6045316
0.3444376
0.367033
0.5410174
0.2134204
0.6366306
0.4921938
0.139187
0.5936534
0.6644367
0.5158812
-0.07302494
0.4288117
0.1814067
0.7890062
0.1603273
0.06118459
0.3593035
0.1745814
-0.03555953
0.7308251
0.3262332
0.6986833
0.7133553
-0.2585976
0.379236
0.4514195
0.562181
0.2954807
-0.1067421
-0.0507145
0.5673052
0.2179148
0.522497
0.3040621
0.4312398
0.1922346
0.05634711
-0.06296668
-0.07878124
-0.1270278
-0.1520174
0.03415883
0.0390932
-0.05025927
0.3759567
0.5072952
0.232468
-0.05511527
-0.2035416
-0.3511303
-0.02231992
-0.2363156
-0.1620593
-0.2998576
-0.3626683
-0.2946183
-0.232566
-0.3037634
-0.1158437
-0.2863871
-0.3426532
-0.005673006
-0.1220884
-0.3083436
-0.3054781
-0.3944949
0.2495491
0.03563779
-0.153045
-0.1290411
0.286166
-0.1891878
-0.1255832
-0.2685236
-0.1355639
0.8862353
0.09445177
-0.3264639
-0.4873641
-0.1373311
0.1111171
0.03450726
0.09471866
0.125874
-0.07011604
-0.07088056
-0.05100589
-0.1867305
-0.1161267
-0.1560802
0.0009718611
0.2320112
0.1916596
-0.01791925
-0.06146745
-0.100062
0.06964558
0.06192496
-0.06633651
0.1509122
-0.02830031
-0.1626004
0.1259046
-0.05599167
-0.03800815
0.1850938
-0.3561647
0.02582736
0.4979668
0.2115132
0.3515886
-0.0482765
0.1084725
-0.03411758
0.1669468
-0.2583314
0.212587
-0.244322
-0.3080545
0.05465751
-0.1024493
-0.1386915
0.2340356
-0.2052192
0.444433
0.3400249
0.01885229
0.5495829
0.5401215
0.3408043
0.2770383
-0.3206824
-0.2038275
-0.2038609
-0.2766004
-0.2801063
-0.1738706
-0.3390874
-0.05490193
-0.1016261
0.1121672
0.259122
0.2341215
0.08330138
-0.1704966
-0.2593331
0.08126267
0.02216347
-0.05744335
0.4302892
0.09946888
-0.05340032
0.03847808
0.2768536
-0.01638974
0.3227824
0.1347031
0.2195299
0.2586225
0.08907227
0.2488664
0.1140067
-0.05071748
0.2096769
0.4526135
-0.02294393
0.4641214
0.2632309
0.3306439
0.6148681
0.337749
0.4145363
0.4547237
0.1287577
0.3357104
0.2171793
-0.00505726
0.1489525
0.1801976
0.4799827
0.1891707
0.3493434
0.9013409
0.6621684
0.7219389
0.6041432
0.3862253
0.06611389
0.1078742
-0.08663212
-0.02182634
0.06357623
0.1058695
0.2496733
0.5633776
0.5139213
0.528188
0.4014161
-0.01640613
-0.292378
0.3152067
0.09666582
-0.04491844
0.003209588
-0.04473959
-0.4081461
-0.1323181
-0.03704651
0.08046258
0.1285428
-0.1074858
0.3454876
-0.3328345
-0.4333813
-0.2196525
-0.237044
-0.2034183
-0.250319
-0.3867912
-0.536964
-0.4241841
-0.3025294
-0.3065957
-0.2652314
0.06930964
0.3581478
0.2943924
-0.1473921
-0.1624288
0.1739536
0.2997778
-0.08600505
-0.03361986
-0.1929562
0.320732
0.3310682
-0.07049084
0.1951017
0.1196001
0.08468093
-0.1023936
0.2785844
0.62107
0.3758748
0.1264814
0.3303874
-0.4422937
-0.4599257
-0.01070004
0.1404103
-0.2772789
-0.1079167
-0.4001633
-0.0344089
-0.1834861
-0.3961364
0.01112518
-0.1104943
0.07272831
0.2226262
0.07422624
-0.3512437
-0.02981746
-0.3867841
-0.006466802
-0.4155405
-0.420593
-0.2894975
-0.0116376
-0.2247841
-0.1054906
-0.1046618
0.09460023
0.2127761
0.1076575
-0.002922322
0.1024564
0.03997717
0.581565
0.6399388
0.6312277
0.3824923
0.05206794
0.1099846
0.007856083
0.1093774
0.1891332
0.1144367
0.2713379
0.5171824
0.5558637
0.5467971
0.4158952
0.05348932
-0.203708
0.274431
0.181971
-0.02939992
0.05725343
-0.00263181
-0.4377751
-0.05201403
0.08859442
0.08503907
0.2128792
-0.05778826
0.3980953
-0.3427952
-0.3902588
-0.2343481
-0.06564683
-0.2369994
-0.3424293
-0.3621679
-0.5221707
-0.4365884
-0.1667619
-0.2265715
-0.09354516
0.2059851
0.3136566
0.349801
-0.0328408
-0.06989366
0.1872416
0.8578228
0.878337
0.3522416
0.003168508
0.1641944
-0.1641215
0.11888
0.07247824
0.3517636
0.180359
0.07688423
0.1407416
0.2140761
0.2252357
0.1365997
-0.03391846
0.2278552
0.1841987
0.1172465
0.0470648
0.2036428
-0.3342736
-0.06841326
0.2086975
0.03137554
0.09022995
-0.03436069
0.1468223
-0.296402
-0.2229244
-0.1609442
0.02836607
-0.1988509
0.0623151
-0.1384779
-0.4462893
-0.5155687
-0.1316913
-0.2563484
-0.2148608
-0.02127606
0.06001971
0.08110908
-0.1657964
-0.2156534
0.1057936
0.8295034
0.4345072
0.08161938
0.1855075
-0.0968788
0.1013084
0.2279108
0.4618987
0.3118108
0.1885947
0.3324995
0.3836501
0.324171
0.1242079
-0.07551939
0.4044951
0.2360674
0.1393817
0.1740978
0.1486977
-0.2798701
-0.01444076
0.1234436
-0.06546807
0.100406
0.02484413
0.3215709
-0.3140775
-0.3514856
-0.1981692
-0.01850031
-0.1349281
0.05810502
-0.2364886
-0.504384
-0.4359553
-0.1055885
-0.2865126
-0.1858593
0.04571268
0.2134703
0.1774942
-0.2459746
-0.2686537
0.2293907
0.4109167
0.008000255
0.2145928
-0.02527693
0.2415321
0.2371834
0.458417
0.2407625
-0.0414836
0.138781
0.2990759
0.2680851
0.2534605
0.1236773
0.3317888
0.3541083
0.2773858
0.2367339
0.365778
-0.212323
0.1558942
0.3583528
0.08114858
0.2044311
0.1443895
0.2915475
-0.379321
-0.1844858
-0.08796323
0.2948193
-0.2261432
0.04568091
-0.07480461
-0.4301526
-0.5377516
0.07235709
-0.1144657
-0.0473931
0.09303744
-0.03550049
0.1321147
-0.08718532
-0.09853368
0.1958501
0.6691185
0.3247324
0.3616595
0.1321534
0.2526943
0.3434653
0.7993413
0.1285173
0.0754564
0.2945007
0.5161191
-0.05698677
-0.04930113
0.3781311
0.2438242
0.2434211
0.4817194
0.002319359
-0.03460407
0.01832562
-0.1754281
-0.102201
0.1082919
0.06077065
0.2652931
-0.2853012
-0.3117062
0.1395816
-0.169356
-0.06797353
-0.1763515
-0.3117042
-0.3677085
-0.3121275
-0.24048
-0.114766
-0.3108707
-0.0978181
-0.01749995
-0.210101
-0.1075167
-0.06769866
0.09548887
0.4272971
0.5884016
0.2882191
0.2482021
0.3532045
0.5575608
0.1326355
0.08289097
0.1655695
0.430027
-0.03573344
0.04092282
0.1819968
0.2440776
0.2127497
0.3388793
-0.03974781
0.175952
-0.1032333
-0.349113
-0.1458308
-0.01392752
0.1467567
0.08404933
0.02677563
-0.2395415
0.143587
-0.2004621
0.01746149
-0.1614648
-0.2354004
-0.1506482
-0.03387263
-0.1226117
-0.1121563
-0.1563719
0.004123746
-0.03325124
-0.2008306
0.1450875
0.2291327
0.0234867
0.2312339
0.2429862
0.003877225
0.2339259
0.03632207
0.1640519
-0.02787207
0.1438221
0.3699917
0.2392612
0.1889788
0.08641708
0.2585349
0.279867
0.2924008
0.003437688
-0.01355971
-0.1027628
-0.08233
0.09983168
0.09654871
0.1634372
-0.01142482
0.1491971
-0.1211291
0.1032374
-0.008105817
0.09324908
-0.01648243
-0.1181437
-0.227447
-0.2133348
0.0576668
-0.3126119
-0.04842168
0.1145241
-0.2197886
-0.08334177
0.2046905
0.2276374
-0.2478752
0.3955367
0.2342414
0.2724515
0.3885489
0.01014124
0.01235731
0.1201561
0.2527293
0.118752
0.268242
0.1756373
0.3405343
0.4128512
0.3648325
0.02864793
0.2081849
0.004012167
-0.09684191
-0.1616322
-0.004480762
0.1638087
-0.01088256
-0.01234079
-0.2615211
-0.1319907
0.07921761
-0.1059081
-0.2204276
-0.2421589
-0.1229976
-0.009331156
0.09469268
-0.0738026
0.1667683
0.03507223
-0.05134011
-0.03424779
0.297987
0.3546643
0.1583704
0.5459568
0.5448236
0.1085678
-0.007044151
0.1956337
0.1698428
0.2841494
0.2012344
0.1635093
0.2185708
0.7596849
0.2803684
0.2984295
0.326371
-0.02287494
0.2685822
0.2281234
0.06105137
0.2489127
0.5336809
0.3224739
0.08234434
0.02575836
-0.05221177
0.419744
0.07787539
-0.1445244
0.02240144
-0.1180321
-0.2030957
0.407802
-0.03303522
0.5816693
0.6230896
-0.1159606
0.3504205
0.527868
0.5235609
0.2719378
0.4415985
0.2504502
-0.07374244
0.3631828
0.1462977
0.2127711
0.09855478
0.1187751
0.3390274
0.6148057
0.2795333
0.381458
0.2929612
0.06751766
0.4287822
0.2004388
0.06683367
0.2645018
0.4596013
0.4996415
-0.07706126
0.06365583
0.1203376
0.3807998
0.1894685
-0.06379195
0.1137866
-0.07771598
-0.006224051
0.4623928
0.108612
0.4761738
0.5289321
0.07107166
0.291761
0.1595216
0.2587921
0.3500338
0.349983
-0.1426282
0.1060647
0.06909966
0.2374781
0.1603577
0.1546181
0.2889406
0.5490376
0.3098548
0.3122642
0.2685317
-0.01180028
0.1112596
0.0189782
-0.1862118
0.03278591
0.2869
0.1569795
-0.1267905
-0.1687605
-0.1570825
0.1845389
-0.007513082
0.07070413
-0.05349083
-0.2951721
-0.2160232
0.1751845
-0.15904
0.07351787
0.2171382
0.04719373
0.1875303
-0.02031198
0.1279687
0.3511064
0.07411011
0.04892297
0.3292176
0.5391499
-0.005342424
-0.1043823
0.4735875
0.1841472
0.1490579
0.4214968
0.08678709
0.002788044
-0.03793277
-0.1158833
-0.2321996
0.1354965
0.003746487
0.237877
-0.277664
-0.3158094
-0.01906487
-0.121436
-0.2010053
-0.1648398
-0.2801788
-0.3349502
-0.314812
-0.2284347
-0.1071454
-0.3085161
-0.1032222
-0.02292426
-0.2134314
-0.1238539
0.03742748
0.3518105
0.6319831
0.2663128
0.3674826
-0.3571201
-0.4747806
0.08557373
0.08136125
-0.3693998
-0.2284786
-0.5184044
-0.2042576
-0.3245303
-0.3588613
0.09622438
-0.2002724
-0.01148492
0.219779
0.2425289
-0.5414687
-0.1169502
-0.4395427
-0.1463426
-0.4636897
-0.5571465
-0.3912853
-0.1747398
-0.2931779
-0.2867658
-0.138049
0.1290019
0.2435479
0.3071525
-0.01057995
-0.02445598
0.05967737
0.2904282
0.1711051
-0.1004761
-0.309246
0.2907844
0.1788774
-0.182429
-0.06948895
-0.2210413
-0.2366724
-0.07974684
-0.1405597
0.01922189
-0.08243219
0.0602209
0.4086003
-0.02142331
-0.3843783
-0.1319002
-0.2076664
-0.1130962
-0.4102511
-0.2888093
-0.2237443
0.01119587
-0.05887645
-0.1257209
0.0367805
0.3076998
0.4190538
0.4531424
-0.04740183
0.01996497
0.2753567
0.5824159
0.2489329
-0.1791374
0.4768709
0.2033952
0.07480676
0.1720812
0.1098064
-0.0956262
-0.005793318
0.02526296
-0.1385314
0.3917116
0.2008616
0.6048186
-0.1048905
-0.1238398
-0.06429973
0.09810841
0.02666464
0.01352397
-0.2404131
-0.2627238
-0.2466076
-0.05216232
-0.1413427
0.09373086
0.3576185
0.1875907
0.2226971
0.1177368
0.2571237
0.3260604
0.1727632
-0.05514396
0.5150563
0.4239111
0.1533394
0.3356671
0.1516285
-0.01288109
0.06580822
-0.09476398
-0.04022561
0.401452
0.3467328
0.5083251
-0.1352914
-0.21347
0.05193636
0.04839013
-0.02424069
-0.1593285
-0.2916389
-0.4201343
-0.446002
-0.1220942
-0.1604234
-0.03440446
0.3149018
-0.1496357
0.117823
0.04389554
0.352512
0.2324068
0.5424912
0.3044643
0.09135851
0.6829999
0.4116962
0.5979724
-0.1083073
0.2101213
0.5495422
0.1199137
0.6712741
0.06494286
0.06194321
-0.2087837
0.4312515
-0.1452265
0.4884777
0.05093678
0.2747041
0.4476267
-0.002925319
-0.196555
0.1853427
-0.2125593
0.1492795
0.1120517
-0.2466785
0.1143615
0.2084113
0.3541937
0.1800279
0.1149931
0.2069434
0.615261
0.5274661
0.4698622
0.2554358
0.4968894
0.3116591
0.06001764
0.3298338
0.197126
-0.03098076
-0.2702668
0.3484312
0.1299553
0.4320706
0.06698934
0.1617645
0.3186627
0.3365789
-0.1502334
0.2767287
0.2308317
0.2065621
0.07861967
-0.3387369
-0.1132995
0.2632774
0.1495552
-0.03527531
0.3803657
0.3329283
0.5159159
0.3456562
0.02792972
0.1763589
0.0174115
-0.05843612
0.2684021
0.239213
0.5282602
-0.361146
-0.230327
0.07118987
0.0909219
-0.04582397
-0.06047014
-0.1680942
-0.2905042
-0.3067451
-0.04934234
-0.1255621
-0.0719285
0.1982527
-0.0389379
-0.05322431
-0.1187397
0.04958335
0.4074969
0.2669176
0.4335919
0.342927
0.14652
0.4309182
0.1671625
0.1772897
0.2927277
0.7328227
0.5576037
0.001385058
-0.09547558
0.1369596
0.4632095
-0.01704979
-0.1994452
-0.1568128
-0.2436073
-0.3540878
0.4840271
0.03288895
0.5867772
0.7237776
-0.2581433
0.3618772
0.3634238
0.4728079
0.3785904
0.6412869
0.5104888
0.1758827
0.3669791
0.340016
0.1950058
0.4527494
0.1854212
0.002016221
-0.2042648
0.3184339
0.03436616
0.4327898
0.1804795
0.2708613
0.3958304
0.04276472
-0.08676119
0.2568167
-0.06866686
0.1100002
0.06139999
-0.1832033
-0.1045474
0.1223527
0.2133139
0.1009164
0.4737469
0.1787938
0.5075396
0.1802395
0.02810627
0.4522731
0.3187636
0.3534477
-0.4320854
0.08252609
0.2577019
0.2888299
-0.04645552
-0.05569297
0.06325165
0.03994238
-0.2615159
0.1922193
0.08765139
0.0844891
0.2062674
-0.3109347
-0.1461439
0.1041048
0.2742237
0.3656876
0.09590057
0.5037287
0.5293261
0.1400475
0.5829145
0.2662857
0.1743494
-0.4201294
0.5225129
0.1447083
0.5943291
0.02627778
0.3307388
0.5606456
0.07149863
-0.2077928
0.3481478
0.124562
0.2922339
0.2462362
-0.333888
0.05224922
0.1691793
0.3725685
0.3859286
0.4446282
-0.2564503
-0.1015031
-0.1829952
0.5679213
0.13071
0.1566963
0.1522971
0.6263731
0.2620956
0.2118918
0.3118981
0.149335
0.5472509
0.2866864
0.4004779
0.6510303
0.06786003
0.03125281
-0.2380884
-0.340049
-0.1012179
0.1413523
0.0180069
0.2965684
0.176069
0.4017589
0.6018755
0.4601636
-0.1606963
0.3928466
0.4838042
0.6479719
0.2652578
0.2095389
0.3948427
0.460112
0.07335975
0.6430827
0.6533391
0.4432749
0.4237009
-0.2541683
0.1018944
0.1626086
0.2034998
0.2016184
0.4096317
0.5653835
0.04759373
0.08221846
-0.08500754
0.4162407
-0.1839833
0.6852901
-0.178736
0.05661521
0.4132974
-0.03417518
-0.3547203
0.4254608
-0.04635154
0.4691669
0.2456944
-0.3648142
0.3926928
0.483748
0.2516753
0.2057465
0.2719601
0.01234585
-0.05686277
0.1171033
0.2213707
0.1862657
0.2054498
0.02942677
-0.09607182
0.2216143
0.03645672
-0.1854268
0.2530497
-0.02793566
0.2307301
0.1838394
-0.158777
0.2208577
0.3293701
0.1939705
-0.01107832
0.2677229
0.4243514
-0.2607716
0.5027341
0.04730249
0.5151826
0.06451244
0.0352523
0.3314854
-0.0631256
-0.3242015
0.229551
-0.09855799
0.3453763
0.4702438
-0.3058662
0.2750107
0.3640331
0.4661707
0.2715153
0.6653858
0.1502181
0.1246748
0.4880869
0.592886
0.1571292
0.02597912
-0.007684773
0.1243062
-0.1040345
0.5977494
0.3877419
0.5392444
0.6798906
-0.3835674
0.2204884
0.2134241
0.4832988
0.2334545
-0.1166512
-0.06727633
0.277107
0.3628677
0.003148138
-0.194142
-0.2205035
-0.09942798
-0.2520405
0.2738011
0.1804104
0.3396773
0.6681656
-0.05654888
0.3833716
0.08468458
0.2725061
0.4262308
0.03839811
0.05710623
0.05522935
0.24275
0.1276293
0.03361963
0.1514375
0.2987832
0.2261624
-0.05596725
0.2757077
0.1449541
-0.1171963
0.1478465
0.2485101
0.1410449
-0.2166648
0.3209971
0.4909496
0.418757
0.5352059
0.8587434
0.5282327
0.3027911
0.3719125
0.2915682
0.334315
0.133559
-0.2116643
-0.01590842
0.2310051
0.2329287
-0.04303084
0.1772762
0.2851892
0.1894792
0.2312917
0.4680428
0.1667678
0.2888958
0.6254351
0.01444508
0.1557668
-0.3063321
-0.3114326
-0.08456498
0.1151478
-0.05787546
0.09278081
0.2954248
0.4885769
0.2105927
-0.1031627
0.7639281
0.3142009
0.6487635
0.4836909
-0.4554527
0.2839555
0.383371
0.4472537
0.2135583
0.5931794
0.4177088
0.2913776
0.5427728
0.3015532
0.2563749
0.1363809
0.1164214
0.2816944
-0.2083362
-0.07429921
-0.07846777
-0.3883645
0.648898
0.3341246
0.4054427
0.2475809
0.2184017
-0.01749327
-0.2377147
0.02211205
-0.311108
-0.2198779
-0.1308476
-0.1277947
0.5072688
0.4063281
0.387148
0.2745937
0.1979008
-0.04101827
-0.1241564
-0.09842267
0.08347543
0.1228384
-0.02646589
0.5155406
0.3293341
0.68548
0.1565158
-0.02957655
-0.03329915
-0.2141424
0.08472659
0.0176205
-0.1032328
0.2311161
0.3031418
0.04813286
-0.1602935
0.4136927
-0.2258454
-0.1653028
-0.1552921
-0.2285517
0.4267373
0.6729361
0.5492832
-0.1828058
0.2288082
0.3773113
0.3853152
0.1317948
0.137061
0.1269805
-0.08397679
-0.2145661
-0.07845168
-0.04957766
-0.0966732
0.7153668
-0.1994442
0.5559327
0.6727836
0.5169422
0.2361545
-0.1088449
0.5317645
0.4736331
0.5508964
0.279634
0.07365309
-0.2452193
-0.4223417
-0.05740771
0.3939105
0.3355684
0.3875763
0.5492214
0.09743099
0.4110782
