0.6591333
0.3072398
0.6239232
0.427956
0.1279182
-0.3956915
0.05637689
-0.09530247
-0.1569676
-0.2955257
-0.2073377
0.2552715
0.5653012
0.07185862
0.440333
0.08496907
0.2442824
0.1331273
0.3683539
0.05062212
-0.407522
-0.1326296
-0.1545589
0.4607544
-0.283403
0.1778619
-0.267393
-0.007120161
-0.2640701
0.1260519
-0.007071455
0.4247048
-0.4874022
-0.4432907
-0.1529549
-0.08489063
-0.2350176
-0.4696088
-0.4716463
-0.1571719
-0.3925994
-0.372875
-0.1721853
-0.2261674
-0.139126
-0.1477064
-0.078286
0.3817082
-0.1349914
0.7636692
0.6634038
0.6713484
0.07038872
0.03815392
0.09353871
0.4095551
-0.2318977
-0.4207449
-0.02758032
-0.3728489
-0.4397414
-0.3317373
0.1108219
0.3906256
-0.1967357
0.3751744
-0.1081004
0.02376059
0.483339
-0.2958139
-0.2908276
-0.1032457
0.2911318
-0.04865857
-0.05319472
0.1249613
-0.1613719
-0.1151085
0.2025202
-0.1376762
0.2717276
-0.1808327
-0.287444
-0.07802088
-0.1158257
-0.3201481
-0.3098697
-0.1843648
-0.09584616
-0.5271606
-0.3668633
-0.1898456
-0.2417413
0.01692964
-0.2459944
0.1333374
0.02126956
-0.3779222
-0.1089458
0.04702878
0.7258771
0.2526198
-0.07443986
-0.3396044
0.1687085
-0.05182492
-0.2291731
-0.1167179
-0.264324
0.1455803
0.6149055
0.2468934
0.4597213
-0.03773269
0.2116449
-0.003882588
0.277546
0.117755
-0.4521374
-0.161226
-0.3226393
0.4319618
-0.2772867
0.1352571
-0.1890936
-0.168527
-0.2273195
0.05575933
-0.1198787
0.4678829
-0.5169506
-0.5250436
-0.3056143
-0.2720852
-0.2703664
-0.5171835
-0.5183678
-0.2131451
-0.2408446
-0.4029844
-0.2097091
-0.2662175
-0.1655795
-0.08978732
-0.2015327
0.1374572
0.07705495
0.6001827
0.8139087
0.6775774
-0.08298594
0.06956337
0.08660663
0.3275735
-0.2815682
-0.4290641
0.113749
-0.4546357
-0.2806226
-0.3177514
0.06225171
0.5420588
-0.101763
0.3767739
-0.2094795
-0.09647936
0.525589
-0.3444372
-0.247901
-0.1331273
0.243567
-0.114939
-0.29965
0.1356715
-0.1356994
-0.2837839
0.2080199
-0.1401842
0.2598799
-0.1958766
-0.1706263
-0.03680373
-0.101502
-0.3678845
-0.2591709
-0.2386471
-0.08054414
-0.4775434
-0.2680378
-0.2524622
-0.2799331
-0.02940967
-0.240046
0.1928206
-0.06861443
-0.1110333
-0.01985335
-0.206511
-0.006971356
-0.1243192
-0.3258715
0.03346134
-0.1166001
0.1316418
-0.2321003
-0.2296129
0.08555665
-0.1861744
-0.35327
-0.09526268
0.1832127
0.3688369
-0.100345
-0.2175704
-0.0589434
-0.08125886
-0.3789148
-0.1383496
-0.1126811
-0.1714343
-0.2533942
-0.31158
0.1920053
0.1059511
0.07850422
-0.2005247
-0.135565
0.04963379
0.02156218
0.03063227
0.1346669
0.06868134
0.01125883
-0.05590654
-0.0005825768
-0.03237998
0.1010249
0.02886372
0.1537452
-0.08666075
-0.286264
-0.2216823
0.02853685
-0.1811051
0.05765828
0.1127948
-0.09541346
0.2612842
-0.02598058
-0.1561235
0.2448865
-0.07809166
-0.114707
0.03123715
0.1035468
-0.5087385
-0.3621022
0.2733751
-0.1096909
-0.2204657
0.1448288
0.211063
0.05039353
0.1969037
0.1097571
-0.08385118
-0.272282
-0.002946902
0.1494829
0.2340839
-0.06507565
0.05648694
0.1848086
0.3641842
0.1957814
0.202516
0.4006087
0.09177345
0.412415
0.2355428
0.05570304
-0.1644293
0.1533353
0.3035934
0.106452
-0.1363899
0.288388
0.1088673
0.1277617
-0.3492961
-0.07762692
0.1985972
-0.1030262
-0.1326197
0.3882797
0.1444189
-0.1179929
0.03576522
-0.1940512
-0.302991
-0.05495732
-0.1757942
0.03805198
0.5329785
0.3829768
0.5382581
-0.01674116
-0.01312884
0.127172
0.4074358
0.07362214
-0.4608082
0.03762432
-0.1532379
0.5013709
-0.2564868
0.2144551
-0.08484591
-0.1105304
-0.5294797
-0.06087155
0.005612582
0.372386
-0.5715751
-0.5266055
-0.2916099
-0.2209316
-0.3575303
-0.4822849
-0.4225347
-0.2930446
-0.3695859
-0.3781513
-0.2364339
-0.3523621
-0.02320669
0.03797235
0.09541286
0.390559
0.07985754
0.7582644
0.7509137
0.8584759
-0.1270806
0.2763842
0.1710836
0.2232492
-0.2725463
-0.4562359
-0.03753711
-0.2954399
-0.2090476
-0.2098425
-0.1866591
0.3946025
-0.002167284
0.1943972
-0.3818079
-0.09880017
0.3199118
-0.323233
-0.07044892
-0.06461823
0.3403451
-0.3049598
-0.2950583
0.2339117
-0.1467991
-0.3977186
-0.10289
-0.3175002
0.02704475
-0.3414937
-0.3787811
-0.3661236
-0.1835056
-0.4268727
-0.3297111
-0.4002514
-0.3070281
-0.5856444
-0.216009
-0.4590973
-0.1623764
0.07095575
0.03738958
0.3000274
-0.1565134
-0.2077502
0.006266496
0.2832742
-0.01446682
0.2511054
-0.1342756
-0.1952234
0.07647711
0.1772624
0.04432967
0.3349708
0.3607682
0.5224013
0.1403369
0.1600776
0.2151963
0.4006032
0.08397675
-0.2104959
0.2533879
0.05809493
0.5048814
-0.08853805
0.1834933
-0.1134776
0.02097607
-0.1581579
0.07675262
0.2042912
0.3387413
-0.4163103
-0.173188
0.1030518
-0.124889
-0.09502606
-0.1935678
-0.3026234
-0.04903762
-0.2082485
-0.2494262
-0.1301238
-0.2782571
-0.1656192
0.0309313
0.167059
0.3871648
0.07594949
0.5452162
0.160547
0.5059705
-0.191263
0.2429356
0.1847076
0.1683461
-0.1376385
-0.2384091
0.06770973
-0.1931213
-0.1399308
-0.08255096
-0.03834094
0.3316243
-0.04212015
0.262191
-0.05808035
0.1973535
0.284407
-0.1410162
-0.194184
0.08995132
0.1827822
-0.05068145
0.07201889
0.1210114
-0.02285737
-0.1516909
-0.05395498
-0.1314477
0.02600921
-0.1114078
-0.1822082
-0.182094
-0.05750092
-0.2515779
-0.05985859
-0.2442047
-0.2163794
-0.4059627
-0.3305267
-0.2052127
-0.1565825
0.03384055
0.03183431
0.08562839
0.03077429
-0.2652837
-0.1110717
0.1475465
-0.1226665
-0.07796606
0.1493068
0.2239836
0.3301844
0.03050781
0.2018271
0.2855105
0.1813826
0.2454393
-0.1465742
0.1310446
0.3991945
0.2683514
0.01617872
0.08225973
0.2047793
0.4498232
0.03842322
0.3080436
-0.08510234
0.05887144
-0.2343265
0.01072293
0.2923417
0.2309389
-0.08339644
0.002715858
0.1608964
0.01246758
-0.07469833
-0.07023815
-0.01291114
0.009008303
-0.2349141
-0.07158923
0.007556652
-0.1695272
0.1711643
0.1234362
0.3266521
0.09285701
-0.0497771
0.2461242
-0.07995009
0.1441085
0.2333222
0.2411324
0.04475791
0.174173
0.1769207
-0.2005525
0.005077983
-0.0006623629
0.06602711
0.2300356
-0.3229653
0.09995614
0.02809391
-0.1287765
-0.01557401
-0.02431683
0.006247987
0.05663621
0.2032425
0.1010581
0.3621925
-0.1545855
0.1977172
0.1692544
-0.1594129
-0.08752802
-0.2337783
-0.3914465
-0.2552793
-0.3256883
-0.2981409
-0.3778826
-0.3887601
-0.1920786
-0.2318226
-0.1104458
-0.3334381
-0.3694065
-0.0448838
-0.3314501
0.1252569
0.02243779
0.05229215
0.2724585
-0.3545501
-0.07854197
-0.2129401
-0.04421806
0.1202061
0.07971321
0.3214876
0.2488784
-0.1106175
-0.3557933
0.04585693
-0.1402434
-0.1495551
-0.2431406
0.1136433
-0.08912401
0.2173569
0.1937962
0.2602404
0.1691743
-0.1677537
0.2003084
0.1034752
0.2339332
-0.1495472
-0.05138113
-0.1459441
0.1172638
-0.2650086
0.0687233
0.3929366
0.06103504
-0.03219519
-0.03395933
0.2080272
0.2308865
-0.001402998
-0.06681375
0.126919
-0.01232743
-0.01325794
0.08241284
-0.0372114
0.1536031
-0.20125
-0.03256609
-0.2489464
-0.1981413
-0.1760345
0.1651101
0.1148802
0.1890326
-0.1842954
0.3460422
0.146512
0.15857
0.3265432
0.4351661
0.3745239
-0.1538809
-0.08575353
0.2291922
-0.3754135
-0.1046631
-0.06408186
-0.2527105
0.262902
0.1308142
0.06925385
-0.1542787
0.04985593
-0.08400206
-0.2083807
0.04236541
-0.03257079
-0.3629087
-0.1551875
-0.251612
-0.1646704
-0.1609809
-0.1407894
-0.1555467
-0.006925423
0.04122319
0.1061119
-0.08456617
0.1055139
0.08390254
-0.142148
-0.04264245
-0.1973074
0.1701369
-0.1812535
-0.1949192
0.09452209
0.1959984
0.3578769
-0.004121354
0.116839
0.08451063
0.01395435
0.02484022
0.04892621
0.1646933
0.3576039
0.3569372
0.2837656
-0.05781963
0.0359959
-0.2379914
-0.03477521
0.1634862
0.1708888
-0.02991433
0.01251499
-0.2378325
-0.1076475
-0.08892987
0.07246345
-0.280266
0.05302826
-0.2788068
-0.1802744
0.1692219
-0.2725257
-0.072973
-0.1865241
-0.213679
-0.1343421
-0.06069841
-0.2655864
-0.4045042
-0.2352147
-0.3624381
-0.2264982
0.006154692
0.04849893
0.165442
0.01084544
-0.05527905
0.04881441
-0.03385675
0.06084215
0.09482535
0.1998929
0.1011459
0.06329427
0.3116857
0.002214897
-0.02501124
0.04179654
0.2794831
0.2370348
-0.0253067
0.2488774
0.229765
0.2917312
0.3048983
0.05408019
-0.1208587
0.3427574
0.005219347
-0.08311254
-0.06468403
-0.1122138
0.1054939
-0.0771536
0.1163649
0.03228663
0.005873074
0.04983043
0.09228848
-0.06963521
0.007488291
-0.04976624
0.02096526
-0.2088522
0.1432389
-0.04048977
-0.1848944
-0.1218446
-0.3540454
-0.2309128
-0.1018602
0.20667
0.1286329
-0.1165561
0.0871859
0.2310519
0.3212919
0.2243889
0.09755218
0.03276189
0.01290961
0.00292355
0.01206468
0.2509146
0.3349384
0.02516748
0.332951
-0.06021749
-0.07232756
0.2203589
0.04382903
0.1016138
-0.1466944
-0.1620734
-0.05397942
0.1683833
0.1320104
-0.1253004
-0.05271249
-0.1255811
0.2465639
0.1834626
-0.03285736
0.003918002
0.00553774
-0.1170877
0.05679228
-0.06827488
0.09160041
-0.272331
-0.03584799
-0.4393793
-0.3462693
0.08306656
-0.2064044
0.1340359
-0.2798929
-0.1299975
-0.1617304
0.3277962
-0.1124503
0.1428773
0.13688
0.3568584
0.3952133
0.4207769
0.2121516
0.3057849
0.2239883
0.1812446
0.1301625
0.2081386
0.03252985
0.03052906
0.2376269
0.1141534
0.2056436
-0.08936828
0.2857408
-0.06309485
-0.09209954
-0.2285514
-0.4523068
-0.1824051
0.06511908
0.02378078
-0.1671154
0.01597113
-0.09184581
0.05304499
-0.01667235
-0.1808122
-0.06917215
0.03462885
0.2032181
0.04652381
0.1597091
-0.2895485
-0.1690153
-0.4257715
-0.2144186
0.01351256
0.02338216
-0.04189061
0.1135046
0.1745818
0.003527337
0.3673574
0.1103494
-0.2039655
-0.007041605
-0.21437
0.2400252
0.08179467
0.05619883
-0.1424911
0.2775546
0.06649493
0.04267243
0.1677998
-0.1240865
-0.0100967
0.01824435
-0.03614073
0.2255381
0.0966197
-0.06577017
-0.2106112
-0.1737215
0.1469087
0.17928
0.1236488
0.1828034
-0.1402069
0.03883321
0.1957636
-0.07591248
0.0365353
0.01276719
-0.07880544
0.002682182
0.148405
-0.04793802
-0.0198339
-0.1463476
0.178575
-0.2012851
-0.1925028
-0.2463507
0.3988668
-0.07137262
-0.1427562
-0.1747222
0.1849493
0.1581241
0.1170815
0.3413886
0.02281193
0.2620201
0.01219672
-0.1610801
0.01307204
-0.2124621
0.2360579
0.07806795
-0.2563081
0.3674102
0.3451807
0.1923161
0.1534303
0.07711154
0.1946742
-0.1053898
0.1313204
0.1904886
-0.07605626
-0.09640749
-0.1402206
-0.02092796
0.01528397
-0.01486493
-0.1134584
0.2251846
-0.03639562
0.06861724
-0.07969578
0.07220238
0.03906815
-0.01390941
0.1090989
0.05145746
-0.06048836
-0.06997969
-0.009238773
0.005276591
-0.05430328
0.4142515
0.1328329
-0.0419096
0.2564356
0.07130513
0.09080318
0.11429
0.1145807
0.002355711
0.3145524
0.08930105
0.1850026
0.2368726
0.1519282
0.3677803
0.04797524
-0.1053826
-0.1315557
-0.09875893
0.2703411
0.07799315
0.1911786
-0.06942368
0.2325027
0.2055773
-0.1389884
0.08911443
0.1149561
0.007139585
0.1723999
-0.1811293
0.1261407
0.0209739
-0.05137579
-0.2595184
0.07731877
0.2039374
-0.2331904
0.1953725
-0.2234165
-0.1212664
-0.07499556
0.03232461
0.1603523
0.09047665
0.1240639
0.1805865
0.03681204
0.04449787
0.4363887
0.4512329
0.3658629
-0.182248
0.02310378
0.2841262
-0.1312459
-0.07275863
-0.05825792
-0.1297897
0.1924748
-0.01319371
0.1858703
-0.1091449
-0.2731715
-0.08736135
-0.1901011
-0.3855734
-0.08352619
-0.215294
-0.3888101
-0.2416318
-0.2714871
-0.08935192
-0.2270615
-0.1379249
-0.2965077
-0.08979497
-0.07489167
-0.1397152
0.0513811
-0.1175109
-0.1525671
-0.1887469
-0.07021234
0.115385
0.1060601
-0.2891749
0.08130594
0.1755704
0.1473682
0.0644785
0.3739498
-0.1098966
0.2809171
-0.1287458
0.05957242
0.1825234
0.523098
0.2473787
0.4554678
0.2778908
0.2586133
0.4232388
0.2337459
0.0347034
0.1286402
-0.06606897
0.03572221
0.2183212
0.1188185
-0.05145323
-0.03969006
0.02567834
-0.1750486
0.08354836
0.03277925
0.121746
-0.05795549
-0.01691967
-0.0782064
0.09704898
-0.2687115
0.03591979
0.249202
0.1356018
-0.1147604
0.3938523
-0.1080021
-0.2925962
-0.1802165
0.129531
-0.009987158
0.1244496
-0.1457786
0.1444707
0.1031139
0.1604243
0.3489502
0.2526151
0.5171693
-0.1510063
0.1070027
0.1354481
-0.3365809
0.1036868
-0.01846022
-0.2203623
0.2927327
0.3319189
0.3093774
0.2436331
0.008962103
0.2514564
-0.1224279
-0.2309777
0.05153295
-0.2934792
-0.2794651
-0.164018
-0.2935441
-0.2687686
-0.1852086
-0.3296795
-0.1494098
-0.1749778
0.02318748
-0.2984352
-0.1812036
-0.08395495
-0.1175946
-0.03051414
0.1902315
-0.03881845
0.06315493
0.02542923
0.1002631
0.1402789
0.08966013
0.004565604
-0.04275451
0.120851
-0.02294975
0.03080914
0.06349661
0.04461882
0.090234
0.08396852
0.006484019
0.03813275
0.1674593
-0.02114189
-0.1226115
0.04119905
-0.1588881
0.2291843
-0.1566629
0.2209114
-0.01095319
-0.138411
-0.07397399
0.03133187
-0.1633514
-0.2960882
-0.2542732
-0.0128221
-0.1379513
-0.2732492
-0.09634649
-0.1196726
-0.3313096
0.01928677
-0.03652789
0.04729896
-0.1488407
0.1961755
0.1079663
0.02533018
0.05640317
0.09643977
-0.05540387
0.1793132
0.08473378
0.04131345
0.07108371
0.1682918
0.09712883
0.3220601
0.3111356
0.02649916
-0.1591468
-0.04605603
0.140795
-0.06543426
0.07341553
-0.006935614
-0.01026193
0.2325818
0.1363281
-0.0516248
0.05529926
-0.1623193
-0.2699282
0.1511442
0.1266661
-0.04402452
-0.006012609
-0.1498785
-0.08439641
0.02228242
-0.04308846
0.01035216
0.08262062
-0.1917755
-0.1044304
-0.2065316
-0.256573
0.01051969
-0.2141879
-0.1849677
-0.0398147
0.005930584
0.06502633
-0.09825362
0.1360234
0.4774609
0.5092895
0.02864962
0.0163366
0.1273401
0.5935257
0.3239924
-0.2654674
0.001249284
0.0296503
0.6743369
-0.01234654
0.2527428
-0.1728276
-0.209027
-0.160771
0.2535586
0.2135409
0.6591203
-0.4526227
-0.4925563
-0.02860416
-0.3090098
0.02107734
-0.3947336
-0.5010916
-0.127147
-0.2052919
-0.2995185
-0.1006611
-0.3272659
-0.04086962
0.04395206
0.0865681
0.2888722
0.1739171
0.5141034
0.4650415
0.6010794
-0.2314937
-0.01431906
0.050382
0.3173438
-0.05815157
-0.2445894
-0.06441392
-0.4102657
-0.1347594
-0.1067811
-0.1257336
0.6122063
0.05209215
0.3779077
-0.08859867
0.08122521
0.4061985
-0.1624908
-0.1690479
0.05076974
0.3677229
-0.1661712
-0.1271736
0.05865184
-0.2144182
-0.4121271
0.1542512
-0.3215495
0.1536249
-0.2923065
-0.3033388
-0.2259182
-0.4468465
-0.4027619
-0.2014494
-0.1154952
-0.4020072
-0.5095387
-0.4371201
-0.446994
-0.2258068
0.102468
-0.02026784
0.3967795
-0.1306024
-0.1741928
-0.1449861
0.1883661
-0.01046212
-0.1118083
0.05601115
0.2725855
0.365625
0.04493031
0.1993385
0.05804292
0.5017487
0.1815631
0.3629321
-0.185481
0.06641893
-0.1717284
-0.1636038
0.009744015
0.3007555
-0.3142335
-0.1972983
-0.05805707
-0.2536583
-0.118486
-0.06143802
-0.1393569
-0.1092442
-0.08500937
-0.08150404
0.0405075
-0.2311987
0.07136659
0.3119
0.2435988
0.2307321
0.4832881
0.3021848
0.1713874
0.507445
-0.1654795
0.1545281
0.05497855
0.1044817
0.05667848
-0.08045791
-0.03631213
-0.1229654
0.1583024
0.2227512
-0.3988106
0.4444824
0.3964746
-0.1604932
-0.08950889
-0.03100677
-0.01716038
0.09645224
0.04932257
0.3278219
0.2844861
-0.2902394
-0.05453533
0.002329949
-0.3075215
-0.2263107
-0.2584581
-0.5517014
-0.1522493
-0.2869278
-0.4462178
-0.3709712
-0.4063483
-0.278403
-0.1631707
-0.141324
-0.3768538
-0.2464571
-0.1736576
-0.3576725
0.01537606
0.07506129
0.2133588
0.3503938
-0.1870687
-0.05000065
-0.06815401
0.1564527
0.231502
0.3750273
0.3854202
0.1639719
-0.2922688
-0.07235017
0.01254947
0.3727142
-0.052282
0.1677976
-0.2107114
-0.2341657
-0.3621277
0.3564837
0.1299727
0.3667047
-0.4411374
-0.3034144
0.3387397
-0.07706109
-0.247908
-0.350474
-0.5781986
-0.2798369
-0.3308783
-0.2132825
-0.4858743
-0.3400919
-0.2475265
-0.1994252
0.00525311
0.3056062
0.09400474
0.4933955
0.2934762
0.5812569
-0.1709886
0.144234
0.2210266
0.3261863
-0.1068295
-0.2826952
0.149393
-0.2739321
-0.1421094
-0.1450907
-0.05990301
0.2619898
-0.1322909
0.555671
-0.1750466
0.3576875
0.4453437
-0.1151947
-0.1822489
0.07162764
0.2114076
-0.04631002
-0.1668654
0.07364002
0.06001047
-0.3723225
0.1459776
-0.1346294
0.1016259
-0.1508424
-0.05608249
-0.2624795
-0.1621438
-0.2438377
-0.01309334
-0.1280652
-0.324956
-0.4455821
-0.4243028
-0.5000312
-0.2811438
-0.00544793
0.01205983
0.1250805
-0.1179605
-0.1889567
-0.1061773
0.2753674
0.2236909
0.1447096
0.1967969
0.04645768
0.2105366
0.2263179
0.3044567
0.1346367
0.2075931
-0.2211993
-0.02957322
-0.2220089
0.1996767
0.1079324
0.2257815
-0.1787966
-0.2852344
0.1650344
0.08156179
-0.02033333
-0.2793395
-0.1965629
-0.1784267
-0.3051859
-0.3311661
-0.2749771
-0.3932886
-0.1523027
-0.02537841
0.002173183
0.09990679
0.09413767
0.04745232
-0.1090363
-0.02416005
0.01471317
0.1553103
-0.1181269
0.1312358
0.1176665
-0.01102861
0.1076982
0.1432578
-0.1755939
0.1800162
0.1075382
-0.03503313
-0.3285391
0.1575706
0.3961844
0.2066474
0.105975
0.2091981
0.1293238
0.1569105
0.3059556
0.06276885
0.3734817
0.1593563
-0.08973256
-0.04523299
0.1424486
-0.02627972
0.05858376
-0.2227409
-0.1532081
-0.1303428
-0.02134501
-0.05140772
-0.258759
-0.2603525
-0.2375768
-0.3416104
-0.1871438
-0.2360302
-0.1051429
-0.02328732
-0.2447187
0.110969
-0.08802185
-0.2202784
0.1394188
0.2613574
-0.2075135
0.09762089
0.02268975
-0.08385599
0.02450138
0.1511621
-0.02681589
0.03468755
-0.3814083
0.0001396368
0.03741321
0.3059516
-0.2585693
0.1660774
-0.3191705
0.02202799
0.2113822
-0.06951087
-0.2058027
-0.1966893
-0.2057441
-0.1553384
-0.3391332
-0.1628425
-0.3413029
-0.269574
-0.3102508
-0.1722066
-0.05818504
0.04066949
0.07429709
0.04314661
0.1136176
0.1459547
-0.08632831
0.1551562
-0.002134646
0.3045844
0.00381553
0.08636723
0.1049512
0.1489459
-0.07557267
-0.1525371
0.2132139
-0.0133318
-0.1527672
0.3467088
0.2318227
0.3868422
0.1581893
0.02145238
-0.09849879
0.1693295
-0.1403987
0.08755455
0.1408641
0.007346475
-0.1524559
0.1284999
0.3246275
0.06789893
0.2535076
0.03273994
-0.006934541
0.2082807
0.200822
-0.1564974
-0.0950381
0.03851152
0.0417971
-0.089112
-0.1742269
0.074176
-0.1533901
0.08001076
-0.2374693
-0.1691166
0.2005728
-0.1320434
0.1434442
0.2639272
0.1803998
-0.1658024
0.09886118
0.4221744
0.2529091
0.08651876
0.1600302
-0.2030431
-0.1499955
-0.220492
0.2051328
0.0561377
-0.003655445
-0.2895946
-0.1698
0.4042373
-0.09196306
-0.06039382
-0.1743478
-0.3045736
-0.217837
-0.4133011
-0.1676874
-0.3473584
-0.2477671
-0.3147202
-0.1798706
0.1019435
0.3394006
-0.05199766
0.1426568
-0.07500328
0.1852562
0.06652425
0.02787255
0.2609533
0.2081431
0.2772901
0.2325521
0.2643828
0.02880278
0.05522454
0.2135932
-0.06588955
0.1774354
-0.06156503
0.3474626
0.1438225
0.625385
0.2333439
0.1570195
0.09844188
0.372068
0.2499649
-0.1583269
0.03277562
-0.2091787
0.05096606
-0.1069503
-0.01859156
-0.1884622
-0.0630358
-0.1998449
-0.1381775
-0.3015576
-0.03528247
-0.2127915
-0.02426313
-0.05866953
-0.2882139
-0.2591681
-0.3712775
-0.4650788
-0.2111917
-0.07149096
-0.008664962
0.2620696
0.03205767
-0.2897472
-0.01441642
0.2007838
-0.2718561
0.2472418
0.2119129
0.635997
0.03761419
0.210123
0.007645105
-0.2168444
-0.1519354
0.01920821
0.4102792
0.378683
-0.3173557
-0.3787451
0.04471298
-0.2492337
0.07175056
-0.2945937
-0.3946656
-0.05741246
-0.2377336
-0.2870607
-0.04660321
-0.224449
-0.01365685
-0.1306986
0.06564887
0.1555538
-0.07121291
0.4503241
0.2503418
0.3052361
0.006243816
-0.02301909
0.0033576
0.3281047
0.1296103
-0.08635284
0.1130761
-0.2821571
-0.08333053
0.1265536
-0.19914
0.3730426
0.009383063
0.1489425
-0.03253553
0.09941618
0.5150721
-0.06301328
-0.006124832
-0.02497307
0.5071735
-0.137526
0.08789583
0.0536798
-0.07947591
-0.3541469
-0.1038784
-0.3421248
-0.02340056
-0.2931774
-0.3379629
-0.304823
-0.4155614
-0.4674512
-0.1589179
-0.07709166
-0.3268418
-0.5025579
-0.4052487
-0.3750589
-0.1860138
-0.09805682
-0.02930787
0.3085256
-0.2876224
-0.1685707
-0.3123367
0.05181023
0.1381018
0.1570354
0.3584999
0.2177101
0.2235829
-0.1395911
-0.110409
-0.1493942
0.07980908
0.08241902
0.2948695
-0.2030448
-0.07618065
0.1072532
-0.1743604
-0.1001661
-0.2128167
-0.1228238
-0.2647942
-0.3041912
-0.1123603
-0.1862573
-0.3717334
-0.09777421
-0.002007521
-0.004211727
-0.02357925
0.405074
-0.008601599
0.0857835
0.1475672
0.1569498
-0.05002552
0.2022135
0.1741987
0.1662607
-0.05626158
0.2279121
0.08710271
0.2923801
0.3763795
-0.3141275
0.361498
0.1871529
-0.1032861
0.05119209
0.1179749
-0.03432823
0.4089448
0.1852551
0.2487259
0.1708497
-0.01527857
0.0766396
-0.2191138
-0.1251707
-0.1459696
-0.09216544
-0.3413488
-0.0001605719
-0.3427224
-0.4166752
-0.2150052
-0.360596
-0.366217
-0.3330099
0.1376299
-0.344858
-0.3414
-0.3061979
-0.3399697
-0.1458964
0.08235254
-0.1748631
0.2082549
-0.2528706
0.05555866
0.1648289
0.214891
0.07174727
-0.2377167
0.423599
0.1032871
-0.02383205
0.1643271
-0.006553985
0.04109433
0.1111385
-0.002166348
0.3082922
0.2994117
0.03552254
0.1817108
-0.04614542
0.2175963
0.2644593
0.1007743
0.07170653
0.1114025
0.06499541
0.01674085
0.2358418
0.2190494
0.02574819
-0.2593421
0.02766908
-0.3772393
-0.3208706
-0.4062751
-0.1521103
0.1055929
-0.09395052
-0.1863675
0.1041492
0.1937429
-0.07904372
0.2308731
0.30762
0.3576154
-0.1971595
-0.3194635
-0.09192986
-0.371553
0.1638136
-0.138025
-0.4087171
0.2141466
0.2416651
0.2475256
-0.1169745
0.1014506
0.324476
-0.02981316
-0.141388
0.2413507
-0.07974147
0.02980138
-0.06810252
0.003411798
-0.1327945
0.1105415
-0.09342924
0.1623756
0.1725705
0.2233455
-0.1115316
0.1022982
0.09282551
0.1479265
0.3008501
-0.004632919
0.1133424
-0.2095345
0.1256533
0.2262158
0.08176269
0.1876698
0.2757165
0.2609244
0.4262393
0.2936655
0.002821679
-0.1205338
-0.03827905
0.4189789
0.2021022
-0.0355642
-0.04071521
-0.1575795
-0.09011057
0.1753309
-0.07806099
0.07437403
-0.04457571
-0.257346
-0.1829128
0.1360741
-0.2159108
0.1676191
0.3957792
0.06692908
0.07337067
0.05567882
0.1394724
-0.08902279
0.01184004
-0.08215748
0.0008398385
0.03094464
-0.083655
-0.05018347
0.007442807
0.02780895
0.2142416
0.1915235
0.2908623
-0.217924
-0.04907078
-0.1054819
-0.278463
0.09133402
-0.1492439
-0.1446035
-0.07450293
0.2956393
0.08363863
0.2072804
0.02688393
0.3314346
0.1468444
-0.07555373
0.001250691
-0.3272408
-0.04760904
-0.1447333
-0.3209085
-0.2885912
-0.2990364
-0.09807624
-0.1411609
-0.05470964
-0.148586
-0.4387622
-0.2892153
0.007447759
-0.1531487
0.06018858
0.1403026
0.0716452
-0.1043887
0.02946498
0.02705962
0.1828677
0.1806411
0.3372381
0.04837281
-0.03489102
-0.1351082
0.05976723
-0.0160942
0.0008341391
-0.1081252
0.0452815
0.006781343
0.4577808
-0.1011603
0.03526005
0.02255645
0.1001505
0.2267674
-0.1248074
0.117824
-0.03986598
-0.04626981
0.05896489
0.0504463
0.2603506
0.1854703
-0.04950308
-0.134105
-0.2819785
-0.08425614
-0.1470588
0.1375678
-0.1160503
0.0637621
0.4139163
0.2735256
-0.002762021
0.3121371
0.1031679
0.2393885
-0.0750377
0.01188583
0.1008338
-0.04986564
0.2541687
0.3220235
0.01231291
0.1562038
0.2181802
0.3220466
0.1092338
-0.1225208
0.09926875
-0.218848
-0.000174397
-0.1961348
-0.2407714
-0.2270371
-0.2668706
-0.113947
-0.0728677
-0.3177616
-0.3408275
-0.2006511
-0.02503465
-0.04660693
-0.2744451
-0.06683987
-0.05403662
-0.2156257
0.05158492
0.08551225
0.2532014
0.2432365
-0.06258678
-0.02010329
0.02207948
0.1004859
0.5056306
-0.2956927
-0.0494395
-0.2791614
-0.02268827
0.2198069
0.5640509
-0.587473
-0.5131817
-0.03809961
-0.4129466
-0.07301237
-0.4400746
-0.4238282
-0.1087895
-0.3704436
-0.420666
-0.1378556
-0.5565392
0.01955738
0.1176313
0.1186548
0.3339672
0.2046252
0.5592898
0.3300194
0.5353341
-0.1256211
0.2163567
-0.002664116
0.3578661
0.1305362
-0.1816465
0.1322956
-0.2658473
-0.1124813
-0.03994835
-0.2404103
0.5143223
-0.02991853
0.1948948
-0.094735
0.1488957
0.4209853
-0.07410089
-0.005602419
0.125618
0.516844
-0.2508154
0.1384748
0.1660611
-0.3317328
-0.2790415
-0.0653526
-0.4114749
-0.02283756
-0.4780296
-0.4619823
-0.3707376
-0.4727426
-0.5256876
-0.4288611
-0.2596383
-0.4666029
-0.6402106
-0.4128589
-0.5123721
-0.1922644
0.1078836
-0.07780303
0.456017
-0.1869737
-0.2184441
-0.07611183
0.2560427
-0.0408652
-0.1155996
0.1530689
0.1518634
0.154476
0.001631333
0.1889383
-0.03525628
0.2382091
-0.08864934
0.1927282
0.07621476
-0.006286152
0.1165332
0.06565731
0.04358348
0.08777211
-0.1284494
-0.1406589
0.1211226
-0.01969187
-0.1336772
0.1159235
-0.2264973
-0.2896749
-0.2417067
-0.1006824
0.09878453
-0.03798536
-0.01648345
0.375072
0.3086725
0.08509648
0.2675107
0.2095091
0.3309794
-0.09367268
-0.07522538
-0.03526367
-0.133578
0.08519413
0.08690189
-0.08030652
0.0442978
0.0681876
0.3383103
0.009550926
0.13307
0.2820529
-0.1993594
-0.3966221
-0.04968163
0.01782242
-0.1661037
-0.1918628
-0.194653
-0.1348673
0.03149015
-0.2460629
-0.05290169
-0.0343093
0.06135505
-0.2219193
0.03343936
-0.01098466
-0.01860507
-0.1953694
-0.04880586
0.04430889
-0.06340991
-0.03399107
0.0822196
0.03661043
-0.05838705
-0.1319104
-0.2412016
-0.1317704
0.1709862
0.3037999
-0.2776379
-0.2991994
0.008380069
-0.114952
-0.1934316
-0.2654833
-0.04386311
-0.2080162
-0.3652844
-0.3923384
-0.07767501
-0.4666221
0.1896425
0.2250421
-0.02998791
0.1840633
0.1998403
0.322627
0.1018727
0.2846543
-0.006038443
0.008979023
0.05938423
0.008134007
0.04224717
-0.1559617
-0.07041786
-0.1940246
0.0001518283
0.03390645
-0.3584781
0.1852643
-0.1735629
-0.01172601
-0.06275749
0.002277818
0.1365418
-0.2016196
0.1386633
0.3165541
0.4694756
0.1053443
0.2684849
0.4285758
-0.1516968
-0.05691128
-0.08560066
-0.1964454
0.01423033
-0.3927363
-0.3481672
-0.3187341
-0.2468738
-0.1555039
-0.1378221
-0.1472117
-0.328297
-0.460012
-0.06408107
-0.3730896
0.02459077
0.06198078
-0.02630925
0.1027067
-0.1694461
-0.1700304
0.03613856
-0.04711825
0.1783232
-0.09826183
0.2239755
-0.2977611
0.3973087
0.1154088
-0.2390616
0.2607803
0.2467519
0.4012283
0.5592783
0.1827487
0.2463264
0.2072821
0.3848501
0.2739821
0.2117496
0.2211059
0.1006618
-0.07006987
-0.2196162
-0.1621162
-0.04319373
-0.2256543
0.003690648
-0.3553138
0.1547885
-0.3142371
0.01214294
0.02427757
-0.03724925
0.07228863
0.09943088
0.04116974
0.08560739
-0.214783
-0.08116694
-0.3210001
-0.06871152
-0.4322526
-0.3071552
-0.2561791
0.1076101
-0.3174257
-0.1935917
-0.01895359
-0.1490115
-0.06598126
0.4463036
0.1257103
-0.3033159
0.121179
-0.2136673
-0.0244339
0.03067033
-0.1049106
0.04017458
0.1585361
0.009450927
-0.02981481
-0.05971519
0.1859607
0.4872412
0.1426993
0.2113693
-0.07092738
0.08953034
-0.2969459
0.1326657
0.193609
0.08769781
-0.08240015
-0.1405853
-0.1553069
-0.1909957
0.01459774
0.04644359
-0.2668224
0.1369797
-0.03548525
0.1235902
0.1922469
0.02254598
0.03206338
0.05094315
0.1470501
0.09300639
0.2259075
0.1020147
0.1341492
0.07838203
0.1257212
0.04028839
-0.06385752
-0.03370108
-0.004633198
0.1191667
-0.08213323
-0.1846992
-0.108465
0.03807694
-0.123794
0.06416863
-0.1474533
-0.1283983
0.05567227
-0.09870089
-0.1500358
-0.2862868
-0.009439469
-0.06284503
-0.3033609
0.003214951
0.1155912
-0.07046332
-0.1499527
-0.1365403
0.1045503
-0.01450826
0.04701743
0.6082985
-0.07345199
-0.08386464
-0.1639954
0.02752229
-0.106847
-0.07491961
0.03343682
0.1403289
-0.1651616
-0.1628312
-0.1388993
0.03788989
0.1355846
0.07730436
0.1323217
0.07245034
0.07121612
0.02236643
0.2185812
-0.06200422
-0.01289598
-0.06654527
0.02680926
-0.2929322
0.4442947
0.2853556
0.06498455
0.08555834
0.3945326
0.374419
0.2189367
0.4019207
0.5186489
0.3712538
0.3778286
0.385273
-0.1640863
-0.04870258
-0.1168988
-0.3818151
-0.06965368
-0.4690283
-0.3307574
-0.3988147
-0.03779455
-0.2795171
-0.06212337
-0.2328352
0.1470237
0.3086254
-0.09411788
0.05671039
0.04069686
-0.05241139
0.246386
-0.05517468
0.1366491
0.03515024
0.2521731
-0.005783428
-0.07286736
-0.1009858
-0.2548277
-0.1591959
-0.3321037
0.2947127
0.04377326
-0.1616827
-0.05013884
0.05216123
0.126413
0.2624255
0.09015679
0.2647139
0.3471661
0.4963489
0.206728
0.1651848
0.1332499
0.2395938
0.3614612
0.5002766
0.21048
0.4861028
-0.09831546
-0.07582783
-0.09108875
-0.4312074
0.04742794
0.1647592
-0.09474334
0.3375554
0.389531
-0.103832
0.03941479
0.2623063
0.02153636
0.2629471
-0.1144483
-0.298587
-0.1433406
-0.1933373
0.05674599
-0.1552729
-0.02558952
-0.3805006
-0.05209746
-0.02667099
-0.1585261
-0.1130869
-0.08319003
-0.09542707
-0.05135483
-0.06484624
-0.001990646
0.1850039
0.1332158
-0.1114965
-0.004656423
0.02241976
0.172536
0.02095442
0.04482546
0.2494414
0.01524052
-0.1504503
0.3738308
0.2261596
0.1457371
0.02827334
0.005605871
-0.1164489
0.05441624
-0.1235355
0.09893534
0.0263953
-0.1666801
-0.139922
-0.1022914
0.3848059
0.05670334
0.1152546
-0.04732794
0.1159929
0.06076042
0.08219196
-0.1278254
0.007676187
0.1292659
-0.2018393
-0.1550679
-0.3017355
-0.1215718
-0.2841179
0.05584042
-0.2276892
-0.05595277
0.07147316
-0.02548802
0.0493805
0.305694
0.07004065
0.04389253
0.009218178
0.05148306
0.4929513
0.06104602
-0.04287334
-0.006729481
-0.08508734
0.07584349
0.2121551
0.03764735
0.09829816
0.2024372
0.07629288
-0.1156836
-0.1967963
0.04322037
-0.1076175
-0.06917677
-0.0009394733
-0.2054022
0.2188885
-0.04835101
-0.0497904
-0.2016303
0.08596167
-0.07406461
0.03888681
0.08568128
-0.2116765
0.05054663
-0.1165706
0.06230719
0.005386816
-0.15744
0.0145603
-0.07369321
-0.02406459
-0.2512139
0.1760179
0.08671085
0.2210419
0.09594649
-0.118838
-0.1961331
-0.09269059
-0.05532207
-0.04878423
-0.1376747
-0.1318819
-0.08312636
-0.06509131
-0.2037477
-0.1315687
0.08258289
-0.3103387
-0.2356887
-0.06958146
-0.1691509
0.002051619
0.125016
-0.1506958
-0.0411086
-0.003453424
0.03781055
-0.1216142
-0.4455071
-0.3109785
-0.1252206
-0.2906039
-0.03402072
-0.5191159
-0.4633758
-0.1218057
-0.3747964
-0.4368244
-0.1905444
-0.4157995
-0.07053944
0.1640162
0.03054604
0.06054512
0.07309049
0.3741834
0.338428
0.4210588
-0.26636
0.1602504
0.09290429
0.3110548
-0.2192673
-0.3621866
-0.1081438
-0.2659967
0.0775255
-0.03119617
-0.1330546
0.3332478
-0.07489692
0.3471263
-0.07481142
-0.02900688
0.2421383
-0.1267719
-0.219053
0.09617221
0.1911784
-0.1126106
-0.006010813
0.1892169
-0.3191424
-0.2631388
0.1627382
-0.1253503
0.2737366
-0.2255555
-0.1718647
-0.1645203
-0.1330668
-0.3615608
-0.07431396
-0.1656737
-0.3498747
-0.535653
-0.4473257
-0.2903131
-0.141364
0.09077929
-0.1252216
0.2662591
-0.1393673
-0.1467336
-0.009939704
0.3965985
0.1053162
0.5348325
0.2676967
0.5149976
0.5869254
0.3400667
0.5230965
0.4936421
0.4063973
0.5850355
0.2126243
0.1848063
-0.09484931
-0.2967023
-0.1794865
-0.5506436
-0.4501808
-0.6234877
0.08518551
-0.2853048
-0.1818268
-0.2531204
0.01719845
0.08336554
-0.1932893
0.2215242
0.07297318
0.1462818
-0.0983716
-0.5252096
-0.08598979
-0.4418838
0.1224777
-0.2977213
-0.4130323
-0.007746162
0.1754533
-0.08618878
-0.1757921
0.1220427
0.08427941
-0.08758108
0.2175488
0.1268229
-0.1625023
0.2354417
-0.2715753
0.2594586
0.3377977
0.2035194
0.1987362
0.4704216
0.2523241
0.1852795
0.1557473
0.5475534
0.5384215
0.4115844
0.3555721
0.01448787
0.02862696
-0.3023693
0.1181035
0.3044718
-0.08142506
0.2402783
0.3648991
0.2151264
0.5423774
0.4590753
0.266909
0.1547688
0.5785587
0.1603789
0.4375197
0.0514742
-0.1165776
0.2763116
-0.3109937
-0.1082666
-0.5114596
-0.4168971
-0.4640166
0.2446091
-0.01113035
0.03710166
-0.1321685
0.1656136
0.2469588
-0.04447535
0.4152548
0.3089592
0.1245253
0.004313633
-0.4118232
0.3522576
-0.3281971
0.007135571
-0.09247522
-0.3992775
0.2555709
-0.05220863
-0.07947076
-0.4364316
0.06428105
-0.06298499
-0.1898429
0.001398121
0.1397327
-0.1638687
0.07106428
-0.112564
0.2625886
0.257463
0.2079781
0.1864785
0.3520779
0.4007389
0.3858682
0.2628089
0.6078703
0.2849049
0.294902
0.190472
-0.1405744
0.2631941
-0.344597
-0.07792684
0.2623603
-0.02590852
0.1629042
0.04671131
0.137975
-0.08605036
-0.02546684
-0.1238117
0.2184233
-0.2840504
-0.01511992
-0.225526
-0.2724828
0.09135748
0.110648
0.06095752
-0.2237977
-0.4637454
-0.1427274
-0.08000891
-0.003616176
-0.09375341
0.2138723
0.3937696
0.2841625
0.0612101
0.1885628
0.06491353
0.2151904
-0.04896585
-0.09601978
0.1891382
0.2240806
0.2998054
0.5727692
0.1134817
0.4028213
0.07057397
0.3685068
0.03259149
0.1034192
0.1554314
-0.2268108
0.04495266
-0.1972903
0.04215851
-0.09028751
-0.0641523
0.04024862
0.1768078
-0.02020302
-0.0877788
0.01461901
0.2654496
0.2585578
-0.02181555
0.1294751
-0.1047022
-0.1266701
-0.06526587
-0.07306344
0.139024
0.08737792
-0.08799494
-0.01555678
-0.1180918
0.008655097
0.3524369
0.4126853
0.2074252
0.1348602
0.3294342
0.07552077
0.3175482
0.08835084
-0.07413902
0.08496985
-0.02192972
-0.09239531
-0.1975873
-0.1840604
-0.2619807
0.1974419
-0.0901155
-0.03417083
-0.2310054
-0.03658088
0.009251785
-0.08817231
0.1172735
-0.1203717
-0.03905951
-0.02746357
-0.4521577
-0.2817473
-0.2340027
0.04362542
-0.1891955
-0.3370841
-0.0915741
0.06734258
-0.08844211
-0.04113751
0.06861174
0.06224176
0.07488351
0.1764323
0.1531024
-0.09474652
0.1620106
-0.1710487
0.1053301
0.2014778
0.0850595
0.1955641
0.6078717
0.2261019
0.01478154
0.02721718
0.3055532
0.381078
0.08365943
0.2450783
-0.0685692
0.128044
-0.2782148
0.03959576
0.09138758
-0.009521996
0.4430962
0.2206185
0.2001031
0.2088855
0.414914
0.5339388
0.3745827
-0.03565602
0.05225034
0.1895361
-0.2203349
-0.1765095
-0.2360817
-0.2672375
-0.347338
0.01349676
-0.283408
0.09161783
-0.0643616
0.02685721
0.1319865
-0.01044364
0.1004117
-0.09819158
-0.05156884
0.1269518
0.02552082
0.08856966
0.01553618
0.1605067
-0.1100676
-0.08311579
0.03515784
-0.137958
-0.3574884
-0.1500044
-0.06695321
0.1589706
-0.1986761
-0.02622419
-0.08594647
-0.01241062
0.02498869
-0.1161989
0.1403228
0.07394219
0.1192766
0.1121788
0.02319688
-0.01971465
0.04143315
0.04638753
0.353794
0.1805554
0.1564656
-0.01380524
-0.01810317
0.05587935
0.0178025
0.07121141
0.152974
-0.1164861
0.668884
0.4947005
0.4557781
0.7831758
0.6127025
0.5377574
0.2418751
0.163599
0.2585184
-0.2331063
-0.01314334
-0.4720681
-0.3698402
-0.4307121
0.1034687
-0.2415392
0.0744561
-0.2703665
0.1306765
0.2443885
-0.06570464
0.2388626
0.1158283
0.090021
0.03003537
-0.3543411
0.1952873
-0.3944365
0.007554266
-0.2599031
-0.4875268
0.1044326
0.02622722
-0.1304439
-0.3395155
-0.148423
-0.1025659
-0.2418508
0.1002793
0.1785903
-0.3669798
-0.06163644
-0.3640742
0.1821681
0.06501227
-0.007454371
0.02499876
0.2813102
0.1780833
0.151837
0.1842703
0.763773
0.5129119
0.2948789
0.3396867
-0.04875523
0.2583611
-0.2624587
0.1955322
0.2805754
-0.07121492
0.2587154
0.3657378
0.4945329
0.5142709
0.4172696
0.4940607
0.3416495
0.265084
-0.1236246
-0.06654906
-0.4717258
-0.3172048
-0.4613891
0.06497158
-0.1988685
-0.07180982
-0.4287774
0.04595183
0.0703434
-0.2132616
0.3144415
0.1244245
0.02064662
-0.1239014
-0.4519505
0.1057617
-0.6392659
-0.06007063
-0.3884959
-0.6413575
0.006873243
0.2449671
-0.0769093
-0.2277064
-0.14198
-0.0412722
0.00202467
0.2370193
0.2524605
-0.4578148
0.03468967
-0.3359645
0.1443091
0.07319239
-0.04041073
0.109904
0.3769782
0.07113648
0.05655862
0.1188983
0.5109775
0.790118
0.3502129
0.581125
0.1201401
0.2473814
-0.1847019
0.1995471
0.3028675
0.0436432
0.401701
0.4766824
0.4666476
0.3819332
0.1350313
0.1496603
0.03968601
-0.2091575
-0.1486433
-0.243457
-0.1547835
-0.2018859
0.04446952
-0.06264099
-0.01210872
-0.1220797
0.06920857
0.1060127
-0.02999127
-0.02828847
-0.02827823
-0.08814214
0.08716738
-0.1085451
0.01259046
-0.1190058
-0.1123301
-0.2454305
-0.1557456
-0.2337468
-0.2336433
-0.1919234
-0.2632894
-0.1582898
-0.151361
-0.210065
-0.06295862
0.06384969
-0.1705988
0.01001266
-0.2229875
0.08828117
0.1537957
-0.1108353
-0.1165504
0.06577
0.06750174
-0.09500941
0.1137716
0.423246
0.1413791
0.1689292
0.1411986
-0.04525857
0.1020765
-0.131713
0.01886971
0.2500592
-0.04893884
0.4469081
0.3720165
0.4558098
0.117636
0.1785711
-0.167591
-0.2810923
0.07431119
-0.4657162
-0.3003209
-0.4197227
-0.03731435
-0.1640989
-0.07858791
-0.4347809
-0.04284705
0.1463439
-0.01673552
-0.05359296
0.02204968
-0.06527647
0.1047067
-0.1598779
0.08214774
-0.1993003
-0.06050274
-0.224502
-0.253309
-0.1216496
-0.09943944
-0.09763529
-0.2144962
0.06436833
-0.1687044
-0.08785949
0.1522658
0.05404878
-0.002647857
0.2222255
-0.1751405
0.360836
0.3601166
0.2628906
0.09842067
0.4144462
0.2039673
0.1154671
0.3867683
0.4997455
0.3486297
0.393579
0.1613623
0.05494633
0.04480727
-0.173685
0.2296596
0.379065
-0.1404173
0.5054997
0.6115197
0.1718128
0.143116
0.161051
-0.228715
0.03267686
-0.4428491
-0.316679
-0.3111505
0.1466157
-0.16456
0.07326803
-0.2077861
0.02139254
0.1326624
-0.05122727
0.2497484
-0.009716809
-0.06215654
-0.06255416
-0.2901458
0.3485793
-0.3327198
-0.01129803
-0.2176733
-0.4033619
0.1301487
0.007861326
-0.1836195
-0.2967777
-0.0632656
-0.1807023
-0.3756394
0.03332306
-0.01375943
-0.2779377
-0.06752556
-0.283907
0.2310788
0.1530972
-0.01956084
-0.0239579
0.1653191
0.08935497
0.3610002
0.1263535
0.6315026
0.3836793
0.2197134
0.3243497
0.1664823
0.2136077
-0.1432744
0.04804297
0.5000256
-0.02176488
0.5346475
0.3005786
0.4233181
0.07506192
-0.1240416
-0.105204
-0.1512689
-0.05695507
-0.1956469
-0.01872633
-0.2772779
-0.07465549
-0.2383716
-0.1286412
0.003552752
-0.2465777
-0.01069703
-0.07794398
-0.1205519
-0.05439717
-0.1135608
0.04850316
-0.3969019
-0.0743303
-0.502349
-0.3412846
-0.1935929
0.03155289
-0.3584837
-0.1646204
-0.0811117
0.05568034
-0.0279265
-0.1168793
0.1724924
-0.2559576
-0.1077269
-0.1921111
0.05108255
-0.08541807
-0.0005429626
-0.01309594
0.006294097
-0.1758336
-0.05290199
0.008685431
0.3855556
0.4076642
0.3852864
0.3669148
0.2521162
0.03675641
-0.1874076
0.1144646
0.1717461
-0.001763422
0.1197798
0.06533928
-0.09950927
-0.2131527
-0.3269879
-0.3669742
-0.1957117
-0.3407359
0.1792181
-0.3692321
-0.105942
-0.2075473
-0.1645937
-0.01401305
-0.1762611
0.03290565
-0.1177118
-0.2145359
0.02616744
-0.2328488
0.1238562
-0.244536
-0.009283306
-0.2952882
-0.2468709
-0.05897025
-0.0907511
-0.3860584
-0.3092593
-0.05101332
-0.1978828
-0.2241896
0.2377905
0.1418422
-0.1017263
0.1198218
-0.1559518
0.446847
0.3108881
0.1346724
0.1842102
0.2349747
0.135429
0.213547
0.2899774
0.5748727
0.385116
0.3884527
0.2329922
0.02251144
0.004254373
-0.1545863
0.1055038
0.2530765
-0.2293891
0.4451376
0.1351582
0.0707025
0.000670776
-0.0001342843
-0.001622674
-0.03490294
-0.03813635
0.01122586
-0.1896737
-0.2058044
-0.1011927
-0.250947
-0.2483587
-0.0904792
-0.09726275
-0.1121412
-0.3935388
-0.2048183
0.008023463
-0.4027402
-0.1969835
-0.2727288
-0.3676388
-0.06362625
0.3690168
-0.172481
0.1522368
-0.1212332
0.04640117
0.2979116
0.2343921
0.03878756
-0.3924622
-0.0917981
-0.3238144
0.01130934
-0.1161212
-0.2861354
-0.2440032
0.1616435
0.02510689
-0.01090455
-0.2127042
0.04141688
0.4297852
-0.02673128
0.6697488
0.327175
0.1968392
0.1220418
0.09465488
0.1690533
-0.1792655
0.01838444
0.1186947
0.1389626
-0.02892034
-0.1215312
0.08430062
-0.295117
0.01341484
-0.02990029
-0.2932309
-0.2838662
-0.229336
-0.2505535
-0.02790662
0.1456842
0.09103993
-0.3128295
-0.06761209
0.02905598
-0.3177686
-0.1667879
-0.2792915
-0.500899
-0.2038777
0.18391
0.0778847
0.03257244
-0.1882077
0.007608962
0.122283
-0.1029208
0.05052864
-0.3304451
-0.02383426
-0.3419866
-0.1815702
-0.1902764
-0.3071638
0.04914989
-0.06536061
-0.1344531
-0.1825626
-0.314568
-0.07905019
0.3527633
-0.002642225
0.3889799
0.4130265
0.009211091
0.04573589
0.2345
0.2139399
0.1481319
0.2696045
0.008489178
0.07955293
-0.01117796
0.1262556
-0.1433446
0.2990295
0.1903123
-0.07227863
0.2101457
0.1216296
-0.1437476
0.2883872
0.1657063
0.1634768
-0.1263667
-0.06053266
0.2324268
-0.1738953
-0.1093625
-0.0583696
-0.2176326
0.03604241
-0.06800385
0.1085766
-0.08095704
-0.3262643
-0.04547307
-0.07390966
-0.1805291
-0.03582704
-0.3463497
-0.2962562
-0.2654888
-0.1495093
-0.194042
-0.1797909
-0.1654668
0.1028032
0.1952587
-0.2664899
-0.1792639
0.112602
0.167921
-0.1504753
0.09011374
-0.1062382
0.7316233
0.1825393
-0.165806
-0.06845208
-0.01645928
0.008985448
0.5271766
0.1614048
0.5168128
-0.2349717
0.1610253
-0.05765428
0.1830431
0.08470664
-0.07888695
-0.09927235
-0.1174132
-0.1977371
-0.202492
-0.1252314
0.07513682
-0.09656298
0.177579
-0.1078358
0.3021406
0.1767134
-0.1084087
0.07196974
0.174246
0.2541216
-0.1386261
-0.07494941
0.08391975
0.07779489
-0.01137458
-0.04025837
-0.1059688
-0.03870955
-0.09994841
-0.1409047
-0.2917572
-0.08474925
0.006446772
-0.04622786
-0.2784286
-0.3277221
-0.2998287
-0.1342814
-0.3052256
0.130035
0.2180118
0.2772007
0.3324596
0.1167291
-0.4275116
-0.01698438
-0.05589786
-0.04861912
0.1341442
-0.0716853
0.08339077
0.08933448
-0.167849
-0.104095
0.01118196
-0.0962407
0.02937444
0.1319331
0.1887058
-0.3240967
0.2354462
0.2749256
-0.1683416
-0.00590547
0.05576049
-0.1816569
0.1617659
0.1618267
0.332878
0.09197319
0.02978693
-0.02256077
-0.05825207
-0.1883985
-0.06222222
-0.1826506
-0.2335989
-0.05976487
-0.3012965
-0.2131446
-0.1255408
-0.1784677
-0.04675157
-0.04781127
0.05325414
-0.157257
-0.08983226
-0.09338693
-0.1977966
-0.1098263
0.1743677
0.1068369
0.1499855
-0.2088819
0.119105
0.1906835
0.6493047
0.7880803
-0.0176425
0.2323631
0.1353826
0.3586131
-0.1770241
-0.3883687
0.009234005
-0.3396917
-0.3850755
-0.2495552
-0.05316353
0.3246829
-0.2090571
0.2668005
-0.1869851
-0.004557231
0.4967382
-0.3014132
-0.06562076
-0.07250729
0.4369749
-0.1454466
0.02776378
0.2594983
-0.08888281
-0.1762401
0.01458428
-0.2313958
0.1669897
-0.2631201
-0.3589468
-0.2934222
-0.1798007
-0.3129681
-0.2622325
-0.3598409
-0.3338952
-0.6012665
-0.3360541
-0.3331878
-0.125506
0.06114226
-0.003209737
0.2161368
-0.0488069
-0.4025219
-0.1075994
0.6706869
0.01302116
0.0837668
0.09238397
0.2614941
-0.2445061
-0.3891284
-0.02528235
-0.2884202
-0.2332076
-0.2890176
-0.03063874
0.3667973
-0.1199579
0.125834
-0.2862027
-0.3229461
0.3825107
-0.3082322
-0.1988841
-0.2480677
0.2003195
-0.2195825
-0.239651
0.1361266
-0.1420496
-0.1473311
0.04634022
-0.2797371
0.2374104
-0.2485559
-0.3917292
-0.09993112
-0.1791935
-0.4006608
-0.3393186
-0.2768054
-0.1058425
-0.4291272
-0.2264392
-0.1750472
-0.1429517
-0.06447211
-0.06947087
0.1191842
-0.08870558
-0.1796186
0.05843717
-0.2159998
0.2518266
0.1577977
0.274313
-0.217695
-0.4111586
-0.07901983
-0.338674
-0.2274623
-0.2484423
-0.1676043
0.4627879
0.0707604
0.3380735
-0.2906154
0.06455223
0.3119385
-0.2436663
-0.1627198
0.007674172
0.2509537
-0.2623933
-0.2277178
0.1608503
-0.1420665
-0.2858119
-0.01166098
-0.3226187
0.1483831
-0.2766997
-0.3910823
-0.3606024
-0.1926803
-0.4295348
-0.2845137
-0.3546846
-0.341471
-0.5362452
-0.3167886
-0.4275518
-0.1276619
0.1492649
0.06958984
0.2644245
-0.1153099
-0.2693568
-0.01827954
-0.1602103
0.2093554
0.02688582
0.07725303
-0.02019937
0.3771464
0.1402096
-0.1343264
0.08491601
0.02705067
-0.003770094
0.04612658
-0.1603984
-0.02289106
-0.1270729
0.05829789
0.09032946
0.09404096
-0.1622676
0.1612754
0.1162459
0.04055319
-0.1053241
0.06386397
0.1384187
0.004398294
-0.07667707
-0.0930682
-0.03983559
-0.03289131
0.006044172
-0.1296298
0.1147971
-0.1231645
0.2366475
0.2444543
0.07493303
-0.02377191
0.01682695
-0.03766641
-0.1585657
-0.2232524
-0.04383901
-0.1485221
0.1282718
-0.161289
0.04663542
0.05843495
0.06258861
0.08425015
-0.07046108
0.2774961
0.0442929
0.07580814
-0.0318896
-0.1263967
-0.06679292
0.06830742
-0.04829161
0.1811169
0.02736814
-0.09290201
0.1102114
0.1752364
-0.0007456001
-0.03550597
0.1070231
0.2132261
-0.2837584
-0.1198304
0.06627306
0.06249887
-0.08469511
-0.2021388
-0.02819113
-0.01611557
0.03459163
0.02744038
0.09177136
-0.2260993
-0.1259724
-0.2124109
-0.1202593
-0.1045184
0.000963858
0.0469741
0.3288065
-0.01935437
-0.1355189
-0.06336101
0.06164838
-0.1023011
-0.07992446
-0.07167045
0.1986811
-0.04318768
0.09039846
0.1151757
-0.03878146
0.2112945
-0.0716181
0.1733465
-0.2142872
0.05270783
-0.01952643
-0.1521996
-0.1820409
-0.06494962
-0.2262311
-0.07445678
-0.2203195
-0.1697503
0.07256631
-0.1344911
-0.128328
0.02983332
-0.07525447
-0.171651
-0.0939047
-0.1982243
0.05525802
-0.1161259
0.003863319
-0.08077368
-0.04922405
-0.1237497
-0.1650678
-0.1944884
-0.1494449
-0.1430573
-0.03709095
-0.07621757
0.05735224
0.03779252
0.04361485
0.2317143
-0.1070242
0.1668786
-0.04778353
-0.01089679
0.03537223
0.07147577
0.1523915
0.02429445
0.2655524
0.1354778
0.1901797
0.5358323
0.1465496
-0.03710137
0.09628303
0.2175688
-0.150048
-0.02823848
-0.09811224
-0.1350168
-0.1488751
0.1395228
-0.3009595
0.06912805
-0.05848936
-0.1205574
-0.157846
-0.1612819
-0.3488516
-0.1326247
-0.01409676
-0.09549626
-0.2008659
-0.4139061
-0.2241412
-0.1420497
-0.1182959
-0.1625835
0.2587521
-0.06764808
-0.2802633
-0.1179825
0.5929032
0.2442452
0.2396677
0.2658885
0.351713
0.1557619
-0.07280384
0.1234349
-0.01289604
0.2859431
0.3150024
0.09420703
0.3498395
0.1059499
0.2292424
0.01269671
-0.02845351
0.03573744
-0.2976799
-0.0950533
0.03965404
0.03023571
-0.3288014
-0.109082
-0.1703045
-0.02312302
-0.07059166
-0.3436836
0.01873782
0.05479302
0.085821
-0.11812
0.1231896
-0.09227705
-0.16509
-0.1366064
-0.3124958
0.1341139
0.07850341
-0.07771376
-0.174766
-0.09128825
0.1601545
0.2506217
0.2109304
0.2843843
0.2882437
-0.2068544
0.08171679
-0.01523994
0.3748436
0.3833643
-0.09176188
0.2691362
0.06259193
0.2672541
-0.2097666
0.2137677
0.1908683
-0.2822874
-0.1005889
0.2280269
0.217381
0.03500784
0.05663758
-0.007509479
0.1616672
0.1920509
-0.02221658
0.1852661
0.3188262
0.2233116
0.1141225
0.3799495
-0.02048367
0.1592555
-0.196438
-0.1996936
0.2041007
-0.1845804
0.06829866
0.01866705
0.1417835
-0.08909775
-0.005704219
0.1373365
0.1972669
0.1859188
-0.04488448
0.1693553
-0.03803705
0.2066237
0.2781293
0.1481124
-0.06762076
-0.0146964
0.05626293
0.04215414
0.09499372
-0.3367606
0.111266
0.0769869
0.09138876
-0.01099876
-0.1114374
-0.04219803
-0.05141878
-0.006401005
-0.2025261
-0.02699561
-0.1077737
0.07621921
0.0594297
-0.05215014
-0.2000763
-0.1575376
-0.249658
-0.1666995
-0.1939088
0.03691681
0.0982681
0.2310443
-0.001080198
0.2973064
0.4219745
0.1231893
-0.4890729
0.1555496
-0.3639527
0.2646925
-0.04813508
-0.3129431
0.3256026
0.409858
0.1781543
-0.08224223
-0.03330686
0.07228026
-0.1874032
-0.1944658
0.0341621
-0.1900334
0.009905665
-0.1452626
-0.01867607
0.03698609
0.1293156
0.1039036
0.09618328
0.04942216
0.1112817
-0.0364657
0.2332735
0.1512922
0.1654168
0.1118055
0.1042409
0.2118131
-0.2626986
0.0937404
0.09016896
0.2275436
0.6196926
-0.1349217
-0.09027794
0.282384
-0.2564042
-0.05650612
-0.03929716
-0.2819858
0.1990243
0.1080862
0.3832726
-0.2259286
-0.186246
-0.2486758
-0.159748
-0.1562999
0.05730719
-0.2996782
-0.1808169
-0.1481247
-0.2406237
-0.1002423
-0.1142068
-0.06232414
-0.01870803
0.2581789
0.05133909
-0.1266262
0.09691401
-0.04363557
-0.07382912
-0.1110546
-0.200472
0.2471499
-0.07730419
-0.1535426
0.02167027
0.2229434
-0.1098224
-0.04396782
0.223404
-0.2931038
0.2974345
0.05678029
-0.2037747
0.4405715
0.3322576
0.4633765
0.1309438
-0.07694196
0.1363926
-0.2495892
-0.1787155
0.03157809
-0.2961406
-0.2491292
-0.2256169
-0.4008236
-0.2966875
-0.1311466
-0.1625136
-0.09410052
0.158226
0.009394454
-0.1259572
-0.05442992
-0.08771501
-0.08351362
-0.08921569
-0.2393411
0.09566132
-0.04736391
-0.1192363
0.04449277
0.1670206
-0.08495603
-0.2014564
0.3445821
0.3106064
0.1359565
0.1751857
-0.07054135
-0.1681753
-0.1990438
-0.2641647
0.1565042
-0.1061582
-0.1602909
0.08124405
0.2252438
0.4506754
0.3017807
0.3135405
0.218631
0.3072346
0.3238842
0.20801
0.147073
0.06368024
-0.06354703
0.2665343
0.2129537
-0.03751869
0.2892622
-0.2525521
-0.2028253
-0.1891211
-0.32499
0.3595124
-0.1413532
0.1146098
0.2145841
0.3224896
-0.1266632
0.1429737
0.3589401
-0.0670814
-0.3110063
-0.009629348
0.1511979
-0.1429056
-0.1254239
-0.1360999
-0.0619566
-0.2204271
0.04077859
-0.3604856
0.01677502
-0.2465922
-0.3820358
-0.2286618
-0.3952832
-0.515697
-0.2947784
-0.1699901
-0.0955572
-0.459071
-0.4032032
-0.3948179
-0.405502
-0.1726344
-0.1324691
0.4988164
-0.2075862
-0.03451363
-0.07884472
-0.2043149
-0.05091251
0.01872596
-0.1568829
0.4149905
-0.09465779
0.07531112
-0.09597651
-0.1962494
-0.2411512
-0.3129307
-0.1968779
-0.2161513
-0.3094013
-0.3520962
-0.0370564
0.02699887
-0.1256791
-0.006143603
-0.157784
-0.2163882
0.07228173
0.3695586
0.185614
0.2534928
0.06931616
0.09311441
0.03182101
0.01686096
0.2743796
0.2200964
-0.2998786
0.3178378
-0.008914808
0.07804116
0.5647653
0.520196
-0.1737093
-0.3888465
-0.1107832
-0.0412801
0.1660591
-0.0481231
0.09496264
0.1185009
-0.187327
0.6309097
0.2454206
0.3820637
0.1427334
0.3174665
0.1388764
0.186325
-0.1123721
0.1074239
-0.1189422
0.09202938
-0.2065636
-0.4443315
-0.1689348
-0.3700686
-0.05309766
-0.1917737
0.08919934
0.05632854
-0.318119
-0.2136282
0.2027109
0.06292292
0.3497671
0.2763759
0.2016594
0.1317899
0.3764417
0.4738541
-0.03690851
0.03417909
0.1288858
0.3260034
0.08143302
0.2520994
0.05744147
0.06518216
0.2086852
0.09494947
0.007254018
0.03528798
0.2170078
0.03350096
0.01062078
-0.06621942
0.1958131
-0.03100835
-0.04936522
-0.1969044
-0.1048929
0.08101522
-0.1074336
0.07408854
0.2428299
0.2321472
0.011905
0.2682674
-0.003647755
0.1225016
0.1509754
-0.1226952
0.1368891
-0.0393171
0.3117215
0.1067345
0.09605615
0.08027907
0.1966461
-0.006190642
0.09398322
-0.05994672
0.1755265
0.08576936
-0.06272487
-0.1065914
-0.3538445
-0.1953599
-0.1955529
-0.01117917
-0.04698222
0.1481603
0.1117435
-0.2347658
-0.1065439
-0.1406791
-0.2181531
0.003250518
0.3972465
0.1338163
0.005186529
0.05031625
-0.0317457
-0.2642253
0.356459
0.006200284
0.3987204
-0.01017181
0.03417973
0.07400648
-0.1146062
-0.3218077
-0.03245954
-0.0001571033
0.08098366
-0.3495508
-0.5188005
-0.197573
-0.3676681
-0.1752841
-0.1655515
0.1884689
-0.09333834
-0.2656638
-0.1299635
0.2480698
0.21572
0.05961255
-0.04834748
0.1638321
-0.307004
-0.02569719
-0.04616404
-0.09396951
-0.1886685
0.06927576
0.05928097
-0.1338082
0.03714581
-0.1027778
-0.07165309
-0.03924729
0.3842881
0.01365432
0.1433931
-0.120541
-0.005576308
0.02736499
-0.02133207
-0.04653913
0.15177
-0.0629275
0.02228041
0.1295505
0.1997596
0.4119154
-0.04243733
0.2188104
0.1383136
0.1653685
-0.03320482
-0.2338265
-0.06194121
-0.1562972
-0.1056139
-0.08393247
-0.2589723
-0.1566539
0.0181638
-0.07132368
0.1072023
-0.3994251
-0.1534874
0.1740869
-0.1362058
0.4857252
0.4317478
-0.0101285
0.05963252
0.1739297
0.08868054
0.08345373
0.2743676
0.04096853
0.04369212
-0.09356957
-0.2435777
-0.03180786
-0.09466219
-0.1996944
-0.0881622
-0.1993342
-0.1115582
-0.1931087
-0.1306523
0.01042957
0.240332
0.0005548104
-0.1399133
-0.1098504
-0.1701885
-0.2565875
-0.1478574
-0.05157534
0.1993535
0.1807908
0.03234987
-0.1062659
0.1709278
-0.06070571
0.2166614
0.211901
-0.1273147
-0.2616994
-0.1212363
-0.2918953
0.01627678
-0.2616146
-0.3019416
-0.2526839
-0.3202817
-0.2159958
-0.1879216
-0.06701205
-0.3175188
-0.4793381
-0.2245089
-0.4354499
0.08994726
0.1866963
-0.1130609
0.3749017
-0.08624355
-0.1066585
-0.1125954
0.4077202
0.1662423
0.03719211
0.1792748
0.5263708
0.4453169
0.3817351
0.1750608
0.3342456
0.4967191
0.1875212
0.2537037
0.2089395
0.38458
0.2805175
0.02370452
-0.01599986
0.3221613
-0.1388946
0.08242697
-0.1971532
-0.4538318
0.00297929
0.007508863
0.143101
0.2191141
-0.09668924
0.2198938
0.2156959
0.1525777
0.06682268
-0.01382712
-0.1701054
0.2265952
0.05890011
0.02925162
-0.08041421
0.125769
-0.02786143
-0.1703744
-0.04107224
0.2186707
0.09080987
0.09274293
-0.1421252
-0.1420637
-0.007523338
-0.01207322
-0.02676594
0.0004473042
-0.104926
0.1566496
0.2074977
0.1667243
0.05418027
0.1127338
0.04859059
0.2142237
0.2027008
0.04983777
-0.1961072
0.02766669
-0.2398777
0.1760559
0.06969793
0.2289786
0.2005305
0.00273181
-0.09588503
-0.04463095
-0.2164846
-0.02657521
0.1376027
0.02781411
0.3289361
-0.1030153
0.3945127
0.3179094
-0.1365095
0.1271613
0.2907216
0.1871044
0.01192099
0.0844839
0.09197949
0.1848265
-0.02472113
0.2725582
-0.08165851
-0.04112969
0.04791545
0.1948657
0.01450562
-0.2360833
0.118436
0.06511184
-0.0254652
0.06056039
-0.002185465
0.1421663
0.1608398
0.2265661
0.01178189
-0.04322531
0.1482309
0.184831
0.1474087
0.3395097
0.03377942
-0.1018185
-0.07313378
-0.2305221
0.253035
-0.07640257
0.1427147
0.3849882
0.5399845
0.2820904
0.3831794
0.4901723
0.2760578
0.1465569
0.09014188
0.1397516
0.2740373
-0.06729626
-0.3072006
0.1678453
-0.2802419
-0.01549805
-0.319434
-0.1199813
0.1062812
-0.2311778
-0.08990938
0.3091565
0.4666664
0.5982417
0.5198591
0.6226903
0.4771368
0.3546374
0.1899335
0.4033655
0.2216238
0.1665453
0.4655238
0.1214108
0.1264748
-0.1551147
-0.4967608
0.3276909
0.08083861
0.06390449
0.1533698
0.1662525
0.4196581
0.2595554
-0.08851254
0.05894616
0.3342119
0.1812063
-0.1471971
-0.2761979
0.2726718
-0.1264299
0.1430922
-0.2706561
-0.2410203
0.03386958
-0.1960379
0.1781491
0.5916204
0.3812289
0.4342036
0.3825166
0.3355451
0.2536818
0.4439143
0.4739173
0.149651
0.4325818
0.2839899
0.1687148
-0.0310241
-0.1066144
0.359104
0.1158186
-0.2205384
0.3809374
0.4497553
0.5394346
0.4910715
0.1380728
0.4035564
0.4638249
0.1755109
0.3408801
0.05377672
0.07408428
0.02066943
-0.2446055
0.1880454
0.02452948
-0.1542512
0.4540825
0.3363223
0.2156366
0.3686857
0.6223488
0.3307746
0.09491526
0.6795891
-0.1484154
-0.06491995
-0.1651177
-0.4937648
0.08432216
0.02398294
-0.04786541
0.310492
0.2362289
0.001925263
0.4278743
0.2685598
0.2162785
0.4610395
0.04875851
0.06595336
-0.1661238
-0.3997843
0.2728259
-0.09163283
0.119184
0.5657956
0.04707516
0.2913717
0.5092027
0.4370076
0.2797709
0.2118008
-0.05522242
0.3080178
-0.2766006
0.1390694
0.01762011
-0.1109445
0.1901812
0.2684721
0.4066534
0.1304125
0.1560976
0.06681897
-0.1707245
0.4664744
-0.1476177
0.05804865
0.09941226
-0.1197305
0.2210419
0.2156282
0.01407143
0.2959723
0.1066966
0.1816844
-0.2014447
-0.1990169
0.008673462
0.338886
-0.01415138
0.4805055
0.2128606
0.6271854
-0.08515614
-0.2969103
-0.06780201
-0.2470006
0.01771293
0.1088208
-0.1274689
0.4665073
0.4947577
0.1708103
-0.1013184
0.2543942
-0.3148644
0.1696143
0.2144177
-0.03580341
0.4067656
0.4370094
0.1016795
0.205795
-0.1998887
0.1737911
0.3378544
0.01174571
0.2080531
0.06834403
-0.1068057
-0.5614768
0.2300665
0.1548852
0.03840762
0.4866702
0.1253853
-0.01264078
0.3053395
0.2752566
-0.08533553
-0.110587
-0.01990417
0.3073573
0.1882556
0.1813163
0.1489467
-0.2191705
0.07231161
0.01384672
-0.2214455
-0.05822908
-0.2455294
0.05208512
0.1659288
0.1381432
