0.7145543
0.3405683
0.5341573
0.4221295
0.1905508
-0.08855281
0.04475053
-0.2699936
-0.2513178
-0.001502857
-0.2108417
0.02065631
0.6530276
0.3264329
0.2668985
-0.1238152
-0.251886
-0.1256029
-0.2547013
-0.2687795
0.0004669493
-0.1921005
-0.2702524
-0.1279045
-0.2399201
-0.3238504
-0.3249785
-0.09867822
-0.00357751
-0.2491541
0.05770262
0.07911473
-0.508449
-0.2584635
-0.3367987
-0.4043175
-0.345874
-0.2970032
-0.2536612
-0.1862243
0.01046421
-0.2212407
-0.1298266
-0.2258161
-0.2115776
0.01228855
0.13071
0.2065278
-0.230668
0.8292732
0.6371015
0.6826169
-0.317257
0.2357762
-0.07377056
-0.05162576
-0.05644583
0.1374682
-0.0470103
-0.1804861
0.09978286
-0.08611967
0.1900033
0.7117663
0.126422
0.4981866
-0.08658683
-0.1307552
-0.1928009
-0.2105938
-0.235702
-0.2692524
-0.3107218
-0.1775768
0.01761133
-0.3847526
-0.2732091
-0.2853821
-0.06507803
-0.06481441
-0.1865705
-0.07796631
-0.3539084
-0.1104905
-0.3423749
-0.1180593
-0.3742892
-0.3018408
-0.1843316
-0.218481
-0.3220417
-0.531341
-0.1032029
-0.1824044
0.3424401
0.6621638
-0.07209247
-0.1391911
-0.08617163
0.4295816
0.4836504
0.2026455
0.236098
-0.05927223
0.1251019
-0.2301716
-0.05400661
0.01125337
-0.1245036
0.1657742
0.615167
0.3411366
0.009263455
-0.1704885
-0.1978371
-0.0406133
-0.117308
-0.158786
0.09193308
-0.08227619
-0.3678842
-0.1097945
-0.2433042
-0.2272541
-0.4219562
-0.002700409
0.2925436
-0.2275316
0.01455015
0.1689168
-0.5297889
-0.2670946
-0.4058207
-0.3508793
-0.3358937
-0.4046023
-0.4062303
-0.1423889
0.118725
-0.2681757
-0.1412579
-0.07131318
-0.1514191
0.2015818
-0.03362817
0.07682879
-0.1074144
0.6969617
0.8623975
0.5468842
-0.3522022
0.2623738
-0.1059848
-0.1037529
-0.1065319
0.08852933
0.02517254
0.023575
0.01441277
-0.009869741
0.1872565
0.502189
0.1654226
0.2184512
-0.1739134
-0.06185673
-0.1552085
-0.08312639
-0.1169927
-0.2643491
-0.1588531
-0.02721091
0.09017117
-0.1638877
-0.4580929
-0.1266469
-0.1736256
0.05713374
-0.1656796
-0.2876768
-0.4554173
-0.1731662
-0.2389041
-0.1643702
-0.4325875
-0.2540018
-0.164812
-0.3784832
-0.4025153
-0.396395
-0.3226496
-0.1639264
0.1564917
0.464826
0.03019562
-0.04551667
0.02594979
0.03701387
0.3247124
0.1985648
0.2213183
0.06544514
-0.02065553
-0.2425619
-0.1316963
-0.3250832
0.118671
0.2951413
-0.03351875
0.06738238
-0.01548894
0.07330937
0.0924045
0.1573254
-0.1449861
0.2070673
-0.1794871
-0.1994987
-0.186577
-0.1497344
-0.2786015
-0.2906128
0.03530726
0.3851022
0.0431913
0.137357
0.1977792
-0.1758129
-0.0963186
-0.1245172
-0.3395123
-0.1973107
-0.2343978
-0.4153061
-0.1625968
-0.1640712
-0.197707
-0.278868
0.04090734
-0.2777662
-0.01884008
-0.1621519
0.08841595
-0.2077168
0.2701443
0.6766603
-0.02423462
0.04646311
0.2777327
0.06659971
-0.07495748
-0.07699122
-0.1008126
-0.06416398
-0.1409453
-0.1757661
-0.09882521
-0.05430318
-0.01720251
-0.07574432
0.1203415
-0.02561191
0.01102546
0.1482489
0.06083205
-0.1043097
-0.2284131
-0.03956273
0.1897529
0.2788254
0.04169016
-0.1331528
0.06677288
0.102382
0.03369911
-0.02613753
-0.3700575
-0.1218192
0.03039457
-0.02898614
-0.07716899
-0.0748773
-0.06072097
0.1561366
-0.08550422
-0.3293928
-0.09797274
-0.4712209
-0.1711913
-0.02412213
0.09168887
0.007989083
-0.01562051
-0.1672704
0.2303351
0.4859033
0.3447732
0.1205096
-0.1738802
0.0278996
0.1249212
-0.02191559
-0.1635483
0.3964395
0.3791154
0.1592809
-0.3646417
-0.1836432
0.02882979
-0.1623095
-0.2652624
-0.03507248
-0.3545985
-0.0935372
-0.1752654
-0.1068303
-0.1053319
-0.2947388
-0.1631996
-0.01337563
-0.4621922
-0.2802376
-0.2202938
-0.4964623
0.1228664
-0.1631366
-0.163516
-0.009911218
-0.1034935
-0.08887338
0.00586251
-0.05426871
-0.2608407
-0.1154022
-0.2183171
-0.2005094
-0.03155736
0.379512
0.1704874
0.1483307
0.5841385
0.3183398
0.7803179
0.0587652
0.3545487
0.3769632
-0.07333998
-0.1275117
0.1238782
0.1829967
0.05009249
0.1370584
0.02253828
0.04787807
0.4666382
0.36793
0.3709644
-0.1636999
-0.09855269
-0.01125527
-0.1910782
-0.1274809
-0.07280358
-0.0990907
-0.2848328
-0.05107111
-0.3485177
-0.421498
-0.3243542
-0.4018846
0.03108525
-0.04227727
0.05270526
-0.5345501
-0.2473239
-0.5015294
-0.04506884
0.01030616
-0.1738537
-0.08806471
-0.1151443
-0.1652545
-0.3428936
-0.07244056
-0.2127959
0.4904595
0.48829
0.1211165
0.004553869
0.2364493
0.2509373
0.1227848
0.1508206
0.01010028
-0.3652677
-0.1161601
-0.3191638
0.1158383
0.4442911
0.05967111
0.2644479
-0.02510724
0.03865591
-0.05553378
0.01116037
-0.07341454
0.1149681
-0.08718359
0.1686035
-0.08869733
-0.1084197
-0.1034111
-0.3921933
-0.04167927
0.1411164
-0.0611287
0.1760509
0.1245859
-0.2018032
0.03857656
-0.1073451
-0.2530905
-0.06360295
0.02382867
0.01599476
-0.07232748
-0.2001132
-0.07506056
0.0432261
-0.07767977
-0.2461217
-0.1486856
0.157996
0.2993954
-0.09532372
0.4055333
0.2426473
0.3213121
-0.1201743
0.3057063
0.05064299
0.07940791
2.435824e-05
0.2058369
0.1271098
0.02233695
0.1618924
-0.2078823
0.2456613
0.3538526
0.1009745
0.3225816
0.2453887
-0.06912178
-0.02454222
-0.04760928
-0.3241529
0.03362635
0.03737507
-0.2512444
-0.01954622
-0.3268136
-0.1547767
-0.1088348
0.08463758
-0.06468469
-0.165419
-0.08616279
-0.1744031
-0.1602461
-0.3539665
0.02685917
-0.06870325
-0.3096969
-0.161989
0.02126008
-0.1636237
-0.2395132
-0.07694283
-0.4172305
0.3832625
0.4525917
0.1401222
-0.08319091
-0.2212165
0.5807545
0.1570745
-0.07855779
0.03302222
0.178305
-0.002741312
-0.07424328
0.165352
0.2653235
-0.1863806
-0.2599702
0.1413702
0.1117242
-0.06456949
-0.1415765
0.1524624
-0.1194081
0.1496092
0.04708972
-0.002768961
0.3135871
-0.3394836
0.273104
0.2955487
-0.5112892
-0.3024321
-0.2225131
-0.2775621
0.2399788
-0.1094688
0.0152881
0.1673133
-0.08935843
-0.09300998
0.1881318
-0.1264939
-0.2763632
0.08635229
-0.1465101
-0.02636127
-0.3022533
0.3845169
0.3019156
-0.2053393
0.2150992
0.2074632
0.2543622
0.2802435
0.5800718
0.3032835
0.1251804
-0.08355203
0.1595912
0.1410409
0.1665769
0.1626523
-0.0003197417
-0.02592154
0.1164007
0.3384896
-0.1009937
-0.2299046
0.01174857
0.04916039
-0.1403594
-0.01371583
0.1676992
0.2345293
-0.2193365
-0.06282473
0.1104279
-0.2699633
-0.02985249
-0.3557321
-0.08189024
-0.2621204
-0.1142448
-0.4275236
-0.3457643
-0.5004251
0.1484578
-0.06052248
-0.1463331
0.0186978
-0.03817061
-0.1630829
0.06630255
-0.1728629
-0.4668878
0.2739161
0.2472322
0.1788143
0.1153395
-0.1002436
-0.1033976
-0.1471239
0.1973498
0.07185098
0.04568764
-0.1622357
-0.1746663
-0.001634487
-0.2063915
-0.2229671
0.1190587
0.06957851
-0.01835607
0.04431507
-0.06225977
-0.2782713
0.1673669
-0.1939714
0.1472221
0.1657737
-0.1716572
0.08349746
0.2253247
-0.241894
-0.3341872
-0.4087167
0.07266081
0.6157883
0.1790611
0.2260325
0.1283991
0.3084954
-0.01908056
0.1946139
-0.08064732
0.01413867
-0.07104372
0.04097472
0.02200223
-0.242456
0.2225289
0.03312472
-0.02001638
-0.09532041
0.007070563
-0.0374051
0.6020123
0.4161642
0.6806327
-0.03684081
-0.3491286
0.007869067
-0.08183369
-0.0364532
-0.05405461
-0.02010601
-0.2033884
-0.2633286
0.1291122
-0.2390833
-0.1970542
-0.2474409
0.02408905
0.03878218
0.03731345
0.2018766
0.251163
0.03571967
0.01989793
0.06708232
-0.08693459
-0.06511271
-0.3690451
-0.1307143
-0.1232714
-0.02407536
-0.1660828
-0.1367932
-0.1225522
0.08042974
0.3313431
0.1840041
-0.01751307
0.05877241
-0.004147825
0.1282965
-0.1388709
-0.1879075
0.07371443
-0.09725668
0.09228449
0.2028368
0.1433963
0.4888952
-0.1562598
0.06094116
-0.155114
0.159198
0.1975707
0.2356974
-0.01011103
0.09122641
0.2616765
0.3351774
0.1167767
-0.226804
0.1580189
0.03308957
0.1871267
0.3259855
-0.01680382
0.08857481
-0.2113226
0.05657335
0.1853833
-0.3411952
-0.05342451
0.03109175
-0.3280469
-0.2594105
-0.06215246
-0.2156646
0.002238714
-0.08950299
-0.004385367
0.1633459
-0.02217375
0.02968813
0.1624019
-0.03484273
-0.2706034
-0.1654221
0.2081398
0.2093824
-0.1244196
0.1431464
0.1267508
0.2133781
-0.1891507
0.1438462
-0.2231933
0.3141737
0.5617064
0.5306567
0.421604
0.1412363
0.1499599
-0.008083029
0.1112064
0.1504742
0.2324234
0.03773618
0.2167146
0.313704
0.08281304
-0.08261338
-0.04177326
0.2236228
0.1844469
-0.32116
0.1777066
-0.117543
-0.3490899
0.03609418
-0.05421194
0.02437088
-0.1091861
-0.02255473
-0.2331699
-0.3631021
-0.4049145
-0.08270287
-0.2036174
-0.208866
-0.01806316
0.123243
-0.0952264
0.1063438
-0.1801369
-0.3883114
0.1873122
0.1872031
0.10737
-0.05841041
-0.1527754
0.2361188
0.1777826
0.134781
0.0274854
-0.1636909
-0.08497312
-0.1024905
0.02994007
0.1253229
0.3323804
0.3169855
0.228367
0.3477013
0.1698629
0.2103198
0.2663599
0.2551631
0.2332069
0.09398912
-0.01578294
-0.08936565
-0.005103701
0.1868942
0.1631743
0.03785327
-0.2055211
-0.02718085
-0.20964
0.2729456
-0.09923099
0.0632323
0.02834788
-0.3297933
0.03077219
0.009081888
0.173548
-0.08560665
-0.07845477
-0.1291738
-0.03206957
0.1391893
-0.2754423
-0.210157
-0.1231429
-0.02781255
-0.06736569
-0.1847022
0.312296
0.5025789
0.3043926
0.5692647
0.3557177
0.1734698
0.2970845
-0.08723065
-0.2130648
-0.05668979
-0.2780012
0.3118146
0.2149304
0.2293678
0.1589527
0.1616679
0.3495299
0.3293925
0.08355079
0.1370381
0.04912755
-0.1476326
0.05300932
0.04579839
0.03685862
-0.08334911
-0.05965692
-0.07457449
-0.1568458
-0.1497885
-0.08441964
0.1072573
0.03216983
0.06075445
0.1110626
0.03222448
0.2103464
-0.08352486
-0.176768
-0.105743
-0.1895962
0.1101083
0.1253079
0.04776262
0.2108511
0.5665832
-0.1020409
-0.4099641
-0.241424
-0.4038534
-0.2468107
-0.01719195
0.1468002
0.1957931
0.3965247
0.01624588
0.05439328
0.09295333
-0.04555352
0.2231332
0.2709902
0.15782
0.01002283
-0.02958663
-0.01912684
-0.1921514
-0.293872
-0.06933023
0.26503
0.1369132
0.2427015
0.1763354
0.07349672
0.01072025
0.1600215
-0.02009845
-0.04592903
-0.115251
0.1279142
0.3023964
-0.04181251
-0.1565223
-0.1888926
0.3329234
-0.3304711
-0.1723087
-0.1366404
0.3515299
-0.04607055
0.2140451
-0.09797791
-0.1254975
-0.04768111
0.04310492
0.4063465
0.01646445
0.3423534
-0.1895371
-0.3915613
-0.1222617
-0.4163636
-0.1373735
-0.120589
-0.02311269
0.2612993
0.3862174
0.3366746
0.2688438
0.1822704
-0.09819201
0.2513747
-0.1017368
-0.01419304
-0.3451352
0.02150773
-0.1237335
0.03915283
-0.2339937
-0.0697216
-0.0588493
-0.1750008
0.1748881
0.2264595
-0.2133186
-0.2500702
0.01269289
0.07803837
0.1137405
0.07370479
-0.2784593
-0.3929606
-0.02664624
0.445956
0.4334263
0.2856438
-0.1583249
-0.02613548
0.2019999
-0.04711685
0.0006918703
0.04906373
-0.05345321
-0.08947931
-0.03218086
-0.06168662
-0.04995379
-0.04791325
0.05608656
-0.07236815
0.2341209
-0.01707453
-0.1905844
-0.07375454
-0.09423444
-0.3242116
-0.1311982
-0.2434891
-0.08151513
-0.2330074
-0.1522844
0.2126345
-0.03907458
0.1921433
-0.05037793
0.004537067
0.01444596
0.07605395
-0.2005805
0.2811205
0.1430079
0.1978262
-0.1048615
-0.01703624
0.009535034
-0.03596811
0.09928652
0.09013837
0.1160705
-0.06444354
0.1643967
0.2317515
0.05422277
0.2408831
-0.03958785
0.4269687
0.072463
-0.07382236
0.07432806
0.2166154
-0.03583942
0.05551446
-0.18486
-0.1958464
-0.02489043
0.1329448
0.08312864
0.07550412
-0.04013973
-0.08529629
0.07804088
-0.04917309
0.003640924
-0.05534078
-0.1088568
-0.0791217
-0.06333369
-0.1116711
-0.2699366
-0.2180321
-0.07299362
-0.009619904
0.06765876
0.04977336
0.01716982
0.1505855
0.08122044
0.02093453
0.1135485
0.1158808
-0.05937617
-0.1552379
-0.03134709
-0.02525415
-0.09556705
-0.2532153
-0.007853964
-0.1633761
-0.1070357
0.0270727
-0.0369092
0.01148337
0.4186554
0.02357775
0.1038869
0.06011691
-0.009388571
0.07960328
0.2734187
0.1343473
-0.1502636
-0.2015541
0.07963686
-0.2123486
-0.1221105
0.06938467
0.1774227
-0.01797213
0.2279885
0.0305681
0.09361804
0.1581889
-0.009776415
-0.1892699
0.1517879
-0.07604172
-0.02044688
0.1963121
0.05721637
-0.04466986
-0.1766694
0.1937119
-0.2211381
-0.2409108
-0.07933158
0.2367728
-1.408853e-05
0.1164296
-0.09952378
-0.03451711
-0.2726667
-0.02136226
0.1242096
-0.02397685
0.3952552
-0.0744887
-0.190357
-0.006142362
-0.1294989
0.2114357
-0.2023015
0.01563127
0.2384336
0.4047502
0.185028
0.09149134
0.1628672
-0.1446528
0.1631642
0.01242832
-0.1002218
-0.05498422
0.06766434
0.0804263
-0.07074187
-0.04346026
-0.104978
-0.113969
-0.04760721
0.1817974
0.2281034
-0.2334037
0.005845949
0.2142323
0.04068945
0.03073051
0.1729067
-0.06231441
-0.3078832
-0.1667144
0.1086858
0.2499715
-0.02690905
-0.1096515
0.07116274
0.4214032
0.2296109
0.259539
0.145822
0.1014648
-0.07567636
0.2323758
0.1448014
0.2375691
0.04651031
-0.01859245
-0.1092284
-0.1006457
0.04862725
0.1439599
0.3003449
0.3245679
0.1149887
-0.1749279
0.06730359
-0.08564992
-0.261021
-0.1700194
-0.1601286
-0.06482476
0.1581388
-0.04528294
0.0978759
0.2324484
-0.1558443
0.07702976
-0.2638585
0.04319172
-0.1690444
0.02339353
0.1261084
0.01735066
-0.3280177
0.07377332
-0.1223902
0.2051363
0.1590248
0.2641243
0.1142888
0.03693583
-0.02976491
0.09449572
0.7568349
-0.06654858
-0.2359225
0.01043983
0.2309324
0.3101764
0.0001229247
-0.1270066
-0.09706168
0.0879362
-0.06586822
-0.1023842
-0.07546497
0.01310393
-0.1025991
0.006150105
0.07005406
-0.1388793
-0.002009654
-0.1330843
0.1407023
-0.07952407
0.2689756
-0.08151966
-0.06013404
-0.195739
-0.04930338
-0.2620301
-0.1488983
-0.1600453
-0.2568991
-0.4047533
-0.139082
0.04934271
-0.08116316
-0.2793236
-0.1834554
0.5207217
0.3586647
0.03269167
-0.1956736
-0.06840397
-0.07108454
-0.1074594
0.1826004
-0.08131103
-0.3132408
-0.08683435
-0.2063967
-0.2665645
-0.4622024
-0.09572057
0.2885026
-0.1100112
0.205725
0.3674743
-0.4719428
-0.2846115
-0.3962874
-0.4243702
-0.2510745
-0.27241
-0.2199377
-0.1629836
-0.07477084
-0.2037616
0.004546969
-0.02536626
-0.2032294
0.1210242
0.09978617
0.2069546
-0.1655159
0.6751583
0.5423415
0.5052141
-0.4127091
0.3464387
-0.1508749
-0.06245699
0.09498295
0.03177557
0.04223042
-0.1240811
0.05229763
-0.1347478
0.1452619
0.685087
0.3250127
0.4303305
0.04301901
-0.04762795
-0.08944011
0.04906619
-0.2528651
-0.2501948
-0.1127393
-0.107803
0.07604912
-0.3693925
-0.3097923
-0.3074375
0.07234927
0.2026181
-0.04296637
-0.2681435
-0.3707085
-0.1734649
-0.441853
-0.0527273
-0.4110491
-0.316227
-0.07737419
-0.1222051
-0.2183366
-0.3516917
-0.185242
-0.2409922
0.3224218
0.5369758
0.04874793
-0.1751557
-0.09554714
0.1367061
-0.06780928
-0.03597595
-0.1570678
-0.1889776
-0.2432962
0.09827772
0.03409894
-0.1035947
-0.03488649
0.01020497
0.1056461
-0.4490047
-0.02973306
0.170151
-0.416363
-0.0913431
-0.05255308
-0.4950528
-0.1713246
-0.3141338
-0.2743872
-0.01518613
-0.01286185
0.06143004
0.1030592
0.008889404
0.03448768
0.1357661
-0.2534056
-0.09943735
0.05027802
0.4309432
0.1344507
0.0178559
0.4051899
0.3126006
0.4482607
-0.3105044
0.3360326
-0.1692481
-0.1336864
0.1473256
0.09259702
0.1853425
-0.2959347
0.1668723
-0.2540807
0.1375455
0.6039605
0.5711388
0.2245325
-0.05824251
-0.09642778
-0.111649
-0.06236625
0.014483
-0.0971646
-0.1283068
-0.1942664
0.0005957017
-0.1000743
-0.4099032
-0.2195811
-0.0976147
0.06180736
-0.056368
-0.03514088
-0.3527758
-0.3228725
-0.5060782
-0.1017581
-0.4459441
-0.1171239
-0.02947579
0.2703858
0.1575995
-0.1876013
0.07725408
-0.1694631
0.4607127
0.4765747
0.03105803
-0.1541346
0.002775609
0.2173202
-0.04569613
-0.238681
-0.00733698
-0.1872161
-0.1832087
-0.2038151
-0.07438801
-0.2146569
-0.2349921
-0.3758697
-0.01018807
-0.4636161
-0.05235216
0.416244
0.2614511
0.2215828
0.02455285
0.02294892
0.1457911
-0.2978946
-0.04312432
-0.04550997
0.1248803
-0.4358202
-0.3391456
0.02925547
-0.2771403
-0.2433829
-0.2607159
0.1878318
0.2394637
0.02958984
-0.2158602
0.1528913
-0.0007307822
0.2467514
-0.2153958
0.06805982
-0.2222996
-0.1083918
0.1340696
-0.1253265
0.120837
-0.3515264
-0.05848516
-0.1320307
0.2398781
0.3632768
0.1673975
0.7015816
0.2700693
0.09927007
-0.02056242
-0.08469855
-0.2159384
-0.1624341
-0.4737317
0.1234623
-0.1214553
-0.4457996
0.04994072
-0.190341
0.4547004
0.1002135
0.2781609
-0.08944639
0.1915304
0.0005105292
-0.01359449
0.09221199
0.08865955
-0.1594224
0.1253345
0.2299925
0.08991656
-0.3700481
0.06379087
0.08025679
0.5110987
0.2820311
-0.2370517
-0.5265526
-0.2100255
0.1899412
-0.0124634
0.08689006
0.002149028
0.04703812
0.23224
-0.06522434
0.2485605
-0.0267918
0.06877642
0.05523721
-0.1458096
0.1214759
0.3045549
0.2770742
0.3621728
0.1400079
-0.3388269
-0.03616883
-0.2645437
-0.187797
-0.22492
-0.1067297
-0.005083595
0.1017741
0.08162876
0.1519613
0.1788052
0.08342467
0.2621427
-0.1797514
0.1572893
-0.2573308
-0.1604097
-0.09476161
-0.257823
-0.2315381
0.1036142
-0.3125964
0.1641505
0.2538832
0.03841645
0.09772298
-0.2484361
0.04727506
0.07146681
0.4160274
-0.07259245
-0.2871764
0.1037557
0.1818122
0.06210332
-0.143697
0.03606636
0.08178665
-0.05619709
-0.04657731
0.09603781
0.03344363
0.06036152
0.1353011
-0.1336852
0.3178187
-0.1330588
0.08719048
-0.1077517
0.2970017
-0.1889043
0.1514767
-0.1937765
-0.163523
0.04226924
-0.05088513
-0.02004668
-0.134478
-0.1394105
-0.1603993
-0.034416
-0.2122485
-0.1090255
-0.1748607
-0.214757
-0.2542776
0.3149627
0.2254531
-0.1574629
-0.1859054
0.1055733
0.271451
0.07018198
0.003964104
0.1366545
0.02344369
-0.0251946
-0.008442531
-0.006460979
-0.1035891
0.06527411
0.05546148
0.1691936
0.2085003
-0.005104163
-0.0897059
0.0006722027
0.03229125
0.1404427
-0.0964865
-0.04232409
-0.1683362
0.1562254
-0.1209099
-0.3708538
0.1498917
0.193411
-0.01951226
-0.2562762
-0.1304278
-0.2310739
0.0239245
0.007982181
-0.03779506
0.3723542
0.293006
0.1034891
0.124913
-0.1622684
-0.03795426
-0.07997113
0.1599209
-0.2218719
0.07603222
-0.05741592
0.04983923
0.2933681
0.3723746
0.006146372
0.1755326
0.3033517
0.2194231
-0.01340695
0.09269558
0.2843685
0.05181967
0.1527688
0.3260951
-0.04764849
0.1141364
-0.0007812672
0.006560596
-0.05206613
-0.02783549
0.1409056
0.1848982
0.0293032
0.1624211
0.03579912
0.2106688
0.2123121
-0.1452457
-0.3051109
0.03947
-0.141978
0.1686432
-0.0646103
-0.08171063
0.3656876
0.1176347
0.1782092
0.1846789
0.1946698
0.1619644
0.2821822
0.1070487
-0.09729617
0.09140991
0.0105745
-0.06637372
0.01926167
0.05527114
-0.02750294
0.1180455
0.2711045
0.1045121
-0.02683636
-0.007237727
-0.2265581
0.03694394
0.1097494
-0.1504166
-0.1708539
0.2406192
-0.157303
-0.1753884
-0.1665222
-0.02647282
0.07359299
-0.1619679
-0.1031648
-0.06571945
0.0404454
0.01879953
0.2532176
0.1112547
0.188543
0.3638321
0.1418334
0.1543864
0.05319837
0.08069139
0.1008814
-0.3334886
-0.07057345
-0.2730592
0.06107864
0.4623619
0.3764261
0.1333692
0.03094865
0.2973825
0.3885111
-0.1367843
0.2122985
0.09963059
-0.1461896
-0.0008716751
-0.1603706
0.07856534
-0.05259027
-0.05426602
-0.1513449
-0.04257842
-0.1273846
0.1031933
0.195225
-0.03455777
0.01309458
-0.2396867
-0.1988926
0.03347672
-0.2878439
-0.3387415
-0.2685182
-0.2396316
0.05783322
0.1538686
0.08897558
0.2395681
0.07474137
0.125684
0.08174362
0.3100275
0.3241102
0.1883305
-0.03757574
-0.02469241
0.1358093
0.2542963
0.3497403
0.2028062
0.003375221
0.062746
0.1808756
-0.06485599
0.3614495
-0.2899848
-0.2828259
0.007620362
-0.02599161
-0.2595133
-0.01876387
0.3952422
0.1238454
0.2120391
-0.3020246
-0.002950317
0.03434159
-0.2443867
-0.05944125
-0.1647426
-0.04852205
0.04931651
0.05072136
-0.1381204
0.1240991
0.02749838
0.2408332
0.1592915
-0.1659756
-0.1185667
-0.1129727
-0.3898668
-0.2219694
-0.133781
0.1532316
0.4330829
0.5180378
0.08763352
0.2290671
0.09809115
0.2858631
-0.002475109
0.09945135
0.2392872
-0.008980051
-0.01263279
0.05755022
0.09788202
-0.01453337
-0.1360309
-0.174178
0.0642829
-0.002231632
-0.0319446
0.09859614
-0.1580981
0.1785823
-0.2939994
-0.2029608
0.05689312
-0.151901
-0.1165194
-0.2460498
-0.3269583
0.1237775
0.05271389
0.06217501
0.2599583
0.4375665
0.1582815
0.02998162
0.3777131
0.317516
0.03751546
0.06352741
-0.07684391
0.3181489
0.192498
0.1258546
0.352271
0.1650971
0.1990873
0.2870218
0.05980139
0.098405
-0.09040887
-0.2200906
-0.1997676
-0.07180825
-0.1117801
0.318574
0.158497
0.007062237
-0.4121201
-0.1999437
0.2873053
-0.3074759
-0.1946907
-0.3428829
0.1274264
0.0002285316
0.172312
-0.07255521
-0.1548802
-0.1589994
-0.08721496
0.2880844
-0.02610453
0.3541056
-0.04491777
-0.2634494
-0.2322966
-0.4355114
0.2605892
0.06943022
0.09367552
0.6100631
0.3252156
0.2078459
0.4736885
0.3733072
-0.0337796
0.1129963
-0.02939266
0.003918614
-0.07014014
0.3383958
0.2212135
-0.2672365
-0.1273064
0.1011633
0.1523848
-0.01463962
0.2088184
0.2321137
-0.2001562
-0.2257263
-0.01423545
-0.009972527
-0.08614918
-0.02191171
-0.39278
-0.3719958
-0.04615771
0.09878626
0.4066509
0.3515016
0.05584395
0.04686885
0.3130004
0.2636501
-0.1637478
0.3707638
0.1181154
-0.1189903
0.1851433
0.1643516
-0.06653398
-0.3222538
-0.1016255
-0.1130494
-0.03561493
-0.2689579
-0.2491212
0.07633651
-0.2241678
-0.1244081
0.02131581
0.06510431
-0.09345861
-0.01786752
-0.1843249
0.2989843
0.1208279
-0.02870829
0.1423878
-0.08077007
-0.06554657
0.3833604
0.006280781
0.1346627
0.08704616
0.1035477
0.2416242
0.3296451
0.08501215
0.139268
-0.123855
0.0002039395
-0.086161
-0.2813679
0.1080942
0.2083145
0.1425316
0.3327771
0.3554432
0.01329824
0.3035153
0.09898385
0.1862498
0.1558553
-0.2347693
0.1762144
-0.1715677
0.2072206
-0.02887913
-0.1322782
-0.3252455
-0.2443687
-0.2587844
0.1082309
-0.1493592
-0.07746955
-0.1655762
0.03869732
-0.2470574
-0.01584143
-0.1931572
-0.1052185
-0.1934248
0.03298533
0.262055
0.2074076
0.07594114
0.2084
0.326805
0.2291658
0.4979412
-0.1816151
0.3274583
0.0004975186
0.1069404
0.31307
0.243291
0.07901645
-0.2197333
-0.06219324
-0.05081166
-0.1899856
-0.1659708
-0.1622414
-0.0257532
0.09497867
-0.06153372
0.00407096
-0.01182872
0.1431765
0.08903055
-0.2321111
-0.002962959
0.2718642
-0.1092433
-0.05844931
-0.146365
-0.2537978
0.05163591
-0.1918352
0.1479474
0.1509562
0.05429195
-0.02162859
0.1401109
0.0885208
0.0619369
0.172397
-0.01082594
-0.1334319
-0.2978102
0.191547
0.2749936
0.05885289
0.2883527
0.4093552
0.1860305
0.4383281
0.02267136
0.1453475
0.4098852
-0.1596522
0.1541071
0.03726216
0.2330283
0.1694083
-0.1305099
-0.1479138
-0.0442721
-0.003383729
0.06997295
-0.178565
0.01435066
-0.1770818
-0.1764333
0.0005193281
-0.04368599
0.08590469
-0.04527304
-0.3412059
-0.05128296
0.07128709
0.03139565
0.2056758
0.01243642
0.3680364
0.3175151
0.01333046
0.1501821
-0.08054907
-0.1816519
-0.06199021
-0.1491022
0.06320713
0.2659207
0.3864211
0.2464639
0.2205157
0.3369526
0.3315387
0.1756368
-0.1046248
0.06879113
0.124278
-0.07896796
-0.001327803
-0.3093666
0.1087449
0.0904182
0.1763126
-0.232422
-0.3236706
-0.02175472
0.1592548
0.2153962
0.2459677
0.2848901
0.08589285
0.1717167
0.2388425
0.1800968
0.03958347
-0.07912725
0.133866
-0.1094163
0.03415664
-0.1550008
0.1958499
0.2395574
0.005985517
0.106385
0.1359903
0.4444385
0.1851267
-0.125019
-0.04645052
0.1384895
-0.1330386
0.198391
-0.1334289
0.05464291
0.06889217
0.05377008
-0.1057603
-0.2106341
-0.08261078
0.2431523
0.2348145
0.1879918
-0.1099585
0.2814594
0.204065
0.1976949
0.2280875
-0.2150785
0.04668117
0.01324411
0.05408375
-0.09549476
0.01109524
0.1770121
0.4344046
-0.154105
0.1683826
-0.08065531
-0.09103584
0.1791902
0.1106531
-0.1089848
-0.3456045
-0.3332838
-0.2301417
0.1152647
-0.4228068
-0.2588869
0.01021745
0.2367953
-0.1903243
0.3510096
0.08696078
0.2193404
0.04201508
-0.2854789
-0.08472001
-0.2593609
0.01939008
-0.1107202
0.02647036
-0.1274568
-0.01304538
-0.2267702
0.2300963
0.4173047
0.350719
0.2329916
0.1549989
0.3112308
0.0699221
0.06571732
-0.03688295
-0.2994471
-0.1606713
0.178472
0.329068
0.2198856
-0.1764893
0.1302893
0.1368093
0.3665262
-0.2328906
0.07966149
0.2520461
-0.06090785
-0.03377222
0.009386967
-0.2828636
-0.2846892
-0.0373661
-0.02562027
-0.2055922
-0.1111245
-0.2866696
-0.2428509
-0.1118893
0.1054797
-0.3809695
-0.3697903
0.06931957
-0.1359831
-0.1656184
-0.3287539
-0.1566535
0.1482626
0.02478208
-0.1780289
0.3569293
-0.1240816
0.131805
-0.09804819
-0.01043103
0.1180971
-0.1336303
0.1298952
0.05483941
0.2470927
0.2449685
0.2132133
0.0512899
-0.236849
0.1548378
0.0696896
-0.06002761
0.004041819
0.3732863
0.01423289
-0.09943108
-0.3014119
0.004051695
0.2227845
-0.2506723
-0.2246592
-0.1583179
0.05292702
0.1415946
0.1906374
0.05136419
-0.09076136
0.1223266
0.2364787
0.1820992
-0.1372724
-0.1183604
-0.04789654
-0.2818937
-0.1746417
-0.4599447
0.01393222
0.311651
0.1733287
0.1903744
0.3582509
0.2040168
0.3491897
0.1199421
0.2075108
0.329981
-0.1815414
0.01157784
-0.2756379
0.09376643
0.03260498
-0.1148614
-0.08767408
-0.09950836
-0.004370046
0.1144197
0.1916282
0.2513041
-0.07707611
-0.06672423
-0.1600379
0.05326254
0.08977327
-0.163965
-0.3512374
-0.165035
0.1582929
0.216255
0.3743537
-0.160783
0.3537711
0.03222642
-0.2954218
-0.07876317
-0.2235826
-0.07412676
0.03732232
-0.1284453
0.1122405
0.3228152
-0.1003507
0.04118347
0.2551045
-0.03863769
-0.1743338
0.3068486
0.04253329
0.3125779
-0.01078582
0.006665656
0.04525058
0.08535957
-0.2241431
-0.243335
-0.1196907
0.1869657
0.2198662
0.108325
0.1279659
0.0660925
0.1351341
0.2273513
0.1779949
0.3005081
0.2621912
-0.01396587
-0.1680918
-0.03787512
-0.4848011
0.1152019
0.0383736
0.06720723
0.1642108
0.5929628
0.4670184
0.5834195
-0.06843548
-0.05268503
0.5362269
-0.2391924
0.07720204
-0.2380076
0.04089923
-0.04832938
-0.1528508
-0.2555638
-0.2712807
-0.3163575
-0.00475293
-0.0380691
0.1583288
-0.151729
-0.07336548
0.0014885
0.2291773
0.1407759
-0.2280474
-0.1609593
-0.1050309
0.2887511
0.1496661
0.1814633
0.03005942
-0.3830852
0.1991813
-0.1367519
0.03542253
0.5670916
0.0564278
0.255421
0.3086415
0.1203883
0.1179909
0.3104343
0.01219694
-0.1004078
0.07803487
-0.1310202
0.076534
0.2493896
-0.06310555
-0.04654143
-0.03356293
-0.04371626
-0.4340324
-0.4654686
-0.4344956
0.1127665
-0.4880418
-0.1365166
0.1192991
-0.08669263
-0.1891668
-0.03172255
0.04069778
-0.1323405
0.1700539
-0.1913952
-0.3629386
-0.2691608
-0.07522732
-0.154217
0.0278898
0.05318119
-0.04597935
-0.02971985
-0.09057843
-0.1567868
0.1103046
-0.4090451
-0.0612462
0.692629
0.3320729
0.1255426
-0.1698684
0.08868114
0.26688
0.2850374
0.2149751
0.4595163
0.1691185
0.3286218
-0.009558121
0.06159406
0.04489988
0.3280823
0.1226068
0.1427363
0.3455603
-0.1619632
-0.3078061
-0.09645695
-0.1284974
-0.1000886
0.04547863
-0.3460855
-0.02478941
-0.1391268
0.02213181
-0.07313118
-0.03306724
0.1966215
0.01338307
-0.05497509
-0.1463983
0.3546338
0.136649
-0.1899177
0.1613956
-0.001432525
-0.03371991
-0.2679403
-0.06005573
0.195183
-0.07807717
-0.03997606
0.06827331
-0.1421926
0.04890258
0.07693582
0.05691893
0.1690412
-0.01876241
0.2249939
-0.06819958
0.3237141
0.07816815
-0.1128624
-0.1987664
-0.1187284
0.0009186933
-0.4273251
-0.2870786
0.1906195
0.1479136
-0.05375103
0.1110582
0.1157072
0.3426163
-0.1640784
0.01928106
0.3384753
-0.06269877
0.4922525
-0.3232499
0.07903477
-0.1006099
0.0856449
-0.2892081
-0.01793836
-0.1183878
0.09907396
-0.1022423
-0.04489499
-0.01259007
-0.1523096
-0.1128844
0.293987
-0.1226101
-0.0826918
-0.2610019
0.03780598
0.3956882
0.2766576
0.01475128
-0.07755475
0.1000949
0.1145714
-0.2514935
0.0704135
-0.1253958
-0.05976553
-0.04239246
-0.06817131
-0.1763458
0.08937392
0.1236373
0.02730053
0.1503996
0.02930643
0.07788277
0.1575805
0.02525374
0.07558698
-0.1586903
-0.04172156
0.3773669
-0.09298148
0.0702227
0.4363376
0.04088937
-0.2816991
0.02263804
-0.04990244
0.01368237
0.01445294
0.000376474
-0.02429888
-0.03056501
-0.03716373
0.1778953
-0.1277618
-0.0323871
-0.09653646
-0.2398843
0.2135332
-0.05622468
-0.03751928
0.1252587
0.05148819
0.1975872
0.1427808
-0.2637534
-0.06802154
-0.09019884
0.1150567
-0.1515545
-0.202232
-0.1028129
-0.2485177
-0.2251754
-0.01047222
-0.2865325
-0.1360038
-0.04266828
0.06816061
-0.1736398
0.08635678
-0.1734356
-0.1712473
-0.03676514
-0.05554663
-0.0985057
0.06402658
-0.08324287
0.3972561
0.3337915
0.5189705
0.01602057
0.2896225
-0.02491532
-0.0668202
-0.0293978
-0.1659228
-0.4174638
-0.1613415
0.1940944
-0.3408518
0.2157132
-0.002827341
0.3349835
-0.4219815
-0.352692
-0.01334317
-0.3711906
-0.1668009
-0.4522041
-0.03172243
-0.2984407
-0.2357844
-0.1366351
-0.07543731
-0.3602165
-0.1578102
-0.08016654
-0.217201
-0.007217099
0.0783504
-0.3319268
-0.336139
0.08933925
0.3042577
0.1027454
0.08114772
0.2565555
-0.1363586
-0.2046402
-0.1625458
0.4778305
0.05706699
-0.04334287
0.3840188
0.02745482
0.540526
0.1855244
0.286365
-0.1878768
0.5367556
0.3368205
0.5232917
0.005155329
0.293621
0.1366844
0.1450099
-0.05310287
-0.03752347
-0.1170252
-0.1379853
0.3399011
-0.2578704
-0.4062448
-0.3624602
-0.1451701
-0.01865065
0.5793234
0.1480652
-0.3008509
-0.0600046
-0.2804905
-0.03702599
-0.2730847
-0.2059971
-0.104022
-0.1030661
-0.01401249
0.1174871
0.2567048
-0.0583226
0.3672108
-0.3793495
-0.05141561
-0.06024031
0.01282923
0.03607429
-0.07577624
-0.237437
0.04929642
-0.1770384
-0.01161338
0.06987172
0.02233661
0.009513698
0.09479923
-0.01529497
-0.07068917
0.1907479
-0.004822222
-0.2072509
0.04324929
0.1929463
0.2023926
0.1234919
0.1416048
-0.0931074
0.02045917
0.01884128
0.09132629
0.07933476
-0.09487699
-0.01361348
-0.1054061
0.2661416
0.2275263
0.07764195
-0.1854356
0.09161572
0.1409559
0.1348626
-0.05137484
-0.2530739
-0.2936753
0.05535906
-0.1402413
-0.1633922
-0.1183996
-0.02684888
-0.00691163
-0.1517435
-0.002558337
-0.01336343
-0.1045838
-0.06086782
0.1598045
-0.4705259
-0.2113013
-0.4217566
-0.1671871
-0.3913475
-0.110892
-0.09521457
-0.08734738
0.02293844
0.09504738
0.2711108
-0.03211808
0.2391465
-0.2825965
-0.04259951
-0.04757629
0.1343039
0.1942388
-0.05734324
-0.3663022
0.06835537
-0.3833936
0.1284807
0.2484036
0.06062483
-0.03113552
0.06530467
-0.07225789
0.04236831
0.1881784
0.1245981
-0.08022339
0.1845706
0.2221712
0.2589525
0.1165426
0.1678514
-0.1434717
-0.2005586
-0.07386141
0.1183465
0.03477422
-0.1401433
0.1275202
-0.02429548
0.4139457
0.1452825
0.129843
-0.1292074
0.04528557
0.1544888
0.190539
0.03837744
-0.2452726
-0.2482651
0.2063976
-0.1390818
-0.05894782
-0.07047036
-0.1672479
0.01295012
-0.08088758
-0.05018355
-0.1208911
-0.1550587
-0.1875375
0.2415096
0.4547324
0.4397809
0.0562213
0.2737534
0.158436
-0.1354378
-0.1781559
0.289263
-0.07509572
0.2847015
0.02018118
-0.02416574
-0.2235495
-0.2114751
0.01031915
-0.5571158
-0.4997717
-0.6469396
0.1924599
-0.3531339
0.01051485
0.06634929
-0.2519861
-0.2309172
-0.198193
0.02313858
-0.2396242
0.09901031
-0.02776691
-0.5561984
-0.3197886
-0.3179476
0.0003002481
0.1422689
0.1610139
0.1586596
-0.03173751
0.002319602
0.02598707
0.3340319
-0.1758099
0.05885737
0.5969824
0.265182
0.2181063
0.0218369
0.2126914
0.03415976
0.5530973
0.4000132
0.6851331
0.2855638
0.4403009
0.1494571
0.1104608
0.07388221
0.3042816
0.1867374
0.01913427
0.2060556
-0.2787684
-0.4194445
-0.1075151
-0.08591518
-0.03115852
0.4759326
0.5322627
0.160758
0.610303
0.3409371
-0.03131405
-0.0389154
0.1298196
-0.2064994
-0.004700227
0.07282531
-0.272501
0.281066
-0.0920049
0.08239755
-0.3470846
-0.3098001
-0.1792371
0.5230886
0.01291555
0.5875373
-0.2345384
-0.3759456
-0.2364703
-0.1604478
-0.1612573
-0.1056665
-0.04449151
-0.2129717
-0.3366919
0.1035192
-0.1579428
-0.05000721
-0.1733048
0.07983464
0.137563
0.01290565
0.288438
0.1222307
0.09035267
-0.1192789
0.05145769
0.08318394
-0.08290506
-0.1766269
-0.03722225
-0.06990872
0.02616626
0.03135785
0.06268642
0.02365471
0.2244275
0.461174
0.16826
-0.08582134
0.1374572
0.2765696
0.08285873
0.1306205
-0.08361618
0.1552346
-0.2063508
-0.02275878
0.02165294
0.1444404
0.5238288
0.1153055
0.4220786
0.1623436
-0.1400396
-0.1260114
0.1224962
-0.2675593
0.0578493
-0.2073945
-0.2125228
0.1248737
0.04704835
0.0847866
-0.5106285
-0.3925924
-0.3562352
0.1844325
-0.1504415
0.1808947
-0.1512848
-0.2780854
0.002490843
-0.128327
-0.02022947
-0.264374
-0.1056222
0.01096471
-0.4066093
-0.02158364
-0.1135941
-0.05361422
0.3159148
0.1792873
0.1088567
0.001058498
0.2178408
-0.03874777
0.1289625
-0.04562724
-0.04515286
0.1620773
0.1717078
-0.0567508
0.1259431
0.2000304
0.1747434
0.1907411
0.1871531
0.2806277
0.2913757
0.4656889
0.1186202
0.04189712
0.1824081
0.1632763
0.09784091
0.03630274
0.07280581
0.05204025
-0.2741415
-0.1139532
-0.030078
0.09883472
0.1133534
0.5421759
0.2786672
0.0420179
0.1820683
0.1269724
0.053134
0.1769997
0.02171879
-0.224766
0.06450086
-0.05567407
0.07682351
-0.5003552
-0.4249869
-0.3836512
0.3249539
-0.2250019
0.3520887
-0.2169826
-0.4157666
-0.141925
-0.1496607
0.1504338
-0.1165089
0.05201305
-0.1452475
-0.4724062
0.008526557
-0.4631434
-0.2418661
-0.02201721
0.03130604
0.1457666
0.1274971
0.2105587
0.1313913
0.02194591
-0.1822123
0.1929905
0.2024159
0.1842464
-0.3125547
0.08136433
0.141929
0.1643212
0.18424
0.2231272
0.2172511
0.3518271
0.3604054
0.1308724
-0.2313003
0.1001071
0.2543646
0.257752
0.05625122
0.06826825
-0.1763217
-0.3145931
0.0738197
0.1242128
0.2302285
0.05362709
0.2289759
0.1801987
-0.10877
0.04826052
0.3533656
0.1280577
0.1840866
0.1102138
0.1612727
-0.08812895
0.01272579
-0.2537933
-0.2973734
-0.08014585
0.2328905
0.05869437
0.1367681
-0.03905145
-0.07158561
0.03459055
0.2974324
0.1993143
0.0640702
-0.08673517
-0.3590905
-0.268375
0.06444063
-0.1433814
-0.013215
0.07074024
0.04268099
-0.09607471
0.1218014
0.1298057
0.03537746
-0.1362397
-0.2366621
0.1392157
-0.0418387
0.009734373
-0.2155525
-0.05279807
-0.1548897
-0.02869491
-0.03752129
-0.03253378
-0.09018491
0.07393303
0.02854729
0.009465705
0.2657985
0.1990333
0.1639292
0.3286047
0.1524451
0.03973602
0.1216146
-0.2100681
0.02117422
-0.05771124
-0.1290576
0.604948
0.1328201
0.09696318
0.5070853
0.05143696
-0.1085308
0.003094485
-0.3020511
0.3298782
-0.2172686
0.2708384
-0.3407264
-0.386003
-0.2421689
0.3502832
-0.19593
0.3324264
-0.2222773
-0.2186077
-0.1450162
-0.1902527
-0.1082653
-0.006354975
-0.1186719
-0.07354701
-0.2270959
0.2612394
-0.1855422
0.01066457
-0.333754
-0.1712665
0.1480981
-0.1376409
0.2271367
-0.05902424
-0.03188611
-0.1645426
-0.04656334
0.1495066
-0.03210028
-0.2122831
-0.030101
0.0428903
0.1518227
0.2297814
0.07557435
0.1119134
0.2195855
0.2889636
0.2950813
-0.1333298
0.5327791
0.5440152
0.2153507
0.3635224
0.08562062
0.1959962
-0.1385332
-0.126984
0.1136121
0.1665575
0.1229854
-0.06668614
0.4408626
0.2871953
-0.2183766
0.2049744
-0.1455039
0.561702
-0.03290388
0.110823
-0.2401172
-0.4454099
-0.04324004
0.127683
-0.1340893
0.01158014
-0.05181742
0.01827923
0.002361212
-0.04141063
-0.09833242
0.1911154
-0.03078002
-0.09265151
0.04954292
0.3114656
0.07623365
0.09736679
-0.300326
-0.2290951
-0.06017502
-0.08670743
0.2682106
-0.2445311
-0.1886706
-0.4241171
-0.1751002
0.262106
-0.005965659
0.008814394
-0.1777342
-0.04797082
0.292497
0.1531792
-0.0165615
-0.003187385
0.1634934
0.008161865
-0.01937864
-0.08701555
0.5541904
0.736997
0.1910886
0.5005128
0.07200806
0.4810852
0.0285548
-0.1039073
-0.1713211
-0.1823653
0.1738879
0.2792232
0.4615582
0.2326347
0.1215754
-0.1692576
0.1634193
0.2217808
0.1594831
-0.06254526
-0.1040258
-0.04439369
0.1400164
0.2009028
0.1615976
0.1856345
0.06794233
0.2231888
-0.04361496
0.1195865
-0.1532541
-0.08029954
-0.08287736
-0.1590949
0.1491151
-0.2303157
-0.1505387
-0.0853709
-0.08796888
-0.1860207
0.04336205
0.1679686
0.1028253
-0.4083302
-0.1261496
0.2251804
-0.01536736
0.1044342
-0.3004906
-0.0822014
-0.1491855
0.2585398
-0.1922571
-0.06540255
-0.1432086
0.04719389
-0.1719913
-0.03275578
0.01071051
0.1827951
0.1961324
0.3703691
0.2556591
-0.2016964
-0.01379421
0.02727104
0.1629461
0.3837974
0.0431887
0.07392451
0.3354159
0.1011961
0.2603666
0.09915497
-0.0343329
-0.1699325
-0.01385191
0.06549607
0.1121873
0.0469981
-0.09345057
-0.1139805
0.01509877
-0.1129402
0.01332214
0.1474242
-0.1879079
-0.01172224
0.1060898
-0.2950615
-0.02347104
-0.03032997
-0.1113737
-0.1670628
-0.230212
0.003324376
-0.2469177
-0.260068
-0.05485219
-0.1728045
-0.08371546
-0.2636044
0.1552608
0.2517149
-0.04486447
-0.04953892
-0.291058
-0.20208
-0.138799
0.1449355
0.04364914
-0.03658227
0.1622177
-0.09168007
-0.2672419
-0.04827716
0.01328416
-0.1637397
-0.1333109
0.1084712
0.08023746
0.08763792
-0.2526941
-0.164566
-0.09221417
0.141743
0.05789156
0.2467164
0.07908242
-0.0346142
0.02025824
0.2120378
-0.1749346
0.1128789
-0.2754632
-0.2400026
-0.2289443
0.08580303
-0.08613993
-0.1002574
-0.1191158
-0.0116569
-0.03856901
-0.1746716
-0.2612658
-0.1717484
-0.1603985
-0.02270797
-0.1751282
0.07450607
-0.0839032
0.180171
-0.2875544
-0.3074206
-0.02821028
-0.1497774
-0.02177377
-0.301443
-0.09909734
-0.0345196
-0.02213727
0.1597802
-0.08715632
0.007969434
-0.1657782
-0.1750568
0.1932853
0.4136276
0.07038662
0.2041646
-0.05159857
-0.1062805
0.0917158
-0.007508142
0.5150566
0.4734354
0.1881012
0.2020094
0.1709484
0.1730561
-0.1783222
-0.3421742
0.03494529
-0.1658792
0.1478797
0.2114502
0.1238446
0.08354406
0.009945678
-0.09685468
0.04600513
-0.1361279
0.05737371
-0.02594996
0.2156068
-0.01661474
0.08464333
0.1225842
0.3019901
0.0002979309
0.1584527
0.2425021
0.01877902
0.05466723
0.02601173
0.06913467
-0.1649525
-0.0352747
-0.1045076
-0.3145363
-0.2039915
0.008559724
0.1126443
-0.01584602
-0.3819584
-0.1543749
0.100477
-0.1216009
-0.06467037
-0.232872
-0.1473134
-0.289512
0.192225
0.03348701
-0.08556817
-0.1023256
-0.0985713
-0.4084535
-0.1647052
0.03062882
0.1666786
0.1223352
0.4111379
0.196925
-0.1130188
0.02382504
0.0004780609
0.09411681
0.08176127
-0.2543691
-0.04209787
0.01915779
-0.3642072
0.07178859
-0.01888232
-0.2472148
-0.08471502
-0.3131351
-0.05622554
0.007235852
0.09311723
0.1061834
-0.08821638
0.06858858
0.0827419
0.1444089
-0.2847025
0.1052496
0.003932344
-0.3915904
-0.2664224
-0.3516947
0.008191161
0.1753237
0.1941694
0.1392203
0.1194208
0.1483142
0.2217811
0.1102978
0.1305824
0.1566172
0.08458412
-0.02082273
0.01100576
-0.0003471253
-0.004372442
-0.1769313
0.03237165
0.1876483
0.2505849
0.04093405
0.06425101
0.01580511
0.04540655
-0.2619607
-0.04024866
0.2083858
-0.1885343
-0.3056246
-0.3822153
-0.2581233
0.1663723
0.1463704
0.147663
0.2526093
-0.06541715
-0.1690753
0.04400749
-0.1782635
-0.1698879
-0.2234259
0.1351292
0.005108724
0.02655033
-0.05381309
-0.02701488
-0.2037328
-0.08317156
-0.01295069
0.1409763
0.02552466
-0.2191625
-0.1022082
-0.1992703
-0.1882968
-0.01602707
-0.2262866
-0.156797
0.1051005
0.1442009
0.02202096
0.1888789
-0.02089004
-0.288912
0.1983314
0.3494249
-0.02203151
-0.0718807
-0.1802009
-0.1721177
-0.06617926
-0.06691592
-0.2144216
0.09281077
-0.08475655
-0.2154898
-0.03026655
-0.1564127
-0.1873684
0.08783211
0.01836221
0.3521031
0.2028478
-0.2425629
-0.2966146
-0.1905868
0.04331588
-0.005027099
-0.2283637
-0.2138853
0.004378937
0.1023361
0.1188184
0.09978348
-0.2286136
0.006166139
-0.154058
-0.2731088
-0.1165099
-0.2006348
0.07766477
-0.09696662
-0.061683
-0.04074559
0.1297233
0.014013
-0.08372185
0.1549284
0.05541481
-0.1795908
-0.2427649
0.02020491
0.02370703
-0.2047926
-0.1856191
0.04103698
-0.08125585
-0.06034654
-0.0351654
-0.1558952
0.03364169
0.08554855
0.05383385
-0.2288449
0.06108875
-0.06144624
0.1042886
-0.1618035
-0.2300444
-0.1185496
-0.1544658
-0.1670997
-0.1271196
-0.245253
0.01819836
0.3365219
-0.0582546
-0.0121009
-0.1848822
-0.1465327
-0.05742355
0.3782809
-0.05619576
0.09954109
-0.08893769
0.3141938
-0.006413426
0.1194445
-0.0143093
-0.1076627
-0.01099808
0.1035721
0.03922354
-0.234535
0.09394591
-0.243986
-0.08824017
0.3529904
0.6356432
0.2898888
-0.133692
-0.1745198
-0.1838251
-0.3384706
-0.1254251
0.09108285
-0.31024
-0.4233689
-0.2655688
-0.182533
-0.02808536
-0.1497539
-0.146402
-0.2177772
-0.07407377
0.2607244
-0.2093
-0.2674289
-0.4048125
0.211505
-0.1355943
-0.2137634
0.01500876
0.4978648
0.4499678
-0.005675989
0.2665487
-0.1306753
0.795067
0.3591949
-0.004212903
-0.1201224
-0.1881264
-0.1462699
0.1217246
0.03617112
0.1721206
-0.3137402
0.2731147
-0.04285033
0.2140276
-0.001786078
0.1959715
0.1996385
-0.03435965
-0.1133043
-0.08188275
0.09584478
0.2613949
0.1685409
0.1491058
-0.1627189
0.09888326
0.04368242
-0.2223329
0.125835
0.07423342
-0.007162195
-0.3282073
-0.01569567
-0.05063721
-0.05101082
0.002844643
-0.05172142
-0.2192931
-0.159467
0.2051691
-0.3078059
-0.3642811
-0.3637935
0.2538385
-0.1123313
-0.3595116
-0.1886808
0.02960088
-0.05855163
-0.1740266
-0.008022988
-0.3834371
0.2579814
0.4529792
0.2953004
-0.0141662
-0.2208852
-0.08743398
-0.1409445
0.07490423
0.08548182
-0.1413966
0.2530278
-0.0722066
-0.1099077
-0.2210921
-0.0229111
0.2203679
-0.02507796
0.03755384
-0.1090661
-0.06252172
0.1340802
-0.2114864
-0.00736706
-0.07371399
0.07682675
0.3562358
0.2393926
0.1132988
0.1930876
0.02997522
0.03726419
0.1208936
-0.2141999
-0.05308426
-0.2029538
0.3793459
0.3062505
0.1616064
-0.2423571
0.08487513
0.03342163
0.04197362
0.1787076
0.3419586
-0.1139656
0.08875561
0.2629644
-0.01243715
0.291043
0.08229861
-0.0375204
-0.1096155
0.08862874
0.338782
0.6156432
0.6592981
0.7992287
-0.3250027
0.2611189
-0.02255759
0.06203719
0.005689663
0.1397371
-0.06481225
-0.08205552
0.04810837
-0.1550367
0.1897457
0.7727205
0.1622063
0.529242
-0.06258708
-0.123773
-0.1419455
-0.2766035
-0.2089104
-0.2824236
-0.2121093
-0.2777897
0.05396221
-0.3334981
-0.3641332
-0.2704993
-0.09030841
-0.003002219
-0.09247028
-0.157834
-0.4094594
-0.1289329
-0.3557448
-0.1860494
-0.3999444
-0.2487989
-0.07969714
-0.2673137
-0.3005398
-0.4066766
-0.04312805
-0.1960267
0.322352
0.6955696
0.02445339
-0.1393372
-0.06490854
0.4018833
-0.256223
0.3180593
-0.07591773
-0.1242449
-0.049005
0.01941903
-0.03614938
-0.01306437
-0.03669623
-0.1002856
0.07579043
0.4155206
0.09930529
0.2418968
-0.09357488
-0.04387065
-0.09615301
-0.0275606
-0.09209163
-0.3728229
-0.1649635
0.05684673
0.1997514
-0.0455482
-0.3950163
-0.05894548
-0.09996078
0.06398842
-0.07453706
-0.3551955
-0.3695311
-0.1402363
-0.174302
-0.2063008
-0.4384839
-0.1649407
-0.007813199
-0.2398819
-0.4155123
-0.2592691
-0.351713
-0.1121909
0.09844108
0.3704789
-0.05893418
-0.03976932
0.0009568914
-0.3178201
0.2731157
0.1074604
-0.008329118
0.0936496
0.2697852
0.1985164
0.04073364
0.1867177
-0.0959789
0.2145088
0.7451607
0.3798148
0.5391502
-0.01098589
-0.04468846
-0.1249993
-0.367265
-0.1463121
-0.06559621
-0.2514424
-0.4205427
-0.001058698
-0.3545065
-0.4999668
-0.3445476
-0.2416275
-0.03128552
-0.08068061
0.09355114
-0.4682676
-0.2432159
-0.4862605
-0.1035697
-0.2538034
-0.2380647
-0.1069849
-0.1190291
-0.1566463
-0.3708742
0.0707285
-0.2195818
0.5156644
0.6962936
0.1027412
-0.1320563
0.05883108
0.115003
0.5813905
-0.01531221
-0.1606114
-0.2183484
-0.2024579
0.1117717
0.05885838
0.2277823
-0.3814861
-0.4752988
-0.08643445
-0.3042541
-0.037103
-0.3009035
0.1134807
0.2959392
0.1056315
0.116659
0.2627707
0.2566882
0.004435126
0.1532977
0.1324604
0.008860543
-0.1648871
0.09137985
0.09758045
-0.004044172
0.09521626
0.0707377
0.00802521
-0.09881077
0.3807203
0.4140108
0.1701566
0.1527583
0.07073269
0.2924044
-0.01238289
0.119455
-0.1400086
-0.4739977
-0.1242845
0.2571925
0.2165541
0.2991253
0.1485484
0.06560006
0.1917533
0.09487351
0.01985964
0.03698254
0.001524843
0.1000443
0.2121271
0.1930094
0.09928342
0.01883239
0.04861176
-0.1631107
0.06511523
0.1592559
0.1076499
0.1198766
-0.07480937
0.06449635
0.02166415
-0.3872093
-0.08702067
-0.2135772
0.05145893
-0.09812122
-0.2082135
-0.4110212
-0.4062502
-0.4430376
0.037106
-0.2232877
-0.1395815
-0.06253693
0.03852506
-0.1348611
-0.03723771
-0.145463
-0.360359
0.1809944
0.2411318
0.08897603
-0.04594406
-0.09309172
-0.04618155
-0.3317138
-0.1079832
-0.1295049
0.08152433
0.00326653
0.1304313
-0.1925622
-0.2461201
-0.001259752
-0.1735697
-0.05993979
-0.1794578
0.1278655
0.18174
0.138437
0.226083
0.271131
-0.06465992
0.00552409
0.01286251
-0.1401102
-0.1494685
-0.428007
0.08854499
0.08853548
-0.01733684
-0.2058746
-0.04959469
-0.1102081
0.146007
0.3837291
0.1899681
-0.1310121
-0.0242276
-0.01890865
0.08424153
-0.04402439
-0.1634964
-0.07023556
-0.1352647
0.1249409
0.1824144
0.3177189
0.4156815
0.2829792
0.234622
0.1305276
0.07634211
0.1272357
0.124484
0.01503066
-0.1230358
-0.05131044
0.09930039
0.246018
0.04157549
-0.07648891
0.02433563
0.2263298
0.2262666
-0.03112687
0.09987546
0.04750218
-0.008718876
0.2455591
0.1880533
-0.02681
0.0482429
-0.05712045
-0.03897462
-0.1431145
0.03901364
0.1396687
0.1344157
-0.01769744
0.1056433
-0.08049338
-0.01814518
0.2049954
-0.1125412
-0.2713559
-0.1320457
0.08000267
0.2683193
-0.1245426
-0.1929225
0.3665881
0.4017079
0.08513947
0.3017061
0.1633781
0.1422922
0.1601042
0.09720583
0.1282528
0.3628483
0.3078437
0.1644572
-0.02290006
0.02362306
0.05874604
0.09529072
-0.04848753
0.2619599
0.009411582
-0.07590074
0.02894521
0.3613053
0.01061784
0.07783861
0.02189539
0.05698333
-0.1938216
-0.2023539
-0.1665348
-0.09147021
-0.0328368
0.2558231
0.1113661
0.05744861
0.1516191
-0.03030526
-0.1412935
-0.01493776
-0.002840558
-0.006169737
-0.07511574
-0.1797664
0.2438675
0.2274065
0.3202735
0.009893269
0.2135085
0.1682493
0.09322729
-0.02320552
-0.008930382
0.3310661
0.02271944
-0.2591648
-0.105724
0.3023108
0.1550614
-0.3886948
0.08494936
-0.2263309
-0.2580789
0.08923424
-0.1558483
-0.2095579
-0.2937164
0.2903969
-0.1666311
-0.1480238
-0.2299574
-0.05931134
-0.2249051
-0.3015555
-0.004751289
-0.09856767
-0.1458567
0.07221843
-0.1015845
-0.3448848
0.1138366
0.208498
0.1492483
0.04649259
-0.2021659
0.2304206
0.2862486
0.1011887
0.1960378
0.02775869
0.1176847
-0.03983458
0.1654442
0.2422506
0.2012609
0.01557756
0.1564304
0.2202648
0.1687433
-0.08129944
-0.01055241
0.03875784
-0.2655165
-0.009574925
-0.07483372
-0.1120433
-0.1175433
-0.1657468
-0.1875022
-0.4775105
-0.3219958
0.02368851
0.02963131
-0.08048683
-0.1355801
0.01715561
-0.09120524
-0.1147344
-0.107075
-0.2857043
0.09612067
0.1709186
0.2920868
-0.08795057
-0.001806503
0.1983031
0.2824319
-0.07554726
-0.1868507
-0.02221602
-0.3652543
-0.03927894
0.2124753
0.1063966
0.1282284
0.07303506
0.1300775
0.2325634
0.04522424
0.03107734
0.1150659
-0.1497387
0.1895714
-0.2738246
0.1758904
0.03625781
-0.002955455
-0.1930498
-0.04869592
-0.04726736
0.08292863
0.09927674
-0.007876619
0.02096556
-0.198933
-0.1606931
0.2180964
-0.0544593
-0.04233462
-0.258831
-0.1007889
0.1935438
0.3195166
0.2937301
0.2519381
0.05067029
0.2079051
0.1145508
-0.08037665
0.09255704
-0.009416242
-0.074718
0.1344688
0.01344866
0.205409
0.2158433
-0.09173316
-0.06553699
-0.0731248
-0.1447189
-0.05603394
-0.02099234
-0.110124
-0.1647747
0.1224859
-0.1036741
-0.2668527
-0.3355106
-0.1317012
-0.1429711
-0.04438539
-0.09724819
0.004859173
-0.04618415
-0.07699286
-0.02505785
-0.08274321
0.07786939
0.0713848
0.07817768
0.04807824
-0.02861606
0.12483
-0.1478266
-0.1394252
-0.1745905
0.1729124
-0.0889696
-0.01945545
0.3369387
0.3118096
0.2231169
0.2258577
0.3330958
-0.03665838
0.004150824
-0.03503438
-0.09956407
0.04762861
0.06278525
0.1179514
-0.1026578
0.05861444
-0.01773601
-0.04059923
-0.03579657
0.2323256
0.1879103
-0.1122944
-0.07871469
-0.02513312
0.07337617
-0.08725293
-0.04330642
-0.2066869
-0.1627882
-0.007391827
0.09450241
0.1918199
0.1967866
-0.04325057
0.20727
0.1792133
0.1052289
-0.09682464
-0.1201751
-0.1399051
0.1025663
-0.1433718
-0.1232992
-0.1103562
-0.1425595
-0.1541437
-0.06148874
0.1352295
-0.07120301
0.07378306
-0.1060232
0.1470721
-0.1689982
0.01559853
-0.1170241
-0.0463512
-0.1168119
-0.1831251
-0.1203631
-0.08439855
-0.3185198
-0.09404881
-0.3641147
0.1019336
0.3543346
-0.03628705
-0.2149923
-0.1208987
0.3776722
0.5865228
0.03771577
-0.1227513
-0.2213683
-0.1830776
-0.1908785
-0.2051343
-0.2921643
-0.2345946
-0.000989078
-0.4265271
-0.3134841
-0.2722365
0.1003873
0.0367117
-0.01022433
0.06176677
-0.3503742
-0.2293233
-0.3994369
-0.09573451
-0.4698594
-0.2450076
-0.09842908
0.01618164
-0.05333974
-0.4173295
0.1460298
-0.1286338
0.5189711
0.7442294
-0.0492902
-0.3118986
-0.107655
0.1746452
-0.1306501
-0.0989511
-0.08590763
-0.05159366
-0.1608499
0.1208423
-0.1259317
-0.2506142
-0.1545768
-0.1752682
-0.2156608
-0.1092567
-0.1675455
0.1373747
0.1028891
0.1978462
-0.3201501
-0.1819262
-0.4700313
0.256194
-0.1100711
-0.07801503
0.03998955
0.3965502
0.3650836
0.05325292
0.144372
-0.1069658
0.5974494
0.3335469
0.0975808
0.034837
0.1158158
0.2383673
0.01030816
-0.0737583
-0.2805322
-0.3283655
-0.3068014
-0.5145021
-0.1918879
-0.1417495
-0.5513053
0.05759581
-0.1737106
0.3683296
-0.0611603
0.1698279
0.04150211
0.005595609
-0.005796753
-0.1512553
-0.03723848
-0.1431747
-0.2767818
0.1280858
0.09707921
0.01254537
-0.3807107
0.0904848
0.07449047
0.56559
0.4688568
-0.2326793
-0.4633811
-0.3083532
0.08538272
0.06285393
0.2929493
-0.001779672
0.09104587
0.09627038
0.009660512
0.1141656
-0.1604185
-0.04095898
-0.03770034
0.3054623
0.1415368
0.150068
-0.2157531
0.1369606
-0.09523801
-0.05449397
-0.02539305
0.05481058
0.01999684
0.02275264
0.1802795
0.007281108
0.0003999783
-0.01270281
-0.1035732
0.05723816
-0.09264392
-0.2399225
-0.2657768
-0.06086821
0.4779828
-0.02725067
0.08857985
0.103629
0.1981279
-0.04430503
0.1192263
0.09108881
-0.01611545
0.3439365
0.140272
0.1564791
0.1733223
-0.03286238
-0.1016986
0.08643165
0.0956638
0.246059
0.07148109
-0.2039336
0.2688275
-0.1989876
-0.1604347
0.03168336
-0.1652816
-0.2331551
-0.1645018
-0.08563747
0.1656443
-0.1465461
-0.04299775
0.1292042
0.1866078
0.06351072
0.3943188
0.1030489
0.1465135
0.1538431
0.1587994
0.1193166
0.2258664
0.143973
0.2374713
-0.005122862
-0.1011585
0.1784464
-0.003345792
0.02499932
0.2581507
-0.02711477
0.2915218
-0.2489037
-0.07042105
0.01039923
-0.2354109
-0.1514126
-0.1656849
-0.2058246
0.2716264
0.08381791
0.1801216
0.3005611
0.1178665
0.4466001
0.4958665
0.1275276
0.04120511
-0.04658581
-0.01736836
0.1172331
0.4643668
0.2937474
-0.2741071
-0.09799585
-0.02534808
-0.01732845
-0.01695774
0.07577627
0.3923819
-0.2041949
0.007133394
-0.0006867882
-0.06246147
-0.1001837
0.0619869
-0.3265932
-0.3604202
-0.1052917
0.1402352
0.3533518
0.2677778
0.3739387
0.2875149
0.1598038
0.5569936
-0.2260179
0.05344892
-0.07884931
0.07890569
0.1784543
-0.1578079
-0.187721
-0.16301
-0.1272296
0.06054606
0.05531052
0.2512793
-0.1543389
-0.05605341
0.08072479
0.0868532
0.1716386
0.03430428
-0.2538898
-0.1729353
0.2165573
0.1670059
0.3611687
0.4983006
-0.1561787
-0.07495058
0.07648311
-0.2121227
0.1198036
-0.1717179
0.05940561
-0.08036597
-0.007042821
-0.1922496
-0.1771475
-0.2520762
0.2349111
0.1695335
0.05378822
-0.3064928
-0.01240868
0.1474754
0.2173775
0.1753014
-0.4293983
0.03335748
-0.06302948
0.307218
0.2338666
0.1625797
0.04324016
0.1424442
0.2962309
-0.1270039
0.1809779
-0.156583
0.2235821
0.03725858
-0.1807632
-0.3455032
-0.1016619
-0.2237942
-0.005505178
0.1214298
0.1065506
-0.15857
-0.3617406
-0.1927848
0.1786042
-0.09588814
-0.3393644
-0.4300518
-0.280719
0.3477603
0.3542017
0.3729199
0.3309505
0.1810447
0.0841763
-0.01030359
0.4252287
0.271161
0.3453171
-0.3169061
0.3343318
0.2492175
0.3775623
-0.08906134
0.3207108
0.4958834
0.1674031
0.009934323
-0.02308441
-0.001056009
-0.1075353
0.349969
-0.3803978
-0.3074069
-0.1553045
-0.02688521
0.273604
0.2924589
-0.3663323
-0.1003228
0.2156498
0.2276451
0.1087193
-0.1631551
0.1479769
0.1543315
0.02703656
-0.1088501
0.09194828
0.288054
0.2528975
-0.01556818
-0.2885781
0.203551
-0.2029694
0.05344442
-0.3078016
-0.03934034
0.03751662
0.1147809
0.1655847
-0.09083628
0.176019
-0.07742649
-0.05066577
0.01681301
-0.1768892
0.04215307
0.01472746
0.1054592
0.05770706
0.06034778
0.2950983
0.1715534
-0.07696811
0.02269076
0.385652
0.02754896
0.04677549
-0.4316731
-0.2992951
0.2242993
0.2354828
0.1838253
0.2040692
0.3470006
-0.292089
0.07797346
0.2042807
0.4575405
0.2544437
0.4571831
0.1494683
0.1976447
-0.07498869
0.1401022
0.03785882
0.3146474
0.01832716
0.1911455
0.2781903
-0.1484721
-0.2865511
-0.1994062
-0.01753487
-0.2485233
0.07613213
0.1548924
0.1785176
0.09194393
0.01327623
0.1544938
0.2552936
0.2697302
0.1609956
-0.04121509
0.1802183
-0.009801718
0.113445
0.3525427
-0.04955395
0.04147366
-0.1749301
-0.105293
0.2330782
0.03975293
-0.08942196
0.07973719
0.345498
-0.07374911
0.495932
0.3013708
0.2727803
-0.00771817
0.1181242
0.05303186
0.3364568
0.1006192
0.1415252
-0.06835963
-0.04487178
0.1264803
-0.03551479
-0.02992378
-0.1472991
-0.3459968
-0.2981602
0.6030824
-0.1717091
-0.1553249
0.290286
0.0006315753
0.1389276
0.129526
0.162456
0.06136629
-0.0003131974
0.009538811
0.1695211
-0.0707163
0.07806344
-0.08692187
-0.08341889
-0.05231424
-0.03839951
0.4245136
-0.1134686
0.1013452
0.2948295
0.2402831
0.1931908
0.3324669
0.292876
0.2154693
0.13233
0.2084721
0.0596017
0.02692895
0.2065211
-0.05348962
-0.09748281
-0.07499166
-0.155748
0.4336137
0.06664239
0.1648981
0.02161029
0.05097886
0.07993578
-0.1278471
0.09248888
0.2181331
0.2244851
0.07985142
0.2037184
0.1642533
0.140494
0.01316766
0.03298654
0.2257803
-0.0390804
0.3976246
0.587599
0.02522843
0.2828772
0.2333432
0.2642279
0.2726238
0.1873398
0.1940468
0.0839665
0.357279
-0.2070845
-0.2774046
-0.3205176
-0.1808636
-0.2950782
0.5867594
0.08300773
0.2472528
0.1294177
0.3875753
-0.02418641
0.175694
0.2732
0.04486475
0.3211779
-0.1860263
-0.1478354
-0.01107617
-0.02761671
0.1232887
0.09096244
0.219876
0.2267416
0.297205
-0.05779169
0.157223
0.2112686
0.04811302
0.3959231
-0.3781414
-0.3607193
-0.2122801
-0.1891421
-0.02537626
0.317768
-0.144792
-0.004294331
0.2317543
0.2744334
0.1977848
0.2401191
-0.02260329
0.1653026
0.1010788
0.167123
-0.1066186
0.01683717
0.3285809
0.1302407
0.04607136
0.09848263
0.1601765
-0.07728581
0.1000519
-0.152485
-0.2735572
0.1340668
0.06839118
0.2780885
0.1239599
0.1948242
0.05608967
0.1928694
0.05264808
0.2265257
-0.3021075
-0.3262601
-0.08318995
0.2122435
0.3649376
0.1171616
0.1022196
0.4594904
-0.05913198
0.2021226
0.05079318
-0.1842357
-0.06021636
-0.1455869
-0.1257433
0.5255528
0.2608036
0.3223738
0.1355119
0.4372145
0.03088075
-0.1830408
-0.08985154
-0.130678
0.2761165
0.498443
0.1350543
0.3528696
0.01222878
-0.05607088
-0.176335
-0.00608835
0.07860316
0.1221767
-0.1175413
-0.3946695
0.1484471
0.1399481
-0.03580302
0.1631034
0.2421521
0.1909569
-0.0966145
0.07712393
0.1794498
-0.1447418
-0.2939304
-0.2875376
-0.05204953
0.07298177
0.5303132
-0.0004345139
-0.2778851
-0.1978245
0.2110941
-0.2187061
-0.1294121
0.260475
0.1205859
0.3990544
