0.7723528
0.5309138
0.2943178
0.5252807
0.2278734
0.2686738
0.05816554
-0.1966535
0.2466095
0.01965001
0.04677841
0.4502714
0.4777136
0.00180673
0.3038789
0.06223903
0.1427503
-0.3760002
-0.05316751
-0.1955682
0.1069178
-0.07649534
0.1587171
0.08713596
-0.1279698
-0.0188698
-0.1249201
0.2968845
0.1585163
0.4042119
0.2971681
0.2638484
0.2330562
0.341381
-0.04930365
0.498002
-0.05007026
0.2386179
-0.02798236
-0.03829671
0.2819605
0.3064687
0.01142645
0.08830641
0.1304759
0.3534632
0.2806899
-0.08669501
-0.009546951
0.7262409
0.7057035
0.5038756
0.4648306
0.395169
0.1832517
0.3904432
-0.04457896
-0.1683594
-0.07556412
0.1752337
-0.07532234
-0.06035345
0.4720886
0.4291297
0.06284434
0.3684443
0.1896078
-0.125991
-0.00566713
-0.1385493
0.06280204
0.1536927
0.05982265
0.4604357
0.0634298
0.1641709
-0.007395295
0.2032819
0.4421354
0.3431048
0.2954047
-0.01433371
0.3183155
0.3110339
0.4679695
0.4691106
0.1342109
0.2563149
-0.05133289
0.1044147
-0.1294886
0.1641081
0.1686341
0.2205701
0.08064699
0.1566298
0.04545095
0.2992642
0.1792517
0.3319923
0.1497011
0.2110027
0.01336379
0.004348946
0.1452242
-0.1219129
0.1765798
-0.22477
-0.02863257
0.5099676
0.5659019
0.01491522
0.24241
0.1320188
0.161883
-0.3417305
0.05012579
-0.2096568
0.01922409
-0.1528304
0.1068772
0.09199997
-0.08374523
0.07531273
-0.3483653
0.2067707
0.06728653
0.3977827
0.2462845
0.2264057
0.2037463
0.1286298
-0.1778297
0.4421394
-0.06391219
0.1842514
-0.01311535
-0.1598234
0.2259685
0.1951079
0.09294124
0.1971872
-0.04090768
0.3991434
0.01906627
0.01933498
-0.04400357
0.5606581
0.8680574
0.4775504
0.1496927
0.2322558
-0.09664339
0.4039436
0.09977863
0.1586427
0.1139993
0.07257545
-0.05638299
-0.02336301
0.4984243
0.6054126
0.1382539
0.319041
0.3797854
-0.1668194
0.05475425
-0.01946163
0.1090733
0.1788231
0.06466338
0.5366567
0.1392685
0.3236293
-0.1704569
0.09826521
0.5447788
0.3584636
0.2869321
-0.1264585
0.2784378
0.4879832
0.3748726
0.3767807
0.0746743
0.2231423
0.02169111
0.06540127
-0.07205733
0.2461658
0.05115391
0.1469552
-0.1069218
0.06399032
-0.1056316
0.2745585
0.271529
0.3144897
0.3633052
0.4860595
0.3409109
0.2451471
0.101672
0.05496158
0.2193982
0.3475054
0.2264129
0.2026416
-0.07569849
0.3189698
0.2823834
0.3365581
0.03761025
0.307475
0.2482657
0.08442382
0.3597769
0.3468906
0.2551643
0.1492775
0.209635
-0.0429959
0.2782831
0.02815131
0.3356275
0.4130959
0.5013681
0.228768
0.1005499
-0.003982217
0.2504369
-0.02098375
-0.03568589
0.04026262
-0.04932406
0.05817971
0.1410686
0.1546812
-0.005970097
0.1645925
0.4190025
0.1831976
-0.1396633
0.002960953
0.2880437
0.433701
0.3327359
0.5760931
0.2063352
0.2094645
0.5273509
0.1541942
-0.1570243
0.1491453
0.3243653
0.2218087
0.2649315
0.2312847
0.1492491
-0.1146613
0.3828356
0.2979663
0.1562992
0.3835134
0.1724006
0.3686887
0.2703401
0.3992865
0.4222842
0.2595718
0.2421139
0.03012178
0.3137506
0.4256995
0.6008005
0.5659625
0.09669492
0.06528811
0.246637
0.5871821
0.3033709
0.009086692
0.3943867
0.2484218
-0.1079154
-0.1138577
0.2327015
0.3527902
0.4181246
-0.05070087
0.2336177
-0.03395198
0.3714708
0.03583899
0.6287671
0.6865726
0.7399352
0.4503859
0.370797
0.3349822
0.4476051
0.4064833
0.1368335
0.5576158
0.4244357
0.5691557
0.3844799
0.3933234
0.3657558
0.4074391
0.3297253
0.5112317
0.3206765
0.5654061
0.3368279
0.2159508
0.08747217
0.2661867
0.5550931
0.3145517
0.4377704
0.3267219
0.3076147
0.2071937
0.4139749
0.4358086
0.3445122
0.009084274
0.2437246
0.1463231
0.472148
0.1744868
0.4569204
0.1079364
-0.07788667
0.216725
0.1726646
0.3669158
0.2987488
0.3658265
0.6192604
0.1094349
0.7922007
0.7652049
0.7656455
0.7639778
0.4148354
0.3067278
-0.002098388
0.3095615
0.3462859
0.3540282
0.191576
0.0487217
0.466346
0.3524978
0.502198
0.2858475
0.519699
0.5164859
0.3067427
0.5078314
0.3854091
0.4169773
0.252672
0.3621376
0.04878681
0.3344508
0.5319956
0.3465939
0.3805792
0.3193365
0.2501482
0.325156
-0.06625279
0.4251892
0.4595379
0.419491
0.5249097
0.3795388
0.2963834
0.05537448
0.1224223
0.1565177
0.3177173
0.4324354
0.5125993
0.4011763
0.4562263
0.4590329
0.521083
0.6539137
0.1220643
-0.07501452
0.2600408
0.4787212
0.2154031
0.2064087
0.3970384
0.05546215
0.3892812
0.1108768
0.2039617
-0.08388883
-0.01542632
0.1017128
0.39354
0.06189394
0.264848
0.1505413
-0.1676592
-0.1438035
0.143486
0.29382
0.1862724
0.3236995
0.1959733
0.1989144
-0.05813594
0.5246855
0.1682004
0.3347373
-0.03147429
0.2011474
-0.07513141
0.252548
0.2251603
0.4466511
-0.02690951
0.02484334
0.354272
0.04389888
0.3713651
-0.04825184
0.06159232
0.6761336
0.1572873
0.5619835
0.7493832
0.6065785
0.6393818
0.2543423
-0.04802408
-0.3191912
-0.1209677
0.2325339
0.09802973
-0.03003065
0.1639418
0.3354459
0.1489928
0.3883255
0.01878442
0.1247541
0.1484976
-0.1740865
0.1515485
0.04605375
0.07947244
0.2356449
0.00111503
0.05455503
0.1953405
0.2608917
0.2900475
0.0596738
0.09215459
0.2441242
0.3277809
0.01694681
0.2724525
0.3818976
0.3167588
0.4984336
0.04577094
0.2372321
-0.1592673
-0.0172769
0.1032831
0.009413538
0.2655418
0.3551045
0.2337771
0.2328998
0.130863
0.6526145
0.4222944
0.3324968
0.2174954
0.2996265
0.4197774
0.234325
0.3468918
0.4525831
0.2681052
0.2660525
0.2823401
0.2830751
0.4754209
0.2870041
0.2865866
0.3539263
0.5649844
0.2745035
0.2673262
0.2399574
-0.02175323
0.5546822
0.2560178
0.1375884
0.3048902
0.1980428
0.1101011
0.3030523
0.3816643
0.2865009
0.2245009
0.2446194
0.1781396
0.2455262
0.05236334
0.2685556
0.1221502
0.03347604
0.08684742
0.08156026
0.4494839
0.367251
0.3923439
0.5144724
0.02478487
0.4676636
0.7272208
0.6654764
0.6061448
0.5129685
0.3474407
0.04478407
0.3805705
0.396481
0.4029212
0.2232005
0.1594438
0.2944446
0.261472
0.2192745
0.2411357
0.3700196
0.4873708
0.3767579
0.408818
0.4729114
0.5316857
0.210716
0.3077381
0.04621962
0.01361672
0.5194903
0.1273893
0.3978776
0.2402386
0.3743742
0.08573769
0.03296033
0.3396112
0.4347864
0.2992485
0.3485586
0.405444
0.2971821
0.05349477
0.1688425
0.1398957
0.1796898
0.2950688
0.6324403
0.1234015
0.4311116
0.3912536
0.1662092
0.1472712
0.2843746
0.4568247
0.4429312
-0.03823551
0.2071877
0.3059586
0.4494807
0.256385
0.2290949
0.2698228
0.2550998
0.33307
0.3494484
0.4360963
0.4969929
0.2991247
0.2053686
0.001676206
0.2780087
0.3692529
0.1266949
0.2929113
0.2725763
0.2401009
0.2021123
0.5928236
0.3693013
0.345729
0.06235462
0.2542776
0.1566685
0.3694047
0.02382618
0.3803408
0.1379174
-0.07314048
0.2882833
0.157189
0.4765579
-0.1183218
0.2653672
0.4272043
0.007436027
0.529157
0.7401522
0.6691953
0.8888585
0.3503268
-0.01329852
-0.1503898
0.1374968
0.3762364
0.2215363
0.2371046
-0.02481204
0.1402603
0.263096
0.3454943
0.1476458
0.3581301
0.329413
0.2167479
0.3803557
0.3212555
0.2973102
0.1445112
0.2162959
-0.001321712
0.3559795
0.3739451
0.17364
0.181189
0.1664793
0.1640892
0.2045922
-0.2480101
0.3290869
0.4058174
0.4384695
0.3805173
0.3043546
0.3388286
0.06506936
0.1100352
0.04405833
0.1834838
0.3944651
0.2477303
0.3956335
0.3389683
0.1884993
0.7676478
0.1251534
0.2188997
0.3629534
0.4809125
0.4630612
0.12295
0.5391322
0.7706916
0.810033
0.6089883
0.6610968
0.4816466
0.4486207
0.4022827
0.6659429
0.5722205
0.2337435
0.560666
0.01713031
0.4912674
0.4287017
0.4111647
0.3958027
0.4625712
0.1786304
-0.01595711
0.4637997
0.3325609
-0.02665491
0.1719518
0.3176276
0.168336
0.05697761
0.3081847
0.071651
-0.03866124
0.1702682
0.2922826
-0.04843686
0.4731773
0.03507157
0.23429
-0.03503209
0.3476086
0.3235404
0.3819236
0.2263567
0.6760596
0.8549211
0.4699486
0.6782445
0.09676483
0.4672504
0.3877093
0.400497
0.3702648
0.1023572
0.4565094
0.799839
0.635366
0.6640662
0.5683754
0.5304526
0.6090185
0.6309782
0.5340065
0.3742891
0.3064801
0.1197368
0.5474045
0.5087975
0.5604317
0.539603
0.2078726
0.3312507
0.1386386
0.5292082
0.4326782
0.19002
0.4871175
0.2955314
0.1621691
0.2219436
0.159339
0.2310096
0.3885402
0.07639004
0.3745017
0.05537956
0.2757974
0.3978046
0.1857553
0.3052427
0.5040996
0.2081473
0.1972915
0.1790332
0.4058287
0.6745692
0.6658639
0.8259404
0.6082736
0.617793
0.4422573
0.490801
0.700024
0.5395894
0.3982952
0.6087009
0.1818605
0.4143295
0.2627354
0.2455841
0.2631875
0.3591864
0.2259231
-0.09501867
0.4762527
0.147328
-0.08984672
0.06159316
0.3245172
0.2059889
-0.04164427
0.1880485
0.0683875
-0.169635
0.2318531
0.2041604
-0.118092
0.4011728
0.1561611
0.01566119
-0.1930629
0.1874768
0.1790476
0.2792898
0.1747152
0.389484
0.642976
0.4383624
0.794841
0.2341895
0.6501191
0.5418465
0.1656082
0.1186216
0.08741589
0.2936916
0.5783984
0.7774354
0.627693
0.7063718
0.6407485
0.6490436
0.6296875
0.3091504
0.3666145
0.1670375
0.1868294
0.5365491
0.2653389
0.4026131
0.4022235
0.1110891
0.1443387
-0.1779174
0.3372101
0.2892091
0.1011578
0.3401357
0.2143724
0.04540878
0.2421829
0.1116351
0.1602264
0.4057956
0.03807878
0.3152218
0.1581733
0.2390947
0.3200792
0.3343381
0.5958155
0.1878286
0.3047069
0.300021
0.5009396
0.1910442
0.195429
0.1531922
-0.02492678
0.35254
0.5692051
0.1111933
0.2757772
0.1016112
-0.2916788
-0.2308063
0.3544676
0.2496083
0.008671452
0.3571755
-0.1966735
0.1070558
-0.1996136
0.3914727
0.246021
0.2770719
-0.353162
0.2206562
-0.1978821
0.3428973
0.2653341
0.2672674
-0.3309465
-0.3626843
0.4191722
-0.02512783
0.4246564
-0.07138851
0.4175672
0.3455893
0.1495943
0.4091485
0.3037477
0.3935277
0.2813016
-0.04232692
0.1321622
-0.1609249
0.1139407
0.213269
0.4130899
0.02714524
0.07152439
0.0827861
0.2037973
0.4695612
0.1191973
0.3797342
-0.02468478
0.1303919
0.1366889
0.1997232
-0.001524788
0.2831008
-0.2213656
-0.3518452
0.3746873
0.320493
0.2518613
0.05469372
0.1604358
0.3076546
0.2621048
-0.295751
0.0194738
0.2654126
0.3141668
0.4284442
-0.2740631
0.313105
-0.1930262
-0.1624136
0.2931911
-0.02981059
0.3598805
0.1849222
0.3642827
0.3608029
0.2407744
0.5104765
0.06540301
0.07585154
-0.1244574
0.35448
0.2906624
0.3537803
0.3935608
0.08318686
0.4964786
0.5776436
0.4886177
0.258727
0.3667751
-0.08905012
0.04635377
0.3874453
0.04428731
-0.05104773
0.1071124
0.05199715
0.3128452
-0.2434263
0.2129947
0.07375422
-0.02373775
-0.2338419
-0.1217274
-0.2193856
0.3657508
-0.09711765
0.1586029
-0.1213935
-0.2763016
0.3989834
-0.08747821
0.1018701
-0.1295096
0.02933418
0.1844812
-0.1957586
0.2207581
0.5097637
0.2871494
0.4779682
0.1111227
0.07442678
-0.3906715
0.025206
0.4334544
0.4825007
0.4726526
-0.03419265
-0.1538858
-0.1645915
0.2550802
-0.002862086
0.4183387
0.3039699
0.1345556
0.4424274
0.08116233
0.3048184
-0.02463567
-0.1233839
-0.002060651
0.3791728
0.260445
0.01498684
0.03389524
0.1960653
0.05206642
-0.03774917
-0.4165492
0.1228155
0.1781229
0.1538621
0.3702935
-0.02879487
-0.01917523
-0.3366574
-0.1822656
0.175012
0.2342615
0.2290926
0.1629111
0.4122858
0.06114553
-0.06157798
0.1119627
0.1787124
0.2197335
0.4318162
0.4050445
0.4280833
0.5189987
0.2478357
0.6744361
0.4211146
0.4900807
0.5378376
0.4520706
0.02641159
0.02142529
0.4180069
0.2889809
-0.02692704
0.2726813
0.003626186
0.2939147
-0.1079815
0.2331533
0.3280416
0.1993242
-0.3520483
0.03396073
-0.05877964
0.220658
-0.06494709
0.1836728
-0.1081587
-0.4592073
0.3870005
0.09731852
0.3218604
-0.1129927
0.3384173
0.1966035
-0.07278246
0.3248317
0.4800982
0.2532358
0.3650321
0.2488677
0.3267013
-0.1314051
0.3334053
0.21197
0.5429406
0.4875276
0.05197504
-0.09102929
0.01073476
0.4385642
0.2966472
0.629656
0.3839961
0.3478195
0.3801544
0.3708104
0.3609148
0.2127269
0.03754971
-0.2173055
0.4598623
0.5484188
0.1721092
0.3416153
0.3638826
0.3001336
0.1180682
-0.347559
0.2450132
0.2639637
0.2012289
0.4488242
-0.003501418
0.09736136
-0.1597264
0.02938227
0.3543302
0.2459016
0.1337997
0.3385674
0.2052181
0.4220265
0.03025937
0.4054883
-0.01152301
0.2604235
0.3571198
0.3720958
-0.01214371
0.2647927
0.05682432
0.1799038
-0.002475032
0.2903899
0.3950255
-0.1141135
0.354218
-0.1580291
0.1473247
0.09501998
0.2418114
0.2273892
0.3279074
0.02931992
0.02766855
0.08195573
0.3696325
0.0530898
0.1443847
-0.03129454
-0.01957293
0.2300571
0.2266079
-0.0687977
0.1665347
0.0816261
0.2698185
-0.014107
0.1929906
-0.09856349
0.4982527
0.34086
0.2762626
0.2461835
0.2781739
-0.04607773
0.5491106
0.3592456
0.1423084
0.1690998
0.03510916
0.1443115
0.1846568
0.8454516
0.3970219
-0.04257032
0.2201009
0.504638
0.05957736
0.1908028
0.1423116
0.1877459
0.374836
0.2425023
0.5841826
0.03403562
0.3145019
-0.08374023
0.1493101
0.4086012
0.2699812
0.4133914
0.04365119
0.2435456
0.3316865
0.2934144
0.4481739
-0.004985998
0.3485606
-0.07027229
0.07473336
-0.1729958
0.1231612
0.2401606
0.1866796
-0.01700581
0.09446798
-0.07091332
0.1938889
0.2770939
0.1639111
0.5434392
0.4020305
0.40275
0.108412
0.294844
0.07310518
0.4472947
0.05522381
0.3051531
0.2569626
-0.05929304
0.04024552
0.06483043
0.5638758
0.4760533
0.49311
0.3666597
0.367155
0.1292518
0.1255495
0.2244501
0.3298608
-0.1243773
0.1434131
-0.01907576
0.3174639
0.2598289
0.3338604
-0.10312
-0.05759788
0.1933313
0.2310612
0.1949952
0.4219838
0.06069514
0.6337777
0.3478621
0.5749638
0.4414753
0.5172972
0.2320897
0.4931595
0.393473
0.06224699
0.2248184
0.07563841
0.2611405
-0.02361002
0.3126812
0.6440611
0.1501915
0.5656758
0.3973475
0.3602659
0.3691558
0.1356812
0.3439381
0.2627549
0.289983
0.4928551
0.1910987
0.1043256
0.2316007
0.5041385
0.5142545
0.4303677
0.4310314
0.09254962
0.4013111
0.2309823
0.4373984
0.416059
0.228966
0.4064498
0.1798567
0.1775729
-0.08472693
0.01674531
0.2189808
0.2110582
0.2520913
0.4856596
0.1376619
0.284915
0.4312218
-0.0009775611
-0.07347113
-0.1036632
0.1318394
0.1639458
0.07088716
0.08195612
-0.1781031
0.3063689
-0.1114771
0.1341095
-0.03897356
-0.07924517
0.4288884
0.1531592
0.0069409
0.009425897
-0.2512195
0.1034277
0.2731091
0.4335051
0.2167083
0.1774653
0.5424055
0.3794759
0.2077237
0.3405883
0.2731711
0.2055282
-0.04430583
-0.2137695
0.1352301
0.5318637
0.2522897
0.790178
0.2627086
0.1001767
0.4544466
0.1576627
0.4942336
0.2611666
0.0060473
0.1745757
0.2601677
0.3271901
0.1392305
0.132296
-0.008076352
-0.039369
0.415674
0.7454388
-0.07476265
0.1501203
0.1394096
0.02356638
0.3129611
-0.002188124
0.2374797
0.01489665
-0.09802608
0.1096497
-0.2258273
-0.1097868
0.3047981
-0.1123456
0.05588904
-0.2243919
0.4977964
0.1005318
-0.1055866
-0.04514498
0.1322496
0.3209739
0.05529712
0.08012659
0.5217286
0.3736639
0.149379
0.05328085
-0.02284096
0.476493
0.3841146
0.06391721
0.4743605
0.6237216
0.7297382
0.7278551
0.383328
0.340366
0.4626045
0.7207011
0.4281011
0.4855528
0.3029883
-0.1438
0.04628095
0.4535942
0.362077
0.2004798
0.8427112
0.2447223
0.6251625
0.1468913
0.3838426
0.4713964
0.4069087
-0.347538
0.1791896
-0.00356835
0.274244
0.1465976
0.5730465
-0.3210428
-0.2390161
0.5844816
0.3367975
0.2522698
0.03949803
0.08166396
0.3660269
0.1552355
0.5789085
0.4831267
0.4447498
0.4373968
0.3293443
0.2775969
-0.08188132
0.1724238
0.1856288
0.3806477
0.141429
0.1678974
0.3524958
0.1319137
0.9087673
0.450719
0.6265448
0.300629
0.2473536
0.4750359
0.3679362
0.2262254
0.6052309
0.04074928
-0.04649364
0.5847506
0.3832556
0.7464761
0.3751089
0.5645064
0.2253946
0.6283819
-0.06731629
0.554504
0.471875
0.4428104
0.7518418
0.05159252
0.29052
-0.08239262
-0.1686114
0.4439647
0.3276764
0.3168979
0.2134028
0.3809852
0.3584083
0.1983301
0.8943751
0.6030096
0.6241289
0.5578773
0.4942552
0.5489569
0.598364
0.4990202
0.1493634
0.4362564
0.2027492
0.2553015
0.1971946
0.6097185
0.4554821
0.7757669
0.2126535
-0.05711786
0.33977
0.1994914
-0.1507136
-0.03654668
0.1870249
0.0609003
-0.1947081
0.2568693
-0.09918137
-0.06126792
0.3173015
0.3558894
-0.08525314
0.1793232
-0.1106569
0.1320407
-0.0104474
0.3052879
0.2875747
0.2709292
0.2274155
0.5636362
0.4951894
0.2558862
0.4632565
0.125284
0.4789384
0.4346775
0.2306427
0.268238
-0.06495706
0.6264501
0.6681501
0.6275754
0.5734819
0.5089758
0.5993432
0.5273233
0.5110827
0.6599961
0.2769335
0.2479431
0.2926575
0.3080925
0.6478149
0.5675056
0.6951689
0.01505901
0.363865
0.07977007
0.5848062
0.3445685
0.1175396
0.5487198
0.2932104
0.05216597
0.07400979
-0.03081242
0.2798276
0.4320321
0.02352365
0.1218144
0.07373173
0.1456736
0.1911204
0.5614332
0.5560214
0.4962013
0.5342663
0.5370771
0.556641
0.5395178
0.1051328
0.4371388
0.227241
0.3536008
0.2956402
0.6317002
0.4064281
0.7076653
0.2146422
-0.003605479
0.3384452
0.2390057
-0.1737589
0.009849178
0.1612103
0.112527
-0.06228121
0.3406174
-0.07513956
-0.07386302
0.4341709
0.3613679
-0.06922658
0.208267
-0.06998491
0.1763504
0.01442261
0.3275396
0.3709264
0.2716334
0.2251878
0.5290132
0.5848765
0.1937578
0.4289509
0.1895741
0.4645163
0.3877458
0.2396251
0.2543448
-0.04530723
0.6701468
0.6745222
0.6438392
0.560602
0.4197047
0.5863613
0.4594648
0.516525
0.6382839
0.3020795
0.2421675
0.3320267
0.4375979
0.6615278
0.5528908
0.6233239
0.08909595
0.4343088
0.1268284
0.6453458
0.3395274
0.1372889
0.5790941
0.2088138
0.04707409
0.02981675
0.02398825
0.3734431
0.5009419
-0.004547405
0.1796636
0.1164809
0.2595558
0.1530694
0.5249341
0.6787123
0.4845946
0.5755902
0.6152489
0.5071853
0.3817492
0.4525416
0.395498
0.3152974
0.1868981
0.06111315
0.1041995
0.2795939
0.09075992
-0.07564379
0.504018
0.01159154
-0.2115121
-0.08135005
0.2112019
0.3389874
-0.1177934
0.01910857
0.006798281
-0.3882215
0.215168
-2.603485e-05
-0.0716072
0.2865825
0.0338776
-0.1643681
-0.4499016
0.06218364
0.1782987
0.2611055
0.3126632
0.2854292
0.490914
0.2534266
0.6140762
0.1896317
0.5457472
0.4893128
-0.02017691
-0.1019765
-0.03718943
0.2256984
0.3938029
0.8651771
0.6016608
0.6622562
0.6193951
0.5931593
0.5763
0.05072133
0.266409
0.01432593
0.3629053
0.4694717
0.02271071
0.2606033
0.3536482
-0.02871489
-0.06328277
-0.4611538
0.1434917
0.1228896
0.14807
0.2115894
0.1920966
0.01879435
0.1351166
-0.04101539
0.08073215
0.307266
0.2023804
0.2008513
0.2437731
0.06567633
0.1476109
0.4135823
0.2548736
0.5169962
0.5093932
0.5920521
0.5842138
0.6891234
-0.1059378
0.4606719
0.1914215
0.2322888
0.510168
0.5697127
0.394036
-0.2752156
0.09691569
0.02856477
0.3119636
-0.1468812
0.2934394
-0.01116691
-0.1141773
-0.02330198
0.334699
0.2317621
-0.02775357
0.3607831
-0.1729549
0.3079622
0.0203031
0.02683262
0.0218458
0.2899176
0.3184491
0.3022211
0.1525504
0.6440974
0.581385
0.4771868
0.6308158
0.3728596
0.4020428
0.3731678
0.1404782
0.3258283
-0.04777318
0.2186677
0.5895978
0.4653385
0.7839819
0.6344872
0.5372462
0.573486
0.7644547
0.4052346
0.6372021
0.4221276
-0.02431797
0.4140622
0.3547695
0.6062459
0.5474972
0.05879388
-0.01934117
0.2167067
0.5181405
0.2022424
-0.1665072
0.3150588
0.6681546
-0.1886569
0.2278845
0.3671964
0.1175416
0.3413972
-0.1426497
0.2712374
-0.00314615
0.3076043
0.2339346
0.5171922
0.5752124
0.5514435
0.4780416
0.1431544
0.2950213
0.3513105
0.122161
-0.03686122
0.2999208
0.1889441
0.3740904
-0.00239856
0.1050435
0.3439601
0.06906241
-0.274394
-0.0714702
0.05027758
0.1500113
-0.04803614
0.2271817
-0.02751631
-0.2581978
0.3479992
0.1958561
0.01436129
-0.1286541
0.1897228
-0.07243638
-0.2073989
0.1120832
0.3022344
0.235902
0.2650463
0.1965202
0.3518881
0.002077586
0.3850571
0.2905107
0.505892
0.5221063
-0.005761608
-0.1023916
-0.06498176
0.3126257
0.3254279
0.6251573
0.4937429
0.5074619
0.4804503
0.3705998
0.3988101
0.1701114
0.0713424
-0.01636165
0.3569549
0.3336988
0.212012
0.2803358
0.3803017
0.1630204
0.06473224
-0.3440323
0.24915
0.2005873
0.1784698
0.4787526
0.07233169
0.005075979
-0.003370833
-0.07296747
0.232811
0.2610956
0.0795794
0.1972386
0.1504097
0.2771112
0.1009028
0.4216199
0.4443097
0.2374148
-0.1545716
0.1203301
0.4395375
0.3687423
0.1685593
0.4633342
0.06747655
0.4040613
-0.1029964
0.297283
0.3587014
0.2166607
-0.2926557
0.1316298
-0.06050233
0.3981868
0.2202785
0.467298
-0.3109295
-0.2455423
0.602647
0.1063426
0.1417129
0.1542135
0.1573968
0.2997335
-0.02379474
0.3903299
0.3831563
0.4415404
0.354555
0.1099051
0.2408043
-0.1271739
0.2117855
0.3962238
0.4506736
0.1730009
0.1056573
0.2469695
0.1089285
0.5165393
0.240635
0.5891393
0.1949652
0.26242
0.492206
0.3439194
0.2437666
0.2681675
-0.1400727
-0.1464041
0.4520575
0.3712821
0.3086135
0.05220261
0.2694924
0.2009196
0.2664833
-0.400669
0.1577076
0.319721
0.3060764
0.5591969
-0.1396437
0.1948118
-0.1865021
-0.3014666
0.2801933
0.131602
0.3208194
0.3136625
0.4709549
0.2382003
0.2048112
0.5015052
0.555742
0.3691277
0.399678
0.295267
0.14647
-0.1092878
0.2507358
0.3307547
0.5538514
0.2490314
-0.02520936
0.1244144
-0.06443897
-0.08020188
-0.2661323
0.02830295
0.1036175
-0.354683
0.014681
0.0479452
-0.101582
0.3467137
0.2698186
-0.0169842
-0.07961348
-0.02002371
-0.003051333
-0.1215443
0.1238368
0.4029649
0.1556942
0.3544451
0.3856154
0.2590526
-0.009997451
0.2967547
0.4061241
0.4557526
0.4637397
-0.06534332
-0.1406808
-0.2060804
0.3014076
0.3072946
0.485308
0.5511794
0.4667918
0.7083771
0.4834669
0.6147695
0.1724496
0.3164099
0.09536468
0.3406908
0.263263
0.2301556
0.4324322
0.4943131
-0.1040335
-0.1171106
-0.2841365
0.3895915
0.1646374
0.03684462
0.3114179
0.3694932
-0.1750609
-0.0788039
0.136098
0.1042762
0.4600377
0.02382795
0.07552074
0.3559851
0.2237489
-0.143781
0.4478133
0.4080538
0.4891176
0.1249057
0.4658678
0.2082235
0.3727895
0.3754529
0.3657712
0.3389388
0.2558928
0.611582
0.4947656
0.02188742
0.3455927
0.4732112
0.170939
0.1120801
0.3653567
0.160934
-0.1274263
0.3004217
0.3878027
0.1737147
0.2198151
0.2115554
0.3285403
0.06582266
0.4452312
0.4067583
0.5357995
0.4689978
0.5291005
0.5375276
0.3223639
0.6681454
0.1425054
0.5182724
0.4172709
0.2611626
0.2503152
0.2860558
0.3726705
0.6511266
0.6219156
0.5120784
0.6537527
0.6060618
0.8374881
0.5163901
0.421489
0.3823307
0.1108978
0.1488537
0.4867619
0.3626176
0.5151225
0.4138987
0.1678739
0.1995872
-0.1780912
0.4159028
0.5748935
0.3219752
0.4861116
0.2168886
0.3220332
0.3357722
0.1933747
0.1860922
0.345713
0.1950793
0.346789
0.1778334
0.3933335
0.3619304
0.4700313
0.5536848
0.1488964
0.2637745
0.2264375
0.1134717
0.3534609
0.4811142
0.2252374
-0.1888188
0.03749102
0.0193334
0.002901948
-0.2867318
0.01044612
0.2534039
-0.08755549
-0.03663955
0.2789692
-0.02498313
0.1592729
0.1825511
-0.2056752
0.1075998
-0.1492599
0.1642145
-0.066341
0.1889446
0.4928235
0.2846107
0.3134254
0.6195389
0.5264424
0.1800408
0.4215204
0.2554714
0.2437768
0.4698299
0.3523807
-0.03035644
-0.3104532
0.2588149
0.5192629
0.5233355
0.7174246
0.3976736
0.5148895
0.4536659
0.7105375
0.3615119
0.5392129
0.4629337
0.2582591
0.4429046
0.2628085
0.4759319
0.5894628
-0.1517761
-0.08037356
-0.02572864
0.4603443
0.1736415
-0.1841596
0.2022245
0.389733
-0.2630754
-0.01605946
0.3818983
0.09788952
0.4223514
-0.1106178
0.07556252
0.1266444
0.1696424
-0.01408937
0.653778
-0.1114845
0.3234554
0.2138969
-0.1642737
0.4413867
0.1695491
0.6496797
-0.2987827
0.03593254
-0.126898
0.5504799
-0.1775703
0.4777958
0.06593052
-0.1241417
-0.2022419
0.7166215
0.3147703
-0.1075105
0.2453694
-0.2341242
0.230161
-0.01453831
-0.1102088
-0.05835374
-0.001900847
0.1331561
0.1124036
0.1754784
0.4018709
0.2843833
0.4035912
0.4907526
0.2978385
0.1226905
0.3231664
-0.08403893
-0.01248024
-0.06382044
-0.1703491
0.251118
0.258929
0.568044
0.4528752
0.4148094
0.4433856
0.6024502
0.002319948
0.8326915
0.4137742
-0.1099037
0.3055538
-0.06817598
0.394263
0.2238359
-0.2398583
-0.3150301
0.03626067
0.311477
-0.01132292
-0.3123183
-0.1778084
0.6691045
-0.2537769
0.4495658
0.6149616
-0.08082512
0.3300146
-0.2000453
0.0826987
-0.05935974
0.09701329
0.04486322
-0.2985381
0.1990095
0.1562989
-0.01398122
0.455222
0.4130934
0.4472688
-0.3699687
0.004127375
-0.01351836
0.3502938
-0.1526389
0.3829789
-0.1119873
-0.07540385
-0.09577345
0.4519695
0.3368148
-0.06466347
0.3292205
-0.4450228
0.2314573
-0.1779757
-0.06258057
0.07343706
-0.006180614
0.04616947
0.1993345
-0.004649698
0.5372061
0.4748293
0.5450914
0.6343042
0.3695492
0.2845287
0.4739816
0.2823643
0.1444412
-0.09904418
-0.1068351
0.5563283
0.2883134
0.592935
0.6486214
0.5352544
0.6085292
0.7073475
0.2648993
0.5523996
0.6514738
-0.2945178
0.1947921
0.1803843
0.4180984
0.4020841
-0.2319319
-0.2091923
0.1654379
0.3517957
0.1308807
-0.2940241
0.0873845
0.400971
-0.2691488
0.2967774
0.3838442
-0.08408164
0.3834782
-0.2788501
-0.01396672
-0.07889868
0.02062523
0.2154389
0.1268877
0.1283454
0.2672553
-0.1205498
0.1797112
0.0279746
0.2517804
0.4162849
-0.02617028
-0.3213235
-0.0535549
-0.1251707
0.4622337
0.09705747
0.3042007
-0.2539823
-0.4775779
0.5840075
-0.0923475
0.3180517
-0.1092004
0.09189014
0.01643033
-0.44139
0.03653692
0.323773
0.07252787
0.3410905
-0.1661809
-0.05673315
-0.4657354
-0.2276139
0.03979206
0.07702566
0.07775053
-0.1132846
-0.303344
-0.1406889
0.4519589
-0.2091409
0.5502931
-0.02542161
-0.1377276
0.1170101
-0.08230771
-0.09319668
-0.06592643
-0.07021428
-0.4625164
0.9153576
0.3051845
0.007036072
-0.1347016
0.1704861
0.09117447
0.2696118
-0.5336156
0.03572223
0.0804262
0.2017353
0.1627422
-0.2243464
0.05676512
-0.183603
-0.2921397
0.3865834
0.1587056
0.317501
0.0904681
0.3892808
0.04673505
-0.2325521
0.6697589
0.2935183
0.4117375
0.1380395
0.4234247
0.2644844
0.466553
0.3830185
0.2159463
0.3946131
0.4390117
0.3893474
0.3625779
0.3912441
0.2585305
0.03847013
0.2386276
0.2589162
0.3678452
0.5501003
0.3141655
0.4377112
0.1021502
0.4350294
0.4810786
0.5046379
0.3195992
0.4793598
0.4703338
0.2747473
0.5017513
0.310623
0.3740573
-0.01542035
0.1789652
0.4553418
0.3290799
0.3764789
0.3443543
0.5075346
0.4225589
0.2338143
0.3359894
0.4000267
0.4645718
0.33057
0.4528261
0.05951149
0.244008
0.8770284
0.2434542
0.4149995
0.2465467
0.2949191
0.353383
0.09186809
0.4889431
0.3970419
0.2798377
0.2732237
0.3420031
0.3072833
0.3237461
0.3829102
0.3271643
0.3339433
0.281228
0.6735935
0.312774
0.5219238
0.4573405
0.1825586
0.3845839
0.06542798
0.2872284
0.1670614
0.3773513
0.2685947
0.224272
0.2903883
0.3581416
0.4905244
0.3281534
0.3260859
0.2134449
0.149484
0.1859452
0.01095535
0.06928016
0.5558801
0.04063401
0.2539103
-0.1171722
0.1059404
0.2400071
0.2789006
0.2411121
0.3356779
0.4333164
0.2660335
0.298107
0.02894651
0.01963937
-0.1203323
0.136676
0.1500831
0.137672
0.2654266
0.2500662
0.3586881
0.2573327
-0.006749285
0.09602303
0.1046482
0.2607843
0.2918329
0.3287347
0.2360658
0.2147593
0.6355941
0.1547739
0.183059
0.1409396
0.03726343
0.404153
0.1885325
0.3176223
0.2707944
0.2030437
0.01231387
0.2408813
0.2550516
0.3422136
0.1346081
0.1723502
0.1947391
0.1415234
0.3934028
0.0780767
0.07069531
0.3362716
0.3899461
0.606136
0.3129172
0.3751288
0.359342
0.4889095
-0.2062827
0.2991081
0.102943
0.08157108
0.2572641
0.6824839
-0.2038527
0.02624657
0.533106
0.5956247
0.2222992
-0.0763528
0.1873003
0.3697836
0.3722901
0.5535905
0.358167
0.2772734
0.2203607
0.2694567
0.1985621
-0.02187122
0.08287964
0.09354126
0.2570563
0.09328882
0.1475582
0.4479988
0.2371615
0.8520233
0.4648733
0.3246348
0.1432651
0.1467923
0.3205219
0.1905978
0.02497995
0.6982617
0.07124564
0.006646318
0.4043407
0.2448521
0.8672832
0.4159244
0.4962539
0.2480593
0.8070482
0.2569793
0.6643473
0.4804783
0.3655709
0.7386754
0.0191141
0.2808505
-0.0003421117
-0.05821894
0.502137
0.3858472
0.1287356
0.1351307
0.1966196
0.4925867
0.2319978
0.5893026
0.6230942
-0.0634049
0.1165892
0.1596772
0.3574697
0.08489734
0.4756606
-0.003771031
-0.05711331
0.2053049
0.4331698
0.5169355
0.112632
0.6129838
-0.09559306
0.131966
-0.006584129
0.2604388
0.2538576
0.192496
0.3331834
0.1971743
0.1769317
0.6097801
0.2412691
0.2349461
0.3115955
0.2832608
0.1655333
0.251354
0.1577249
0.2754021
-0.04083403
0.2177981
0.4349287
0.1142165
0.4586247
0.2555964
0.4530073
0.2424916
0.4593804
0.4423966
0.5273239
0.5221969
-0.00405472
0.3259882
0.4466323
0.6105992
0.5097594
-0.1272507
0.226493
0.4007598
0.6889415
0.2679542
-0.06184984
0.2283086
0.5231539
-0.03176992
0.3602398
0.3289725
0.1962641
0.5321849
-0.1240394
0.2330094
-0.01019108
0.2292109
0.3154373
0.2749902
-0.2143383
-0.03322525
-0.007619807
-0.04447524
-0.2679959
0.02150224
-0.03166376
-0.18995
0.1470671
-0.01454209
0.1339634
0.36589
0.5140707
-0.1616105
-0.08498329
-0.1667892
0.1846892
0.2107379
0.29225
0.3923367
0.1483857
0.1584279
0.5514268
0.2580018
-0.0123515
0.1678588
0.3002009
0.3176203
0.436466
0.1767634
0.2056372
-0.2739244
0.5682123
0.4861092
0.3759272
0.4772252
0.3406453
0.579994
0.3274127
0.4607772
0.6491711
0.3012378
0.3382455
0.2506466
0.1566207
0.6626542
0.6135885
0.8163236
-0.1077562
0.2040349
0.2251065
0.6482487
0.1635402
-0.2207437
0.507157
0.3099082
-0.2685965
-0.1332624
0.01442438
0.3560686
0.5291014
-0.17111
-0.0493323
0.03670269
0.1653864
0.01429777
-0.02418587
0.2127226
0.1424732
0.4872555
0.1255928
0.6112908
-0.02932204
0.1761451
0.1974906
0.606681
0.419479
0.1005992
0.6089482
0.0221146
0.07792805
0.02914887
0.1109677
0.2389374
0.1788867
0.1401968
0.1445508
0.1324432
0.3823967
0.1199004
0.3072712
0.2432001
0.1890834
0.0396041
0.07891814
0.04670394
0.2360281
0.1571257
0.159689
0.2740701
0.1253776
0.2948204
0.2186596
0.3032095
0.2818037
0.3082859
0.2427619
0.677619
0.3525004
0.1141512
0.3199235
0.3143396
0.3964127
0.2948235
-0.1719578
0.2354056
0.2546204
0.5927901
0.201663
-0.07051167
0.07165783
0.425516
-0.03284739
0.5497928
0.6068525
0.2030357
0.5144712
-0.02502134
0.05721584
0.1128038
0.2645895
0.1715093
0.5085154
0.7029581
-0.08989648
0.6814805
0.144385
0.344166
0.4029332
0.6928265
-0.1358432
-0.1396395
0.3353586
0.05040528
0.6205758
-0.1317353
0.34432
0.4213311
0.1269497
0.404936
0.3429498
0.445284
0.524758
-0.03691719
-0.1707106
-0.2302177
-0.0627185
0.1265232
0.03963143
-0.1238679
0.1416156
0.1511591
0.5098755
0.3522316
-0.01825057
0.07832385
-0.2030822
-0.1579114
-0.02697077
0.0551021
-0.223702
0.09756816
-0.2701049
-0.26432
0.3280462
0.2131687
0.1440917
-0.1799238
-0.2227395
0.3056319
0.5669185
-0.1860005
0.07937779
0.6029866
0.81501
0.3462067
-0.202495
0.7117131
0.06349385
-0.1176298
0.1019319
-0.05442446
0.5178781
0.2466184
0.4206924
0.343648
0.2473578
0.5122507
-0.0927672
0.6274783
0.4844449
0.4008349
0.3125801
0.598434
-0.1391596
-0.3151083
0.3442467
0.1577729
0.4950875
0.3397225
0.3632041
0.2565759
-0.2601567
0.2408829
0.2383
0.4132183
0.4492588
0.1498484
0.3268978
0.1113646
0.3275597
-0.1394762
0.2903032
0.09581217
0.1380313
0.1303778
0.4715124
0.3974126
0.3000376
0.5823396
0.07440708
0.3016003
0.1966622
0.4271724
0.03508463
0.1209012
0.003821582
-0.3374199
0.4201865
0.4683578
0.1452318
0.09253017
0.06606271
0.3603717
0.5390688
-0.2832237
0.1989402
0.4659477
0.6544902
0.2984231
-0.08706906
0.6898677
0.3880938
-0.1131031
0.3106565
0.2008516
0.5874935
0.3950482
0.3141518
0.2814214
0.3800403
-0.0615692
0.7290427
0.2941896
0.1517805
0.4630345
0.6173487
-0.06727803
-0.04857658
0.2288763
0.3128369
0.3471276
0.1075533
0.1902744
0.4268616
0.3157165
0.4024747
0.2478839
0.3848848
0.262519
0.3306223
0.2318022
0.1087796
0.3194057
-0.05776804
0.08112398
0.04581394
0.5057315
0.3600997
0.3983886
0.4044735
0.4421229
0.1601511
0.007751014
0.1029701
0.07777298
0.3691063
-0.002318336
0.4504365
-0.0306924
0.05111962
0.1218431
0.3029775
0.3867125
0.1941411
0.1102783
0.2045872
0.6021428
0.1281393
0.349611
0.8404223
0.6427688
0.3652965
-0.1420392
0.6087181
0.1991542
0.02435149
0.2041008
0.09869858
0.2297549
0.2677331
0.09867238
0.3933965
0.3949978
0.1277321
0.5239411
-0.07317144
0.09557406
0.04612329
0.6951503
0.7311814
-0.1852494
0.213656
-0.0007905844
0.1848363
0.03056747
-0.001375498
0.008641092
-0.0616049
-0.02288553
0.006647452
-0.02423332
0.1886175
0.03954325
0.228806
0.107141
0.2415613
-0.1018045
-0.06769779
0.04550599
0.1508868
0.162792
-0.3764957
0.01027799
-0.3173235
0.1250903
-0.04486054
-0.0551303
0.02644619
0.1584211
0.004452806
0.4659251
0.3582574
-0.325816
0.03329594
-0.1803395
0.02764109
-0.1713716
0.02366782
-0.1058851
0.3251845
0.1283347
0.05192195
-0.2705243
-0.1864606
0.4963105
-0.01692261
0.4584411
0.5338039
-0.03959338
0.06575331
-0.1466647
0.09526826
-0.1436624
0.04880782
0.109716
0.5586382
0.2263836
0.5174074
0.68138
0.02026352
0.02516738
0.1562075
0.312542
0.5608198
0.1717374
0.5255241
0.3528082
0.2150018
0.3173988
0.06768418
0.353026
0.1909963
0.0383037
0.1342157
0.1785894
0.2235052
-0.06726088
0.08049762
-0.1213429
0.2218484
0.3361035
0.7361823
0.1343136
0.2695395
0.01436779
-0.2582994
0.05462064
-0.07161379
0.1814863
-0.2325687
0.1470436
-0.1496397
-0.1787748
0.001066134
0.2432486
0.1363843
-0.04005384
-0.28149
0.4449189
0.56855
0.03475704
0.1202957
0.5591258
0.6887499
0.2157729
-0.2186032
0.8768266
0.4727879
0.01601221
0.2164051
0.0895414
0.4803947
0.27038
0.2320416
0.4264183
0.5412261
0.04123873
0.1635382
0.2995399
0.5825529
0.3108995
-0.03781692
0.4585675
0.1557877
0.2721664
0.2171559
0.05613338
0.03440177
0.09458057
-0.07021785
0.1904679
0.1161748
0.2994299
0.2758371
0.5216667
0.4721138
0.08299646
0.1139609
0.1541268
0.0872886
0.2326303
0.4882716
-0.05512876
0.4053057
0.1325455
0.1865876
0.3184149
0.1848641
0.3484776
0.2045083
0.108368
0.4299336
0.2386013
-0.1115527
0.2855544
0.07520771
0.2615799
-0.008970109
0.07449207
0.2362486
0.1528266
0.3233757
0.2434343
0.2128225
-0.00501889
0.3187042
0.4333991
0.8803123
0.4322421
0.06189237
0.3971587
0.1909608
0.1811389
0.09637063
0.1782903
0.4071215
0.3706866
0.3223549
-0.08115525
-0.3300374
0.3527131
-0.1158302
0.3342238
0.3048366
0.284705
0.2447771
-0.2155088
0.1499526
0.3990481
0.4311713
0.4573475
0.0984135
0.192227
-0.1694164
0.1152454
0.2022897
0.2402875
0.08743845
-0.01771027
-0.08318517
0.1875682
0.2361223
0.04697817
0.4590151
0.149093
0.08657356
0.3154215
0.08255437
0.1393425
0.04065361
0.05413291
-0.1384793
0.482918
0.4345838
-0.05689254
-0.04921352
0.04990065
0.05650223
0.1962621
-0.2773034
0.04956416
0.1971955
0.3952948
0.08856933
0.06959559
0.3520764
-0.04349727
-0.07110335
0.1525094
0.2610159
0.5844057
0.1415023
0.5803089
0.19337
0.2681104
0.5637919
0.09161348
-0.01900433
0.2318126
0.3055624
0.320462
0.03643336
0.3266816
0.2260684
0.2405427
0.2731571
0.1270109
0.2917694
0.01400098
-0.0234115
0.1374989
-0.03872096
-0.0004691378
0.05987605
-0.01718886
-0.2052277
0.2876353
0.3204312
0.4216007
0.1516511
0.1273832
0.05702804
-0.1805999
-0.05463034
-0.1225821
0.03800796
-0.2499693
0.1515193
-0.06383322
-0.06983938
0.09776379
0.2526313
0.1303974
-0.128433
-0.1139339
0.2846143
0.40393
0.0580378
0.1164602
0.3353211
0.2659915
0.2229965
-0.3522984
0.3290967
0.1026699
0.1018135
0.3447825
0.05299775
0.3070677
0.1155112
0.1613322
0.4189175
0.3464639
-0.07384042
0.05280421
0.5254362
0.4365906
0.4901749
0.05199973
0.4185304
0.4602876
0.1829633
0.4590781
0.3738572
0.4211875
0.3112946
0.07519654
0.1179818
-0.1299193
0.05335299
0.183316
0.1494467
-0.001902534
0.2660777
0.4174599
0.5408655
0.5044987
0.2475118
0.2184987
-0.08874743
-0.02925998
0.1306776
0.1075387
-0.1544501
0.3775227
-0.08306939
-0.1435869
0.3801756
0.3121006
0.4261635
0.0170528
0.006883219
0.4662692
0.7879796
0.01198761
0.3879261
0.6144714
0.5819204
0.5511444
-0.1850088
0.6027289
0.1373092
-0.06606449
0.4382026
0.240048
0.3849197
0.3192799
0.2963919
0.5325789
0.3602736
0.5428879
-0.2570262
0.3167209
-0.1234995
0.01023809
0.03368059
-0.05496957
0.1431887
0.08816227
0.06263543
0.06004652
0.08179941
0.3158347
0.1549638
0.3875004
0.2966827
0.3034139
-0.08205703
0.1782148
0.01445912
0.1378223
0.1279887
-0.2875086
0.1782321
-0.09554059
0.3803043
0.1192853
0.1308077
0.0768499
0.3525779
-0.07320025
0.6975234
0.5733355
-0.2261819
0.2255663
-0.07869609
0.2233408
-0.003465203
-0.1435505
-0.2056597
0.2369123
0.2562456
-0.02321087
-0.2706659
-0.1732373
0.5255155
-0.149744
0.57526
0.7611057
-0.1091745
0.2558812
-0.2095582
0.08045848
-0.1338123
0.07657992
0.137006
-0.1575294
0.281635
-0.3185321
0.0774269
-0.07567437
0.05730992
0.2651637
-0.04715578
-0.1078426
-0.1368128
-0.1619583
0.1773428
-0.07348104
0.3053353
0.03655342
0.2254273
-0.2041997
-0.1268541
0.08439781
0.2433643
0.03583985
-0.2647444
0.03699469
-0.4738934
0.02831465
-0.1398281
-0.02651666
-0.1103995
0.09953837
0.1941975
0.3177532
0.5694197
-0.4196883
-0.1647034
0.139746
0.03770068
-0.03743033
-0.1251882
0.03352792
0.5778527
0.1662197
-0.01405974
-0.3236467
-0.04784833
0.3828221
-0.1447906
0.2849455
0.389871
-0.09959942
0.009908088
-0.4205198
-0.008337593
-0.23991
0.008446674
0.136938
0.2713047
0.1986292
-0.1664747
0.02777128
0.1570482
-0.066761
0.1102
0.3497431
0.08808939
0.2264944
0.03852992
0.05447187
-0.3779455
-0.08340207
0.1299509
0.3020212
0.08492184
0.00366702
-0.08693784
-0.06878067
0.5641354
0.09553601
0.4335338
-0.03426489
-0.06759644
0.2833263
0.1211742
-0.04759397
0.3408354
-0.08043094
-0.245101
0.6285684
0.3505954
0.3482929
0.01639961
0.2040575
0.1979404
0.4440886
-0.2709777
0.3097546
0.2982807
0.1960267
0.5135618
-0.2412065
0.1331167
-0.1617496
-0.1582352
0.6115761
0.2460185
0.08164773
0.06534211
0.3523323
0.2798567
-0.1682825
0.1332298
-0.2133435
0.2046201
0.1857886
0.4974752
0.3442802
0.1924926
0.1157906
-0.03354211
0.4164203
0.2004419
0.1634641
0.2052422
0.2066766
0.2133015
0.2876131
0.2218749
0.4146421
0.2386529
0.2927566
0.5690057
0.04489918
0.1801067
0.3363711
0.3555387
0.3041195
0.1448157
0.4800378
0.3263428
0.2260367
0.0008597142
0.1855708
0.548335
0.5208478
0.4029347
0.140347
0.3647939
0.2958279
0.6861884
0.3096011
0.002439996
0.446392
0.1253734
0.08234161
0.2915382
0.3947347
0.4656335
0.6172041
-0.01087547
-0.02094083
0.06849603
0.5685433
0.2554647
-0.04316142
0.5829237
0.4322348
0.03567449
0.4157737
0.4679174
0.4739227
0.4065256
0.008279981
-0.04591678
-0.3235911
-0.1219354
0.09366191
0.1618044
-0.159731
0.02385819
0.196774
0.5496536
0.2662259
-0.07787954
0.1284777
-0.1645995
-0.09778706
-0.1085395
0.007568396
-0.1817309
-0.01437387
-0.1278082
-0.5076456
0.3436264
0.3415611
-0.01188574
0.03114103
-0.1321852
0.5938262
0.3562953
-0.2020527
0.1361782
0.339888
0.5602469
0.2429509
-0.1143633
0.6326241
0.08392337
0.02879048
0.3459472
0.08057279
0.7348801
0.3934577
0.3518747
0.5012674
0.2700084
0.09442442
0.2917829
-0.1421442
0.08082147
0.059315
0.2539541
0.0566501
0.2861936
0.4907187
0.4253375
0.4753431
-0.007310602
0.2005392
-0.05265913
0.2097663
0.3348969
0.1898729
0.05233405
0.1927049
0.3244954
0.3033719
0.2127498
0.2453583
0.3086273
0.3885497
0.1321605
0.2927853
0.1037189
-0.07840029
0.4168605
-0.0006060571
0.1967568
0.09715652
0.05315129
0.1003896
0.2015779
0.06305006
0.1603563
0.147358
-0.09725609
0.3289441
0.2357266
0.2376161
0.08308145
-0.05784924
0.1016484
0.1815614
0.5299906
0.06402339
0.01816212
0.4494527
0.2198547
0.1393617
0.3573972
0.2348338
0.3657341
0.1821666
-0.1483514
0.1267319
0.03765446
0.1881202
0.2481649
0.2045166
0.02776821
-0.1689316
0.2119125
0.6619191
0.0403918
0.0270722
0.1235448
-0.08909847
0.1864071
0.03933844
0.04363369
-0.08292292
-0.0798979
-0.01177323
-0.3483992
0.06250412
0.2609168
-0.01095179
0.04083158
-0.2141886
0.5881074
0.223374
-0.1147882
0.003739527
0.1436735
0.3771273
0.1835572
-0.0287996
0.4982243
0.1876472
0.04390354
0.2138283
0.09087593
0.425273
0.3698022
0.1802741
0.6646741
0.5091099
0.4617419
0.663885
0.6344577
0.6426575
0.4580472
0.396568
0.1167927
-0.09044768
0.0453473
0.1752118
0.1469407
0.02041729
0.4388298
0.5611983
0.3035176
0.3928869
0.1902157
0.08674095
0.1124946
-0.0217321
0.2245254
0.2587334
0.1604089
0.3765207
0.08805033
0.004197797
0.1062654
0.3377119
0.3570656
0.2807193
0.222343
0.1642437
0.3911667
0.2026323
0.3504396
0.4809732
0.3299326
0.3593025
0.06936408
0.3659812
-0.0774121
0.1272533
0.1427282
0.218656
0.3796515
0.4251915
0.2736714
0.3634465
0.4013541
0.4685165
0.09985041
0.1672447
-0.1403045
0.2285715
-0.08280483
0.1023478
0.045304
0.1860554
-0.02550556
-0.0432243
0.2662391
0.5342786
0.2447565
0.2012446
0.2578774
-0.3151278
-0.06655009
0.006697909
0.1215638
0.1182787
-0.01331896
0.410676
0.07384361
0.2586616
-0.3114988
-0.0531719
0.4957499
0.3170754
0.1673003
-0.0478739
0.1777344
0.4568086
0.3235592
0.2463473
0.0441743
0.2373884
0.02679796
0.0728965
-0.01838618
0.252674
0.07785886
0.1702242
-0.08321641
-0.01645234
-0.03053699
0.3716461
0.2672678
0.585581
0.688561
0.5117077
0.357779
0.2416677
0.08390633
0.2164766
0.2432709
0.2638393
0.01571415
0.1813945
0.7104842
0.5186668
0.568062
0.385427
0.2885947
0.3478769
0.2174514
0.324806
0.3404474
0.2285948
0.3899998
0.2623622
0.06827208
0.1527007
0.3571462
0.5506277
0.4133256
0.2902459
0.3414789
0.4093505
0.1178623
0.435266
0.4279556
0.3587848
0.6353995
0.2082646
0.3110748
0.04121672
0.230619
0.20843
0.2405179
0.3722478
0.3648407
0.2796453
0.5543805
0.480486
0.6637868
0.7104266
0.4856854
0.2103206
-0.2712103
0.07172934
0.3951202
0.252655
0.198985
0.1730763
0.2362949
0.03873182
0.4791933
0.1719673
0.4125715
0.4403914
0.09747652
0.365032
0.2246815
0.4201985
0.2882106
0.3277676
0.04751604
0.3944823
0.5532999
0.3084509
0.3994326
0.4044441
0.3034981
0.2288897
-0.03364401
0.5258303
0.3758666
0.2298879
0.4711532
0.2790826
0.1186691
-0.1722583
0.191971
0.3326969
0.3275687
0.3176446
0.470008
0.3086133
0.4769028
0.1606309
0.7012713
0.3847937
0.2790886
0.1163534
0.3313403
0.3623476
0.2969844
0.09396093
0.2224132
0.5121027
0.497241
0.3191619
0.3074024
0.4123493
0.3845288
0.3721643
0.3629409
0.457624
0.3441003
0.2483457
0.2524568
0.09417223
0.1165965
0.4093673
0.2618003
0.2922466
0.1779654
0.2324568
0.2459103
-0.06699192
0.3037621
0.4443841
0.4853105
0.4197496
0.197386
0.4391947
0.1295939
0.128795
-0.0154269
0.20836
0.5640781
0.3614872
0.3634786
0.397889
0.6214128
0.3003313
0.0797365
-0.1101943
0.1261291
0.2367273
0.1793826
0.2047483
-0.04489558
0.08962616
0.2416831
0.3713865
0.1126329
0.4392962
0.3270487
0.2119212
0.3471683
0.2898022
0.3043296
0.06260508
0.219253
0.002303334
0.3810944
0.3712102
0.1339108
0.1643068
0.1978159
0.1289367
0.1942647
-0.2740204
0.2502408
0.3285252
0.4588186
0.3221084
0.2666078
0.3519487
0.09438681
0.05086907
-0.009603042
0.1564401
0.4730929
0.2588506
0.4179091
0.1548595
0.2342464
0.5798976
0.3472816
0.5014661
0.186096
0.2634495
0.4013919
0.5218443
0.3684078
-0.06655872
0.3374464
0.6841242
0.3530114
0.7079773
0.4382989
0.5349858
0.5842426
0.7272474
0.5847074
0.5551313
0.5540585
0.008950319
0.4804647
0.4866066
0.7126192
0.7098825
-0.06753706
0.1428718
0.4002172
0.6681723
0.4489368
0.01000291
0.3351622
0.5234823
-0.02217699
0.1503075
0.4662089
0.1643372
0.5044998
-0.01315552
0.2528463
0.02129978
0.2588993
0.3036092
0.4935747
0.6870968
-0.01668669
0.4112148
0.3061435
0.289745
0.2519745
0.09875165
0.275134
0.7236411
0.5511213
0.6453315
0.5278138
0.3604834
0.5113907
0.5642656
0.396169
0.4457545
0.2719561
0.03478068
0.5412534
0.3310762
0.5622872
0.4359856
0.2161057
0.1503248
0.2062989
0.4021754
0.2962684
0.05493974
0.3207749
0.2750352
0.08028756
0.2478727
0.2739602
0.228699
0.3387369
-0.007098241
0.3133156
-0.05912789
0.3131828
0.3869352
0.6825929
-0.08065759
0.1223366
0.08327723
0.1262344
0.3191183
0.3232884
-0.1218195
0.565424
0.1279921
0.3498991
0.5164463
0.1788408
0.4529077
0.3768508
0.2181681
0.42491
0.4499793
-0.4481601
0.1363228
0.2171638
0.2706653
0.09115351
-0.109113
0.01215179
0.3302561
0.06982201
0.0001147523
-0.002968599
-0.03172417
0.3564121
0.125665
0.5633119
0.4036518
-0.3006627
0.07622808
-0.151061
0.04092771
-0.08379053
0.01731595
0.4286181
0.2192896
0.5288865
0.4217217
0.1971037
0.2700936
0.2611618
0.07893418
0.6573585
0.5292752
0.6364119
0.7301162
0.5457956
0.6928904
0.6809349
0.3251564
0.4726211
0.380453
-0.1626479
0.4905306
0.2125205
0.4901657
0.3090049
0.07686647
0.008602537
0.06377108
0.2785889
0.3361541
0.1316348
0.2013498
0.3692035
0.1387753
0.4397627
0.3211169
-0.06810325
0.2834667
-0.02624301
0.3319516
0.02710743
0.275794
0.5493996
0.35012
0.3531881
0.03715633
0.1428007
0.04041828
0.04607051
0.03916805
0.1773466
0.3467686
0.2797535
0.4737477
0.1473572
0.4880703
0.08349769
0.2434532
0.2698155
0.04535652
0.2852791
0.05048362
0.1597127
0.1696637
0.02953231
-0.08961766
-0.04883114
0.2801456
0.1529056
-0.03548252
0.1774661
0.2859586
-0.1141195
-0.07369923
0.1916267
0.03489997
0.3283111
0.08439644
0.2279596
0.2909068
0.3300108
0.1896686
0.4561202
-0.02041201
0.1472105
0.1159392
0.3142391
0.377871
0.5742982
0.4640782
0.5916449
0.6356171
0.4543898
0.4659522
0.2640344
0.0997872
-0.04416416
0.1228435
0.4711265
0.2331419
0.3719608
0.3136475
0.1855918
0.1039033
-0.1367659
0.3018723
0.2117151
0.1577324
0.495111
0.1375972
0.1347159
-0.02187044
0.07871907
0.2709317
0.38588
0.2259708
0.295599
0.3652033
0.3313013
0.310164
0.21042
-0.06582778
-0.1753711
0.08707795
0.4204379
0.392752
0.4747577
0.6168954
0.5629253
0.356997
0.4909907
0.1383631
0.1893797
0.2509268
0.06536467
0.1913475
0.09029995
0.3337739
0.4372801
-0.1462499
-0.09387102
-0.07714283
0.3095445
0.1911029
-0.09077265
0.1466369
0.1605301
-0.137896
-0.03486019
0.06336899
0.06906168
0.4837599
-0.09694107
-0.04473673
-0.02417523
0.0477923
0.06143472
0.3408243
-0.03398545
0.1589417
0.4482218
0.03884085
0.139881
0.08537232
0.1056852
0.3466377
0.1862587
0.4928373
0.02446367
0.3119603
-0.03151808
0.1512803
0.2710703
0.1778601
0.3557087
-0.05714451
0.2287022
0.2420438
0.2501634
0.5204633
0.03926857
0.1360776
-0.1341849
0.1050195
-0.08284181
0.1242268
0.1049945
0.1670571
-0.009096804
0.1033747
-0.1109394
0.08947181
0.2174265
0.5361539
0.3160469
0.4007626
0.03799383
0.2282042
0.1621236
0.1935286
0.2598979
0.1433916
0.4337425
0.2296948
0.2079368
-0.1753554
0.2163643
0.5115445
0.3290507
0.1759003
0.2920115
0.3929203
0.4089786
0.3864762
0.3493429
0.1999529
0.4602118
0.1917258
0.2584108
0.1617079
0.2677205
0.1170303
0.1308511
0.1828109
0.3636992
0.002260276
0.4198759
0.5961904
0.07051129
0.1973805
0.0172772
-0.1200342
0.171257
0.005163428
0.1955754
-0.1641959
0.04249435
0.0004632955
-0.1615393
-0.1181864
0.129002
0.1286976
-0.01401745
-0.3175658
0.4665209
0.3829119
0.0357954
-0.004448192
0.2662087
0.5908433
0.2540788
-0.008268999
0.7335947
0.4589662
0.1517487
0.01207093
0.03950259
0.5656537
0.2274551
0.2785686
0.4809047
0.6607396
0.401862
0.5725145
0.2888837
0.09653768
0.3661294
0.2317802
0.1561517
0.6437367
0.1109737
-0.05296072
0.6124003
0.4356777
0.7989304
0.4471634
0.5941679
0.2051707
0.7064612
0.1187045
0.6186322
0.453352
0.3992495
0.6886322
0.08313701
0.2422062
-0.09721153
-0.08787027
0.5172289
0.3405125
0.2235936
0.2300478
0.2649691
0.3471408
0.1070704
0.3996192
0.5504192
0.65057
0.4966173
0.6690846
0.4954821
0.6637282
0.3902861
0.4296819
-0.08219128
0.3494401
0.6223552
0.6331775
0.5492902
0.08205986
0.3052954
0.2967439
0.572414
0.4432815
0.1277712
0.4547771
0.2740144
0.1935054
0.3111782
0.2656845
0.1734782
0.4521674
-0.004877439
0.05032957
-0.006809865
0.328373
0.3784449
0.5892448
0.5306278
0.5770376
0.539392
0.5256143
0.2432448
0.3041591
-0.05099608
0.587827
0.6815225
0.2689853
0.3764191
0.4880646
0.1308946
0.2253027
-0.3394829
0.3553095
0.2560026
0.2636041
0.4051351
0.1492055
0.1294721
0.08474306
-0.01435895
0.3427534
0.3681398
0.294551
0.3420611
0.3076621
0.2304328
0.2135125
0.5915077
0.6647333
0.524521
0.8729169
0.3326384
0.6925428
0.5188486
0.08846637
0.5169743
0.3316161
0.6810337
0.6123477
-0.07168388
-0.06301621
0.1786915
0.546966
0.2233766
-0.07001024
0.3426453
0.6897465
-0.2363745
0.1470109
0.4268173
0.02410398
0.4729775
-0.07629778
0.2997637
0.03311154
0.2224402
0.2474941
0.6608145
0.7493953
0.6212053
0.2104475
0.3375198
0.203648
-0.1642687
0.2537023
0.2165944
0.4923997
0.4324705
-0.0184716
-0.1034877
-0.06336503
0.2730656
0.1657336
0.05771869
0.2520562
0.2861851
0.05725213
0.2120765
0.124819
-0.06211317
0.4179285
0.1084829
0.05107748
0.1051698
0.2371126
0.4070881
0.615931
0.7204462
0.3528884
0.3948902
0.3128389
0.1852147
0.3709041
0.4008568
0.5204338
0.5818456
-0.175499
0.0144878
-0.0593253
0.4467329
0.2674516
0.1129846
0.4347745
0.4085608
-0.02990456
0.009638314
0.1673346
0.06613576
0.6325199
0.1086265
0.1356816
0.3825126
0.258102
0.2999319
0.5895417
0.4110861
0.370278
0.1768741
-0.06315094
0.3556217
0.2942517
0.5217609
0.4459791
-0.01031866
-0.01314284
-0.08988287
0.3204233
0.4508986
0.1773264
0.3169547
0.2724664
0.1653499
0.23057
0.2286813
0.01704602
0.3314686
0.1356112
0.156812
0.180267
0.2948271
0.3170043
0.2849526
0.6359229
0.5201484
0.003881589
0.5356536
0.2202538
0.6203011
0.5993399
-0.09431221
-0.1820275
0.1046113
0.4711838
0.2059797
-0.1191146
0.2206365
0.6369406
-0.2301122
0.1224305
0.433168
-0.02142249
0.4569227
-0.06606278
0.3455562
0.1274893
0.200069
0.2468831
0.2366501
0.3589631
0.09823063
0.2574296
0.8260228
0.5785955
0.6679784
0.09160793
0.5405701
0.4867494
0.6398552
0.497066
0.06739821
0.6001196
0.1876092
0.09684761
-0.004143847
0.162141
0.3897952
0.3465424
-0.1238268
0.04167773
-0.01595719
0.3714258
0.2659849
0.5126496
0.01096831
0.4385204
0.2374798
0.6069515
0.3937267
-0.1005241
-0.05740133
0.3192636
0.5566433
0.09125746
-0.2308252
0.03337203
0.7481841
-0.2210485
0.4546234
0.7237988
0.06436325
0.4336627
-0.1730228
0.2024185
-0.06226314
0.2550764
0.1757604
-0.3351107
0.0360833
0.3150313
0.3602896
0.3773545
-0.3768887
-0.08107732
0.5334587
0.395294
0.1372395
-0.2510035
0.05104866
0.4865346
-0.2849645
0.2719071
0.4634723
-0.2115154
0.2856838
-0.4001986
-0.1143843
-0.2108856
-0.1238431
0.2060528
0.4273473
0.1758384
-0.00243132
0.2810822
0.09554365
0.4142864
-0.4005808
0.2391509
0.2317134
0.2818843
0.2792154
-0.1033406
0.1113959
-0.1510703
-0.1706936
0.486399
0.2251698
0.329339
0.1433325
0.415159
0.1634673
-0.1675773
0.1919983
0.4296039
0.3241463
0.3210667
0.3022219
-0.07132032
0.5004697
0.3790147
0.2448929
0.3086272
0.271136
0.1923467
0.2163698
0.3539486
0.4391632
0.3804095
0.2345422
0.6839468
0.277766
0.4690487
0.3052489
0.563257
0.637304
0.1166917
0.6489438
0.4922206
0.6861431
0.4030757
0.1986707
0.7276155
0.1864233
0.1242091
0.03520955
0.1166119
0.3564233
0.3811424
-0.05339473
0.04245081
0.07353453
0.3830716
0.2626914
0.7592047
0.04286948
0.1127325
0.4063829
0.7741332
0.2941744
-0.01790542
0.3893995
0.5348022
-0.07921504
0.2007432
0.4209836
0.3103919
0.6399818
-0.0659029
0.2407688
-0.02933943
0.4228715
0.3088778
-0.141488
0.1600198
0.2688712
0.6643661
0.2471102
-0.1489076
0.4565399
0.3305765
-0.2634059
-0.1213845
0.1726323
0.3565994
0.5780844
-0.09896003
0.05506078
0.05104669
0.1880609
0.1205823
0.3516982
-0.05456797
0.1169072
0.2251547
0.3022998
0.4654992
-0.09250658
0.410866
0.1061214
0.02028334
0.4669406
-0.1225727
0.3090103
0.5204563
0.01683208
0.6017809
0.2710877
0.3035498
0.4910626
0.5353939
0.5557344
0.5517976
-0.1144654
0.5415715
0.1652279
-0.06901949
0.4571849
0.2227145
0.2666721
0.2264769
0.1823284
0.3952604
0.3099509
0.4367157
0.09922631
-0.1454864
0.1058849
0.3776094
-0.06535731
0.1437763
0.3417485
0.05488853
0.2069971
-0.3262467
-0.02181343
-0.3342004
0.1346437
0.2393233
0.4688119
0.0894125
0.5026805
0.433908
0.02235789
0.2333941
0.4293142
0.513832
0.703339
-0.0007995486
0.220374
0.07020929
0.4870307
0.2060181
0.5590779
0.4314168
0.05976746
0.4624825
0.1443452
0.02411755
0.2454275
0.1980762
0.2176036
0.3673591
0.1317168
0.4008275
0.3115752
0.3376643
-0.09830703
0.8371451
0.2117948
-0.1876593
0.04199966
0.06936395
0.6512804
0.2989856
0.4594951
0.3037712
0.4302109
0.02730193
0.2152244
-0.1026425
0.06744382
0.4984022
0.2836024
0.1615328
0.2475252
0.2516878
0.5716216
0.3217373
-0.1315971
0.3479857
0.5119019
-0.147179
0.293233
-0.07759395
0.2271669
0.01509077
0.1220164
0.1296264
0.3963883
-0.1200914
0.12403
0.006274277
0.6825002
0.2705966
0.3396555
0.2916557
0.5025409
0.4365416
-0.0404955
0.1961145
0.1387034
0.1327071
-0.005964691
0.06749211
0.37763
0.09964319
0.3756934
-0.1184154
0.1304439
0.05359301
0.3720977
0.1845011
0.3517958
0.1385807
0.2229257
0.06965256
0.5221471
0.04058079
0.1550623
-0.01073847
0.3739002
0.3641787
0.249313
0.2249806
0.6175824
0.2558144
0.4151651
0.053923
0.3897559
0.3399487
0.2404861
0.1470886
0.4184508
