0.5525754
0.02682489
-0.1101761
-0.1108304
0.06913616
-0.04726905
0.08737855
0.04663729
0.1036042
0.2717963
0.184595
0.2092202
0.02433016
0.2024544
0.2321101
-0.0694614
0.278944
0.4479068
0.5157581
0.01166929
-0.02007476
-0.1711114
-0.3381104
-0.3443863
-0.2299995
-0.1292734
0.1069553
0.07834927
0.01247067
-0.2043987
-0.2704148
0.004039685
0.01456125
-0.3441793
-0.3064681
-0.01553874
-0.2556752
-0.008109218
-0.04021327
0.2168654
-0.1025574
0.07461996
0.09201144
0.2432036
-0.1465047
-0.1663881
0.04847643
0.1502881
-0.1210306
0.1202475
0.02861248
0.1789846
0.01601361
0.05891476
-0.1104927
0.4461582
0.5326552
0.201991
0.3710012
0.1544376
0.1271902
0.1378899
0.4378616
0.1173736
-0.395443
0.01186153
-0.3021115
0.3023777
0.3985518
-0.2251906
-0.4381049
-0.1169993
-0.193278
-0.07667238
-0.2698491
0.04802004
0.07458636
-0.0960265
0.2765843
0.01551601
-0.01991358
-0.2207532
0.3746215
0.2254999
-0.1482853
-0.03189003
-0.2792985
0.3699276
0.1731647
-0.2333845
-0.03492921
-0.3144214
-0.05175198
-0.2671339
0.2666265
0.02060864
0.2332789
0.1082512
0.1956572
-0.1457432
0.01526958
0.1020315
0.08713848
-0.2626832
-0.3271318
-0.05556985
0.05529198
0.05396522
-0.07567762
0.04415734
0.04028999
0.1598504
0.1145992
-0.3355437
-0.2389056
-0.1156315
0.07480672
0.01182199
0.2197623
0.1680125
0.4119105
0.06472189
0.1767692
0.4141319
0.4871722
0.05998337
0.09370412
0.1863329
0.3172435
-0.09377674
0.4160013
0.5300251
0.5139788
0.04018359
0.09742157
-0.2588763
-0.4562834
-0.422114
-0.4050025
-0.1430601
0.2268056
0.24966
0.1330633
-0.1665683
-0.2443802
0.05933693
0.1433816
-0.3474004
-0.400829
-0.1787789
-0.281792
0.05643587
-0.1489901
0.1931707
0.05399231
-0.02523695
0.1462364
0.06988375
0.01838825
-0.1046245
0.02990045
0.0528841
-0.08632773
-0.2357228
-0.2308635
0.003407273
-0.169357
-0.1137658
-0.2816884
0.3783775
0.5197179
0.06535161
0.3501514
0.05062846
0.3456689
0.2867773
0.5337278
-0.169516
-0.4078597
-0.07071236
-0.1542858
0.4082747
0.4569685
0.1032224
-0.1234027
0.101493
0.04041599
-0.007744281
-0.06427764
0.1703949
0.08225804
0.09186138
0.1019937
0.1362476
0.09634737
-0.2746202
0.2338075
-0.03886766
-0.413032
-0.167959
-0.02782214
0.1703561
0.04576998
-0.1052534
-0.1008641
-0.1699207
0.01009921
-0.2661692
0.2957917
0.04936144
0.2255243
0.2633928
0.1299176
0.1798817
0.106636
0.1971942
0.1088618
-0.1931568
-0.428845
-0.1204431
-0.05799607
0.09385041
-0.1095394
0.1229986
-0.01456249
0.1108461
-0.08075419
-0.369638
-0.2975075
0.5448314
-0.2950924
-0.07256715
0.4258138
0.1989922
-0.3053884
-0.3062513
-0.09425917
-0.08198516
0.007048849
0.09574571
-0.2523264
0.03938286
-0.07182762
-0.167183
0.02954205
-0.1312367
-0.4029951
-0.5034494
0.6299398
0.5392813
0.07115867
0.02475728
-0.3586755
-0.3305055
0.03156081
-0.205251
0.1719556
0.3257368
0.01397189
0.1904165
0.06277328
0.2390399
-0.0145408
-0.1128999
-0.107536
-0.2212352
0.09002399
0.01591793
0.1572944
-0.2812302
-0.01502017
-0.2015852
-0.1261842
-0.04079398
-0.1273756
-0.08185436
0.05151976
0.02895402
-0.06695687
0.1588348
0.02247933
-0.1082541
-0.3510118
-0.4308369
-0.1560694
-0.06895043
-0.1282012
-0.2066334
-0.1697506
-0.1894183
0.2507356
0.2306187
-0.003459109
-0.05410839
-0.2776067
-0.176169
0.06604596
0.09827575
0.1445372
0.1623495
0.1367269
0.04391023
0.1834614
-0.1284876
-0.09853452
-0.1881322
-0.3357397
-0.2007031
-0.1277183
0.07850747
0.09611627
0.2014362
0.25256
-0.1769525
-0.03395721
0.07371562
0.1373893
0.1802783
0.07172956
-0.1779189
0.01459999
-0.04084897
-0.3202101
-0.2986363
-0.3062273
-0.040923
-0.2005574
-0.1371105
-0.2087191
-0.008213756
0.08679791
0.0671299
0.0004575442
0.099622
-0.2543243
-0.2912635
-0.1385866
0.02448617
-0.1871237
-0.1236505
0.2239964
-0.02751804
0.03104423
0.1240429
0.5610333
0.6054528
0.009153121
-0.2192992
-0.2457387
-0.06535732
-0.2053229
0.1262103
-0.3560745
-0.00953511
-0.0550189
0.05710797
0.2461062
0.1412812
-0.1937305
-0.218366
0.4488899
0.4810941
0.109685
0.1126621
-0.07028943
-0.1702501
0.01421613
0.1974932
0.4609005
0.4526631
0.2365141
0.4797087
0.1309948
0.3837498
-0.1828977
-0.1503634
-0.0005045308
-0.5167602
0.001105557
0.07297967
0.06828744
-0.3983446
-0.02403425
0.006876284
-0.1195448
-0.2240764
-0.3425533
-0.4065802
-0.3749731
-0.4592736
-0.4925563
-0.2835086
-0.3487895
-0.4525429
-0.2459179
-0.2675074
-0.2807548
-0.1647447
-0.1031912
-0.01470238
-0.1969485
-0.1271556
-0.07067326
0.389886
0.001424252
0.1486071
-0.133389
-0.0445266
0.1788423
0.3056181
0.359237
0.4033167
0.01825701
0.2129985
-0.07229739
-0.2167604
-0.1783859
-0.106903
-0.122063
-0.1718397
-0.09017727
0.07732371
-0.0858361
-0.1239535
0.2221096
0.08214924
-0.1023117
-0.4016704
0.1405243
-0.006297293
0.2319346
-0.2122966
-0.0407943
0.04499846
-0.3416902
-0.2262163
-0.3746699
-0.3133935
-0.1553777
-0.006377993
-0.2040368
0.0863942
-0.09977189
-0.089013
-0.1015039
-0.07115208
-0.1504202
-0.08668568
-0.1688825
-0.08075844
-0.3670787
-0.1981264
-0.09372112
0.01886009
0.3437291
-0.1348397
0.1406627
0.6791982
0.2434519
0.04569577
-0.060594
0.2499328
0.1591325
0.08241531
-0.08207904
-0.07361329
-0.06782959
-0.1680355
-0.04081386
0.07393964
0.3009222
-0.04325964
0.003508979
0.4014549
0.5135611
0.595534
0.4867794
-0.169957
-0.1958253
0.2229592
0.007795985
0.1619918
0.04550115
0.216111
0.224266
0.1010292
0.07463283
0.2958208
0.03045143
-0.1410447
-0.01943685
0.1888077
-0.06404429
0.1292908
0.04119123
-0.0541206
-0.1228029
-0.0998169
-0.1860344
-0.26991
-0.233305
-0.125204
-0.2556595
-0.3283625
-0.3393303
-0.0539355
0.03440658
0.1551758
-0.1195829
0.2414136
0.1336731
-0.06539861
-0.02946101
0.06810254
0.2561868
0.06456294
0.1897128
0.08985693
-0.1313577
0.1517742
0.2092161
0.1426463
-0.04441218
-0.06458832
0.07541331
-0.1746455
0.1184387
-0.07336665
-0.1187935
0.02511185
-0.0372531
-0.1003087
0.09873545
0.09271732
0.02643805
-0.1157592
0.2359922
-0.03675407
-0.2246217
0.1003674
0.146858
0.1432519
-0.07296883
-0.1155311
0.03426446
0.009973885
0.04426289
-0.07661586
0.1099608
0.1831388
-0.01497696
-0.02340818
0.01427424
0.02840973
0.006894097
0.1541714
-0.01418722
-0.03606407
-0.1400878
0.04369124
-0.2553057
-0.1492673
-0.1990975
0.1016984
0.07217299
0.3527508
0.5738391
0.3120894
0.6255497
0.05863961
0.4533123
0.1835825
0.307806
-0.03916596
0.4374259
-0.174797
-0.1657176
0.1582526
0.1015846
-0.06365145
0.1316586
-0.1963575
-0.2790555
-0.2076753
-0.1292542
-0.03839011
0.1754798
0.00265317
0.08299382
-0.134427
-0.1552128
-0.07883679
0.1762663
-0.1848674
-0.2410587
-0.3131426
-0.4169842
0.03355947
-0.01189647
-0.2108325
-0.01590832
0.1908376
0.0817381
-0.144084
0.1603838
0.0287693
-0.1393161
-0.2876268
-0.3266213
-0.4917692
-0.4780177
-0.2390362
-0.4748974
-0.4426292
-0.3009541
-0.0112105
-0.05896734
-0.009809252
0.1405037
0.1690467
0.4483556
0.03166367
0.2359547
-0.421115
0.1209622
-0.08959481
-0.0003928056
-0.03900362
-0.06110572
0.1812116
0.1883955
0.08274699
-0.001779893
0.1838412
0.2021664
-0.2075189
-0.2150414
-0.03730711
-0.2276053
-0.009269777
-0.2281159
0.01337405
-0.08449906
0.01437303
-0.115665
-0.06340797
0.0525377
0.01751042
-0.1496026
0.1136882
0.1435843
0.2932542
-0.0226229
-0.03748205
-0.1009998
0.09908105
0.08629594
-0.127298
-0.3098946
0.08884316
-0.09941021
0.2422232
-0.2315022
0.01670566
-0.3012018
0.0237753
-0.08662834
0.09644685
-0.1352494
-0.1421642
-0.3216238
-0.17222
-0.2193976
-0.08726319
-0.05188832
0.6271309
-0.1203178
0.08600767
-0.1499657
0.2387275
-0.1452886
-0.05776019
-0.15255
0.2520433
-0.1207092
-0.1180033
0.2831861
0.03973254
-0.03283595
-0.1424109
0.2677324
0.162998
-0.1867165
-0.2624855
-0.2966999
-0.1502978
0.2064784
0.2007969
0.182557
0.3242251
0.2423678
0.5076266
0.1078259
-0.002490452
-0.399531
-0.1923071
-0.02466363
-0.1968362
-0.02756696
0.04554869
0.03630151
-0.2185203
-0.3029357
0.1750917
-0.1147111
-0.1926228
-0.2521151
-0.356005
-0.4657212
-0.4030289
-0.5226392
-0.4335942
-0.5754342
-0.3992467
-0.2437881
-0.2199453
-0.09328472
0.0779037
0.01390366
0.2124603
-0.136598
0.09511757
-0.378584
0.2960297
0.1205551
0.2639625
-0.1889655
0.04597272
0.1964043
0.4198736
0.2831985
0.3373442
0.09902656
0.215638
0.04949975
-0.1908225
0.02735687
-0.1449396
-0.07969835
-0.2459248
-0.06749076
-0.04257655
-0.3450764
-0.2954111
-0.02497208
0.05764995
-0.2448935
-0.1427436
0.1885261
-0.1640725
0.2566806
-0.03397911
0.03091291
-0.0387593
-0.06408073
-0.1716874
-0.2468362
-0.2830369
0.02622008
0.01524524
0.02372796
-0.06965811
-0.123268
-0.3701922
-0.03215859
-0.1582779
0.02032425
-0.07184082
-0.1199629
-0.2742689
-0.1944504
-0.2643174
-0.1531171
0.005986909
0.1673243
0.2877443
-0.05321873
0.4288827
-0.02295133
0.2475289
-0.2772347
0.3389479
-0.1903046
0.01061298
0.3141413
0.3506599
-0.2934995
-0.1367441
-0.00979086
-0.003010222
-0.3307496
-0.3000527
-0.2186963
0.04664624
-0.01254929
0.2678828
0.09932279
0.07892313
0.1279853
0.5553811
-0.1347183
-0.08249934
-0.3675866
-0.4180719
-0.005189408
-0.3253479
0.01597759
0.09325215
0.2407693
-0.1593026
-0.2089072
0.08863491
-0.1265216
-0.1575028
-0.38192
-0.5090509
-0.6025191
-0.6772693
-0.458841
-0.5595319
-0.5203866
-0.5319586
-0.03348566
-0.04195357
-0.2311731
0.06522179
0.06819388
0.4806564
-0.08471791
0.1827424
-0.4541206
0.1992837
-0.06067831
0.1027616
0.02450177
-0.05677706
0.242498
0.2531293
0.3415709
0.3291034
0.2081128
0.1990631
-0.09550558
-0.1547166
-0.08143648
-0.1420885
0.002184774
-0.0443077
-0.1303198
0.08768107
-0.1418686
-0.267156
0.02179364
0.106064
-0.0984105
-0.3485715
0.1851271
-0.08642033
0.3295868
-0.0881874
-0.001176887
0.1252229
-0.04676884
-0.0008248466
-0.3229301
-0.3438087
0.002836619
0.05143748
0.05477172
-0.1104693
-0.1524315
-0.4868744
-0.1786768
-0.01339808
0.08644466
-0.1214593
-0.06190595
-0.1923755
-0.2675156
-0.3274684
-0.3020903
-0.2130094
0.3419482
0.08870344
-0.06287903
0.2427257
0.004721958
0.05696059
0.009923357
-0.1983001
-0.06290174
-0.1593553
0.05742351
0.02665275
0.121563
-0.08382872
0.008215745
0.06313727
0.3247322
0.3847763
0.4004937
-0.2538516
-0.06800085
0.1290492
-0.09452194
0.3014284
0.1318449
0.1349504
0.1234786
0.05797265
0.007593221
0.1842242
0.06163085
-0.05619432
0.06542866
0.1176845
-0.03107155
0.1615138
0.08476799
-0.1466268
-0.193191
-0.05138406
-0.2096505
-0.2572498
-0.2552663
-0.09158143
-0.1602548
-0.1583114
-0.1679947
0.05358315
0.1169422
0.2455483
0.01737649
0.3039514
0.2423131
0.04097133
-0.09283208
-0.01107619
0.08020796
0.1309112
0.2638881
0.1900327
0.03597559
0.1707958
0.1908244
-0.004787636
-0.1214193
-0.06078307
0.1428988
-0.08348812
0.1728802
-0.1039461
-0.08589996
-0.1239515
-0.1446076
-0.1834979
0.1543164
0.1167398
-0.03062713
-0.09803765
0.02422727
0.07072358
-0.07542153
0.1085562
0.08184404
0.1657254
0.1614219
-0.1783428
0.2032605
0.1382175
-0.006009254
-0.04824331
0.1603305
0.2448781
0.08720461
0.05704232
-0.04607069
0.02141871
-0.1785051
0.01683033
-0.08793087
0.01297651
-0.2439062
-0.0615555
-0.2358309
-0.1287439
-0.1789496
-0.0481171
-0.04758802
0.1409506
0.4869937
0.38588
0.198403
0.04436533
0.548145
-0.3399608
-0.2839919
-0.08048296
-0.01181142
-0.06688541
0.2389957
-0.4336966
-0.483356
-0.4038871
-0.3204605
-0.1675418
0.177403
-0.1689728
-0.08438386
-0.443324
-0.4748602
-0.185104
-0.1045534
-0.2041784
-0.410259
-0.1277841
-0.2058894
-0.01766554
0.0423984
-0.1566623
-0.02966776
0.001174741
0.1848727
-0.1859314
0.1508987
-0.07739069
-0.1592432
-0.1276595
-0.09546289
-0.2984265
-0.1835674
-0.007160305
-0.1934155
-0.2889782
0.01098085
0.2514798
0.1281943
0.2764203
0.3151841
0.3984463
0.6386521
0.08348184
0.3155121
-0.4342129
-0.1167644
-0.05340968
0.008568505
0.1026662
-0.104656
0.1352402
-0.05948289
-0.03211297
-0.0381527
0.08359789
-0.005224181
-0.140866
-0.09851853
0.0444163
-0.1250075
0.05493294
-0.03881529
-0.03428359
-0.1064726
-0.08614165
-0.009739883
-0.2072951
-0.06275766
-0.04641626
0.1084156
0.283138
0.08787891
0.2922146
0.2036283
0.09355121
0.09059244
0.1230217
0.05309263
0.07622338
0.01842948
0.1137099
0.02447648
0.1775111
-0.1413351
-0.07525325
-0.247733
-0.07013203
-0.04619429
0.3927781
-0.1458533
-0.08685247
-0.2697691
0.04591976
-0.1057018
-0.07809824
-0.1669912
0.2686206
0.3820092
-0.02720375
0.2957902
0.05431281
-0.1087025
-0.1241641
0.1257663
0.1626178
0.08239043
0.03916386
-0.148058
-0.2839055
-0.1008869
-0.1765583
-0.1179547
0.1221323
0.2185988
-0.1478675
-0.1083624
-0.2811654
0.07791825
-0.09259621
-0.1916221
-0.1386949
-0.01616689
-0.05510526
-0.04115078
0.2827861
0.08365045
-0.01023248
0.0008674011
0.2413705
0.0233534
0.1555674
-0.08550714
0.2080595
0.09134555
0.1822202
-0.07501062
0.08743631
0.3781222
0.1026197
0.1144529
0.1293974
0.2111686
0.1632323
0.2815732
0.3503637
0.126321
0.150825
0.4610984
0.4074074
0.1550766
-0.2107129
0.1093895
-0.04504754
0.1933328
0.1822955
0.1266654
0.005984893
-0.1300617
-0.006422053
0.02774214
0.2089251
0.04939825
-0.09283142
0.1933942
-0.2175636
0.01736969
0.09854647
-0.3050722
-0.03755923
0.07327373
-0.1477917
-0.1740785
-0.1066733
0.04849883
0.3229065
-0.2562399
0.08030552
-0.2437588
0.204523
-0.3090367
0.1010423
0.05058411
-0.1887808
0.4707093
0.4423358
0.1586358
-0.08026298
0.07299926
0.01973118
0.0178409
-0.07406902
-0.009229568
-0.03300523
-0.1555663
-0.1480775
-0.1141848
0.02613955
-0.01201097
0.002379668
0.02750334
-0.1984269
0.3476821
0.3215623
0.06584517
0.410154
-0.3820386
-0.03046744
0.224996
0.05902574
-0.2228043
-0.06972688
-0.3852102
-0.4848341
-0.387235
-0.4703206
-0.1878622
0.09262445
0.05205909
0.02597715
-0.3675153
-0.3789877
-0.1525589
0.02065439
-0.4487284
-0.4731914
-0.3302962
-0.2404633
-0.2583344
-0.05431403
0.08721884
0.06967392
0.1630208
0.371982
-0.1480472
0.1566693
0.0900697
0.1419424
-0.1009766
0.1508528
-0.2536599
-0.03579179
0.06400945
-0.1641644
-0.1693335
0.0208004
0.131363
0.09294147
0.0654029
0.3937373
0.2195309
0.4229758
0.2362026
0.3644514
-0.3455258
-0.2989407
-0.1039067
-0.06960981
-0.05175969
-0.02909521
0.02286072
-0.04102433
0.02285235
0.06671617
0.3245069
0.03150123
0.01311804
-0.07547678
0.179661
-0.07936729
-0.03744088
-0.02158735
-0.1142159
-0.09658973
-0.1642399
-0.1987128
-0.2953946
-0.02819433
-0.01172396
0.116111
0.08194403
-0.1115399
0.1469502
0.2142728
-0.006986919
0.1463877
0.06952487
0.1077203
0.07166175
0.03198843
0.1984448
0.1577304
0.1909291
-0.1443094
0.02253962
-0.2695654
-0.2327902
-0.06008117
0.04934879
-0.1006139
-0.01790482
-0.04283499
0.09249532
-0.137735
-0.1118235
-0.1286328
0.3311021
0.2234175
0.1885653
-0.3728846
-0.2708075
-0.2079848
-0.2139511
-0.07795552
-0.06207622
-0.186304
-0.1375115
0.01860586
0.04006439
0.01238058
0.09901044
-0.1190049
-0.3589659
-0.240099
-0.2276015
-0.1538849
-0.303508
-0.06975708
-0.09108982
-0.02710322
-0.05511404
-0.1292558
0.07426255
0.172689
-0.1610918
0.2319775
0.2206944
0.188748
0.04665838
-0.02119135
0.1644397
0.1007583
0.02546197
0.1495301
0.2098523
0.3339815
0.1819047
0.07886119
0.07600639
0.001079945
-0.09904302
0.2213848
0.3658906
0.4056119
0.2053353
0.1462272
0.155633
0.2035899
-0.1297015
0.09962516
-0.04070329
-0.07684017
-0.1464686
0.004869684
-0.1782598
-0.03882146
-0.1802225
0.1324248
-0.09245685
0.03138527
0.01366462
-0.0506223
-0.01604686
-0.2465333
-0.07558217
-0.3191275
0.1162188
0.2378876
0.1677298
-0.1602081
-0.2647411
0.2141548
0.2634897
0.08525674
0.1588862
-0.05456858
0.2162574
-0.07014733
0.2226547
0.01917956
-0.1636298
0.09445148
0.3827633
-0.01105765
-0.01042534
-0.1160499
-0.03213676
0.04688687
-0.05794593
0.1828465
-0.003589955
-0.1056547
-0.2670462
-0.09410346
-0.02266674
-0.02211137
-0.005392987
0.1936536
-0.07049678
0.03985658
0.2465129
-0.02117374
0.0244184
-0.04930959
0.1289411
-0.1733066
0.08226198
-0.04765194
0.01192401
0.1236872
0.08705514
0.1618739
-0.05959605
-0.1006861
-0.05781807
-0.05005199
-0.1661866
-0.2351452
-0.1275599
-0.1320078
-0.05463807
-0.02947681
-0.04722403
-0.0455884
-0.3493518
0.1301348
0.1983658
0.1317174
-0.05736564
0.007494906
-0.2718973
-0.08694153
-0.1329898
-0.1051945
-0.1440748
-0.02953903
-0.05642686
-0.09120942
0.0463356
0.0471813
-0.06312583
0.01154739
-0.05508209
-0.1997987
-0.0699163
0.0468378
0.1322124
0.06046179
0.0519137
-0.03122069
-0.07537994
-0.1436987
-0.3079098
-0.05358657
-0.1015184
-0.05271552
-0.2553922
-0.0394985
-0.2310957
-0.01003189
-0.09867397
-0.0135315
-0.1299957
-0.3211461
-0.04204093
-0.2006734
0.1965635
-0.1284368
0.2231215
0.2333489
0.1580789
-0.02591413
0.06442671
0.2452907
-0.1411161
-0.02179297
0.1547386
0.04871797
-0.1387975
0.1130337
0.008940534
-0.06586019
-0.04451838
-0.2964181
-0.1588123
-0.04254695
0.1877755
-0.03390286
0.0293635
0.05527439
0.04030959
0.1344672
0.07420365
-0.08821367
-0.3059961
-0.1728673
-0.04301369
-0.1778424
0.01926752
0.04481394
-0.1683633
0.1671975
0.09357465
0.157124
-0.0851301
0.1285124
0.3686543
0.3616969
-0.0884969
-0.2331109
0.109412
-0.07141568
0.2979821
0.2631744
0.3795795
0.09905651
0.0009844656
-0.1806388
0.08299607
-0.2254918
-0.156267
-0.05657109
-0.01568436
0.2067665
0.06699298
0.2190903
-0.002161353
0.1819751
-0.146623
0.09903611
0.08206693
0.07766688
-0.2006881
-0.03293612
0.2778526
0.313218
0.07730998
0.3042765
0.1434175
0.0682458
-0.00669332
0.1264295
0.2620557
0.3560556
0.1686503
0.03049088
-0.04136179
-0.07430488
0.2920399
0.1945333
0.1676682
-0.1514295
-0.0606445
-0.1002595
0.3446941
0.4480378
-0.06865395
-0.1373765
-0.2409659
-0.3408604
0.01230258
-0.03346583
-0.0982294
0.09520596
0.1271788
0.1335572
0.2873535
0.244861
0.2205774
0.01490059
0.0505188
-0.1240026
-0.3194892
-0.03803268
-0.03970729
0.2509163
-0.417337
-0.2356643
-0.2988786
0.1070824
-0.1114583
-0.07254557
0.1083774
0.1241682
0.2026612
0.1221542
0.05605644
0.1145357
0.1054353
0.03846351
-0.06813273
0.04257103
0.2551067
-0.131034
0.02568364
0.100251
0.1145254
-0.1191304
0.308725
0.2006862
-0.117802
-0.13589
-0.1572272
0.04331226
0.1271924
0.1936751
-0.1462046
-0.1178447
-0.1746839
-0.2150207
-0.4175227
-0.4133106
-0.2496233
0.009738612
-0.02961825
0.1472956
-0.377708
-0.1674952
-0.1599143
-0.07991148
-0.4502989
-0.4018168
-0.06846521
-0.306987
-0.06093644
-0.1720587
-0.105545
0.1074197
-0.0541678
-0.01549166
-0.2417658
-0.1763754
-0.099171
-0.2262268
-0.1308027
-0.1519092
-0.2894868
-0.2762327
-0.01498636
-0.1915135
-0.1177148
-0.0420186
0.1517256
0.1318232
-0.03336461
0.1798012
0.04966878
0.3463654
-0.009707071
0.2927122
-0.3788311
-0.1787205
-0.2702865
-0.3586161
0.2320964
0.1086544
0.09934548
-0.2303612
-0.0109854
-0.1035975
0.1283587
-0.1225082
-0.1446804
-0.1200389
0.156911
-0.0482958
0.01225091
-0.0425825
0.1818302
-0.127033
-0.07849555
-0.04725355
0.0388643
-0.3154775
0.05041349
0.2637776
0.03651447
0.09080691
0.2837814
0.06137201
-0.06824163
-0.07036452
0.06162495
0.08320884
-0.04854578
-0.1853046
0.1598902
0.06357062
0.002415777
-0.09919483
-0.1046605
-0.1806899
-0.1573764
-0.04810946
0.179407
-0.02454621
0.02795668
-0.1548602
0.08206134
-0.03190623
-0.2276017
-0.2255846
0.3187933
0.04062376
0.2378333
0.2170868
0.1551572
0.05071423
0.08736027
0.1209458
0.1110921
0.06175201
-0.09416915
0.2332391
0.2761231
0.1493884
0.08909933
0.2217655
0.09561602
0.09786924
0.07264002
0.1755211
0.2290356
-0.07611152
0.1146229
-0.2945161
0.1217126
-0.3313667
-0.3076628
-0.1701799
-0.1995666
-0.1345493
-0.2427784
-0.1238453
-0.1114495
-0.00282984
-0.1353118
-0.04821753
-0.1225189
0.0445505
-0.2190248
0.09707142
0.1781849
-0.2311338
-0.430461
-0.285537
-0.2103114
0.1331986
0.06158982
0.05655259
0.07959895
-0.02212581
-0.06572094
0.172364
0.2054633
0.05780126
-0.02790351
0.0797438
0.01089071
-0.122907
-0.01216847
-0.05536344
0.2211246
0.07249336
-0.02242445
0.4276205
0.1545793
0.2251992
-0.188139
-0.04755218
-0.1669731
0.05610073
0.2038518
0.01761218
-0.2525275
-0.3376595
-0.1077668
-0.06902071
-0.3569215
0.04476388
-0.3256237
0.07381812
0.1267022
0.004495201
-0.296675
0.03625466
-0.06477162
0.09656637
-0.1560364
0.07150601
0.1326501
0.07229548
0.1228796
0.00187837
0.316338
0.1427979
-0.04810211
-0.2106934
0.1384517
-0.08421543
0.05147124
0.3451671
0.3898017
0.006826393
0.04917513
-0.1534262
-0.04898108
-0.09150332
-0.0853078
0.1674199
0.02513384
0.2386923
0.3142233
0.06398614
-0.01417105
0.08550968
0.04036938
-0.2033379
-0.07641468
0.1713846
-0.01242816
0.02176732
-0.2070585
0.1723025
0.2054182
-0.0404692
0.07039946
0.2572289
-0.08820767
-0.0830558
-0.03851853
0.1007285
-0.04416753
0.02113076
-0.1547551
-0.184961
-0.06476995
0.1155761
-0.2072729
0.3531862
0.4686371
-0.2751492
-0.219921
-0.2758695
-0.1182312
0.1587486
0.153298
-0.1255012
-0.2461485
-0.1581532
-0.2011884
0.3581725
0.419581
-0.09132093
-0.2986475
0.09594472
0.0001062654
-0.1119325
-0.2511541
-0.0377017
0.06476659
-0.1606777
0.3007263
0.2100063
0.2075328
0.09981274
0.2910468
0.06784262
-0.1708869
0.1671638
0.02412996
0.3049054
-0.1754328
-0.3379485
-0.1260779
-0.1499758
-0.21665
-0.196636
0.09238164
0.1371981
0.2888298
-0.01105825
-0.2225145
-0.04388528
-0.06907327
-0.001186714
0.1344486
-0.2566488
-0.1748663
-0.02308074
-0.06401779
-0.0530531
0.2017027
0.254128
-0.01244392
-0.03905201
0.1271555
-0.2980204
-0.1781417
0.5072757
0.2044707
-0.004809028
-0.03769721
-0.2400109
-0.3421378
-0.3009229
-0.1497548
-0.01418142
0.2887409
0.2459201
0.01578302
0.08134171
0.1697694
0.3255584
-0.3055311
-0.1217873
-0.05372527
-0.1727891
-0.03557581
-0.0685519
0.1536912
-0.04050674
-0.05298354
0.160105
-0.007653147
0.053791
0.01539355
0.138488
-0.220969
-0.3036363
-0.2601339
-0.3231136
-0.1104234
-0.2605951
-0.183608
-0.2981102
0.2181238
0.2904805
-0.05325705
0.1211754
0.07692589
0.1154609
0.1527346
0.3793844
-0.1053877
-0.1775862
-0.01499192
-0.1233302
0.07642241
0.2996111
-0.09648886
-0.07417592
0.1665596
0.221557
0.08548962
0.03406442
0.07488073
-0.01146579
0.0142035
0.1658021
0.002704045
-0.07378033
-0.223271
0.1084546
-0.03559372
-0.4043176
0.1973071
0.1079559
0.1226699
-0.1141849
-0.1744381
-0.09205508
-0.1032306
-0.1955326
-0.201838
0.159979
0.07006652
0.2387622
0.08649623
-0.1925517
0.03747835
0.08420312
0.05189625
0.1095754
-0.2158175
-0.3467784
-0.1129812
-0.09811029
0.08231052
0.1186686
0.04614206
-0.05107397
0.05998156
-0.1288562
-0.3218434
-0.05339121
0.2006328
0.05355213
-0.146128
-0.2168923
-0.3311187
-0.259128
-0.08614425
0.05329702
0.2202657
0.2482006
0.01591195
-0.0467651
0.1395511
0.2761801
-0.2804331
-0.2021463
-0.09972655
-0.3147985
-0.053014
-0.02624543
-0.02303669
-0.02788663
0.03243779
-0.09530085
-0.06141761
-0.1434062
-0.1486177
-0.06243941
-0.2565535
-0.2843422
-0.3606626
-0.4616089
-0.141272
-0.2985467
-0.1322492
-0.3293992
0.3262608
0.5412086
-0.1378237
0.00652597
-0.08306286
0.2087597
0.08789152
0.4011086
-0.2269661
-0.1583638
-0.02642362
-0.1815241
0.4443811
0.3639498
-0.006324825
-0.1518717
0.02950387
0.04776783
-0.07296653
0.1104599
-0.127784
0.0008455585
-0.05216881
0.284211
0.2715422
0.1931708
-0.1514218
0.09324874
-0.04918582
-0.3746122
-0.02546887
-0.08514862
0.1891776
-0.1335069
-0.2966313
-0.07099867
-0.0405355
-0.1056167
-0.09326798
0.08837226
0.04142662
0.2374295
-0.006311568
-0.2005127
-0.09788543
0.0712638
0.03986937
0.08180808
-0.1896986
-0.3302099
-0.07119438
0.2077639
0.1671476
0.06965451
0.1024966
-0.0305793
0.03000559
0.1005843
-0.5088259
-0.2775025
0.403701
-0.007782916
-0.1867659
0.1548902
0.06159401
0.277878
0.2401523
0.1655487
0.04882988
0.2290731
0.2423048
0.1946341
-0.008331182
0.1671504
0.07387209
-0.01194518
0.1259624
0.03016412
0.3095196
-0.255646
-0.1185732
-0.4097132
-0.02040893
-0.1393607
0.1943537
-0.01636735
-0.01722931
-0.07338534
-0.04846777
-0.1870083
-0.062347
0.002071923
-0.1958669
-0.1896156
-0.03628815
-0.01962086
0.238318
0.1188149
0.01802863
-0.1204357
-0.01904462
0.1647532
0.1123074
0.1520433
0.07039355
0.1503156
0.2345103
0.06303402
0.2372168
0.1035449
0.2092051
-0.03810666
-0.01016887
-0.2372013
0.1355642
-0.01559544
0.2043823
0.1564239
0.2880962
0.1835343
-0.02913693
-0.1344794
-0.1762549
-0.1644707
-0.3858597
-0.2508178
0.1720934
-0.07735644
-0.03185351
-0.296222
-0.1709673
-0.1335653
-0.0005087508
-0.0552997
-0.05679868
0.04704726
0.1263947
0.2627607
-0.1205138
0.1377269
0.08804334
0.1139851
0.07277603
0.03003501
0.07459406
0.2093052
-0.05156921
0.03692696
0.1031923
-0.08241474
-0.1167029
0.1593058
-0.01328628
-0.1890582
0.2161276
-0.1230862
-0.2787723
0.1588038
0.07087275
0.3593425
0.2829607
0.1708388
0.1761529
0.154233
-0.1512908
0.03989771
-0.0677895
0.1550646
-0.03177444
-0.1075308
0.2198635
0.2942563
0.01474081
-0.132336
0.008615689
-0.2035153
0.02276895
0.05034063
0.1747628
-0.1178241
-0.1366237
0.08252409
0.08664052
-0.05763015
0.005134885
-0.2145641
-0.1069246
-0.2277168
-0.09644124
0.3112603
0.3102194
0.2443813
-0.124608
0.03179582
0.06785305
0.09494378
0.2162801
-0.1208744
-0.003441555
0.07482854
0.09340879
0.1091517
0.1774698
-0.08016812
-0.06410765
-0.1424763
-0.2342483
-0.1164021
0.05280843
-0.03345079
0.1218576
-0.1824571
0.1087735
0.2989011
0.166409
0.1890672
0.08723731
0.01545391
-0.2377604
-0.4091273
0.3550466
-0.1194678
-0.3095433
0.006555905
-0.1668144
-0.2249064
-0.1704018
0.02726425
0.03301679
0.2117252
0.2410404
0.2631298
0.004860162
0.08582299
0.1812882
0.2259512
0.1558178
-0.1900935
-0.03330197
0.2220835
-0.003974002
0.3365029
0.139082
0.02484797
-0.06385124
0.08394863
0.09417312
-0.1401574
0.007848003
0.7573633
0.5110108
0.4081453
0.1663981
0.008940242
0.08080197
-0.2632177
0.6613981
0.5484995
0.3926616
0.370229
0.4157966
0.6284819
-0.005222771
0.2518185
0.2911406
-0.07371155
-0.01771274
-0.03541855
-0.07089936
-0.4818668
-0.01376653
-0.2387748
-0.2635089
-0.1056327
-0.06489592
-0.1131172
-0.02645046
-0.0322157
-0.1506569
0.07807344
-0.1044076
-0.06165847
-0.3268599
-0.2764543
-0.01959332
-0.3505375
-0.1885527
-0.3703696
-0.2107727
-0.3414531
0.2567624
0.4761345
0.174703
0.1890087
-0.08906545
-0.04994889
0.1678199
0.3086924
-0.09295543
0.02039864
-0.02676729
0.1633239
0.1438754
0.04262664
-0.07566199
-0.1377408
-0.2656596
-0.0459949
-0.03183412
0.05509814
0.04807244
0.1037993
0.001901587
0.0370883
-0.2982964
-0.06961592
0.1563372
0.08485779
-0.03726393
-0.1527311
-0.03868331
0.0129511
-0.1688929
-0.2035248
-0.2941335
-0.03859441
0.09002588
0.05091591
-0.1027318
0.1396339
0.2610506
0.2250399
0.1545919
-0.1933872
-0.1510828
-0.1845867
-0.0305198
-0.04099828
-0.1992751
-0.1580308
0.2170214
0.1129783
0.5522
0.4559355
0.214682
-0.1565884
-0.01539247
-0.1329236
0.6036551
0.5878405
0.3417331
0.3271535
0.4983979
0.6978819
0.06041348
0.2446792
0.1631772
-0.2480621
0.08983084
-0.01068659
0.07257039
-0.5054438
0.04167926
-0.2683618
-0.2100264
-0.1770087
-0.06052703
-0.06147738
0.0306584
-0.1078023
-0.2217058
0.1160965
0.0328341
-0.09853526
-0.4023918
-0.4082338
-0.1252927
-0.486915
-0.1997927
-0.451607
-0.283958
-0.4584994
0.2161084
0.5413988
0.1804819
0.1530752
-0.1246963
-0.1961214
0.2501955
0.3126
0.03486124
0.1771208
9.687287e-05
0.03899881
0.003508419
-0.1088442
-0.1422488
-0.07466565
-0.2564806
0.0317859
0.08319161
0.06944092
0.0602864
0.3187829
0.1542364
0.004786253
-0.1887506
-0.1562603
0.1329369
0.04773252
0.1226732
-0.1474606
0.01816098
-0.03497263
-0.2050278
-0.3728023
-0.4386406
-0.1494916
-0.03805403
-0.0451445
-0.3506502
0.07141329
0.1701488
0.2595702
0.1473577
-0.08458643
-0.2695471
-0.1123131
-0.02429517
-0.05351678
-0.3573268
-0.09423382
0.2898874
0.05772789
0.7852629
0.7323168
0.1981112
-0.007592372
-0.3033728
0.6251989
0.4522351
0.2547779
0.02021036
0.5262679
0.6804972
0.1441296
0.4704435
0.3505562
0.002946381
-0.02483256
-0.02847274
-0.04548184
-0.3844267
0.02592229
-0.1531295
-0.09239304
-0.09567144
-0.008690782
0.1030537
0.1579795
0.2028732
-0.01336291
0.1659707
0.05598624
0.0544533
-0.271963
-0.217982
0.05053699
-0.3834843
-0.1651512
-0.4406167
-0.1367804
-0.3828401
0.4019896
0.5044494
0.2613039
0.2218166
-0.08114205
-0.1185075
0.1230988
0.2860121
-0.08149529
-0.1156054
-0.1215535
0.05194738
-0.007644394
0.09043471
-0.08485718
-0.07259125
-0.1107483
0.02733572
0.05535355
0.07998683
0.1538405
0.2549841
-0.106943
0.335649
-0.06704569
-0.1681204
-0.01408324
0.005233939
-0.09806967
-0.07648414
-0.08103832
-0.1332149
-0.2028157
-0.250649
-0.1598838
0.09258292
0.08750911
0.003713273
-0.1623069
0.08436749
0.2248481
0.4562541
0.2640027
-0.08145549
-0.2650705
-0.108565
0.0782421
0.03547206
-0.1716229
0.007139161
0.3952149
0.1722155
0.699085
0.1372146
-0.1624828
-0.2772371
0.5335849
0.3766701
0.258652
-0.01664581
0.4384329
0.573204
0.1334647
0.3075006
0.3611854
0.01650357
0.03551717
-0.08931907
0.01770543
-0.286127
0.1934445
-0.2128846
-0.06908967
-0.08407869
0.01491874
-0.07005364
0.1209128
0.09338156
-0.02674218
0.1719764
0.0580215
0.003865995
-0.2656988
-0.1714313
0.03098052
-0.2907193
-0.01860405
-0.4262242
-0.1662551
-0.3974838
0.3487339
0.3421456
0.2144462
0.2137388
-0.05469003
-0.149757
-0.02998033
0.1960516
-0.07453057
-0.1447938
-0.2049872
0.07374974
-0.01546823
0.2187125
-0.150372
-0.08905195
-0.1770542
-0.08042864
-0.09505519
0.2144113
0.1519171
0.215612
-0.003760566
0.1465021
0.02547664
-0.1515092
0.05558188
0.1345066
-0.1225546
-0.1416744
-0.07397511
0.009868058
-0.09180298
-0.2168838
-0.2014792
0.1690843
-0.01999892
0.04369577
-0.2295337
0.2365478
0.1628266
0.3101966
0.2792521
0.007427392
-0.1944345
-0.1459887
-0.03519878
0.01712815
-0.1632755
0.003532104
0.399036
0.2073076
0.4549049
-0.04671362
-0.09264501
0.4893661
0.2020803
0.2924376
0.01135883
0.2630348
0.4211734
0.04227872
0.3924231
0.4527412
-0.04032141
0.06727765
0.07905191
-0.01874687
-0.1596254
0.1657127
-0.0848457
-0.1275588
-0.04593428
0.05140557
0.09793213
0.02057036
0.101152
-0.05782091
0.04386112
-0.05343427
-0.002909501
-0.01501171
0.1136377
0.1161538
-0.3081713
-0.07297599
-0.2728685
-0.02248693
-0.2594252
0.1993943
0.2605994
0.146204
0.1863577
0.1107402
0.02474022
-0.03440171
0.09208098
-0.09444994
-0.2867193
-0.05900413
-0.01321691
-0.1244191
0.233397
-0.1156119
0.1478609
0.01937223
0.08432665
0.09661699
0.2588223
0.157392
0.1050129
-0.1970545
0.3102181
-0.0005215033
-0.1681887
-0.1213531
-0.1427071
-0.1277715
-0.09761388
-0.1918763
0.04168722
0.01126821
0.02295602
-0.1314035
0.03600131
0.1400048
0.1911499
-0.1038551
0.1541636
0.02369997
0.1949142
0.2634489
-0.08372645
-0.09971452
-0.07921127
0.0762615
-0.02606957
0.002954269
0.03370838
0.1250446
0.003105814
-0.08469202
-0.1381349
0.07816328
-0.03075588
0.2507693
0.1247149
0.04259353
0.03348881
-0.007799298
0.07976015
0.3739692
0.09203753
-0.1957952
0.07510038
0.01923721
-0.09363723
-0.07115243
0.1020358
-0.1753539
0.05480795
-0.138844
-0.04175625
-0.1748944
-0.1263145
0.1869918
-0.2291717
-0.1520224
-0.1376168
0.05251894
0.2138412
0.3143363
-0.04018837
0.09371969
0.2125025
0.07549648
0.03765095
0.1484843
0.200892
0.1737715
0.2991163
0.1434744
-0.002705011
0.1998008
0.1033972
0.06128378
-0.07975551
0.07404065
0.07781924
-0.07151197
0.1856035
0.195719
0.08864521
0.1125283
0.03116616
0.09729535
-0.04130571
0.07334782
-0.1731217
-0.3596657
0.2088929
-0.1417068
-0.05745225
-0.02887624
-0.023269
0.1355011
0.08847503
-0.02877533
0.2712996
0.2124423
0.4459862
0.1124831
0.1225007
0.3755868
0.05005933
0.3245203
-0.0587084
0.2239902
-0.03361574
-0.005992366
-0.03813565
0.1512724
0.07561212
0.2456917
-0.1953828
-0.02148935
-0.2041615
-0.2224233
0.1006923
0.276342
0.1831116
-0.0007666644
0.2535496
0.170444
0.02287232
0.03158378
-0.1264639
0.167565
-0.05931997
0.1381856
0.06468182
0.06644077
-0.2198924
0.05437695
-0.06903773
0.1545047
-0.1747681
-0.1021272
0.02954907
0.08152127
-0.08286177
-0.04919695
-0.1273756
-0.1593936
-0.1344867
-0.1765521
0.1836721
0.2170183
-0.06648825
-0.1548067
0.006362492
-0.1259452
0.1983314
0.3494785
-0.1226844
-0.004425389
0.03222398
-0.05067921
0.2527524
0.281709
0.03630186
0.1106655
0.04118595
0.1282111
-0.001167574
0.1764226
0.02463992
-0.07786886
0.1987449
-0.05442509
0.3705114
0.2690652
0.1563005
-0.06432062
-0.09557535
-0.2540747
-0.1783222
0.2173556
-0.1566442
-0.0148503
-0.2494647
-0.1684833
-0.2106896
-0.1121798
0.02791592
-0.02760582
0.03663328
0.1645939
0.188967
-0.04111334
0.03165499
-0.0390634
0.01573707
-0.05418622
-0.04750937
-0.03818354
0.1378846
-0.205697
0.1780074
0.3372391
0.2176041
-0.1887518
0.04915429
0.1997425
-0.1982511
0.03951686
0.07988812
0.006808092
0.1719786
0.1951403
-0.1623367
-0.1474458
-0.1884148
-0.01725794
-0.1194767
-0.2130308
-0.1505057
0.2210487
-0.2524447
0.0250753
-0.1446334
0.3073387
-0.128181
-0.203898
-0.1222988
-0.1270931
-0.199372
-0.3109391
-0.4133833
-0.4317377
-0.1571421
-0.2404074
0.1963707
0.1840669
-0.3149217
-0.2114749
-0.1014032
0.05730755
0.1121017
0.2425591
-0.2729463
0.03105088
-0.1203412
-0.03004926
0.07708329
0.3106258
-0.06433331
-0.02225444
0.2029422
0.1977247
0.009432434
0.06488836
-0.205321
-0.0777319
0.01570407
0.01163296
0.4766121
0.08406712
0.4290261
-0.1438609
-0.07185268
-0.3766877
0.005204866
0.1866939
-0.0009480025
-0.401067
-0.2811327
-0.3897095
0.03024046
-0.2364576
0.04675736
-0.1734608
0.08096287
0.2559622
0.01836073
-0.3712277
-0.001280068
-0.007062832
0.0394755
-0.2219251
-0.271839
-0.268916
-0.2153674
0.002336084
0.1091047
0.4186573
-0.03684062
-0.1524957
-0.08964929
0.1842254
-0.4911831
0.02040865
0.5968933
0.6292943
0.5153931
0.5111612
0.7390132
-0.1070093
0.3308231
0.287553
-0.04575223
-0.01526325
0.1004479
-0.2474716
-0.4308242
-0.04745605
0.06803541
-0.411563
-0.286046
-0.1776312
-0.2171001
-0.2410869
-0.2389009
-0.3881885
-0.2368891
-0.2811403
-0.2946418
-0.09711914
-0.002587196
-0.1379986
-0.4332831
-0.216889
-0.30537
-0.09429884
-0.2766716
0.1320973
0.5601431
0.2775862
0.4029283
0.06436887
0.08150349
0.1664797
0.4168078
-0.01021156
0.1086086
-0.1450421
0.251403
-0.003375204
0.1413314
-0.08442767
-0.03329785
0.07271594
0.07860002
0.008649431
0.1023579
-0.06946421
-0.1652625
-0.07914249
0.3996274
-0.287781
-0.4278301
-0.03786773
-0.2488623
-0.105192
-0.1913921
-0.07187365
0.01671181
-0.1621318
-0.1767474
-0.1586501
-0.1856482
0.0906014
0.06640015
-0.08188569
0.05238605
0.07395109
0.1234685
0.1967818
-0.2082038
-0.198837
-0.03718025
-0.02670027
-0.1336327
-0.3323853
-0.07728673
0.01817671
0.1487929
0.3697131
0.3602798
0.4511549
0.4820714
-0.04895803
0.05693327
0.1216287
-0.04719802
-0.1509363
-0.1035256
-0.08441062
-0.3952594
-0.1561598
0.009935913
-0.06447274
-0.1141883
-0.2442665
-0.2249655
-0.1529642
-0.2443505
-0.2267125
-0.1747636
-0.1234687
-0.181508
-0.3892691
-0.2640922
-0.1975054
-0.2120076
-0.2159044
-0.3060225
-0.317888
-0.3502825
0.1384336
0.5193972
0.2532079
0.3742231
-0.1308213
-0.1749547
0.1960266
0.4641312
0.197754
0.2626147
0.01609552
0.1947596
0.1294146
0.1065535
0.01180784
0.07455473
-0.1026052
-0.1987728
-0.07884493
-0.002950888
-0.07729104
-0.03346948
0.05213003
0.1658284
-0.09995389
-0.2540311
-0.1006019
-0.13704
0.05031426
-0.1800736
-0.05620154
-0.1215119
-0.2190228
-0.155253
-0.2410471
-0.3082955
0.04036179
0.01314467
-0.1608549
0.1185348
0.189097
0.149606
0.1162388
0.001044196
-0.1871039
-0.03405364
0.01408719
-0.06866431
-0.3264273
-0.1834245
0.1263697
0.3168614
0.6223109
0.354847
0.4011845
-0.09985583
0.3569121
0.2941008
0.1521867
-0.1262465
0.2227722
-0.3802925
-0.2434486
-0.1335308
0.1444301
-0.5215844
-0.1945496
-0.2117929
-0.3191592
-0.333588
-0.2914368
-0.2022768
-0.3199414
-0.2247673
-0.3047706
0.103279
0.1782909
0.1712661
-0.1385629
0.1896908
0.00928197
0.204823
-0.02802962
0.01369381
0.3674343
0.5072695
0.5591369
0.2220148
0.184921
0.2738335
0.3860279
0.0877285
0.1971961
-0.1057285
0.3401727
0.02281242
0.2170687
0.1277112
-0.1041594
0.1775803
0.06813581
0.07014716
0.02139207
0.0431046
-0.302052
-0.2343286
0.2779877
-0.2167246
-0.2116807
-0.1502631
-0.3895167
-0.04469355
-0.1031172
-0.0497588
0.1874663
0.1174085
0.009111365
0.06295981
-0.06561719
0.2863812
0.1885677
0.06625531
-0.08938611
0.1375208
-0.1576815
0.1413087
-0.2221914
0.04744778
0.07669648
0.07130093
-0.3888237
-0.308921
-0.1219725
-0.1167048
0.1140615
0.2820577
0.3511025
-0.2366814
0.0803075
0.233436
-0.03104911
-0.04584178
0.04891924
-0.07760461
-0.3079729
-0.2606999
0.1623736
-0.3774068
-0.1123081
-0.3244874
-0.3774168
-0.5042411
-0.5443112
-0.3664072
-0.4977424
-0.4626289
-0.3869671
0.01412925
0.09394136
0.04932728
-0.1765654
0.1172728
0.1133
-0.103808
0.03457227
-0.2077106
0.4784272
0.4395338
0.4344273
0.08066745
0.05198306
0.3200409
0.4463908
0.1128158
0.3508599
0.1593777
0.4308731
-0.02361557
0.08144245
0.1216247
-0.1318721
0.009929222
0.09927432
-0.01541192
0.04623435
-0.1477588
-0.2888478
-0.0867505
0.2278599
-0.3969895
-0.3516251
0.08791211
-0.2866187
0.199217
-0.09161039
0.03500689
0.2403466
0.1072722
0.1083792
-0.1702395
-0.2366993
0.154392
0.09553334
0.05336113
-0.02335513
0.07443257
-0.1912584
-0.04754221
-0.2346471
0.09858782
-0.02328329
0.07479797
-0.1724988
-0.3201176
-0.3043872
-0.161936
-0.04697333
0.5669748
0.01439898
0.3530966
0.2955314
0.0761674
-0.07802669
-0.1224063
-0.1699441
-0.4309308
-0.1192121
0.03360925
-0.2176832
-0.2902371
-0.06388941
-0.1095636
-0.03453792
-0.08813661
-0.2202934
-0.03435614
-0.1637387
-0.138929
-0.2343257
-0.1742548
0.2195413
-0.1864872
0.1080445
-0.1771257
-0.1936278
-0.2316247
0.1211204
0.5637051
0.3858484
0.5125988
-0.01444884
-0.1734905
0.1643371
0.4670049
0.01267587
0.08271789
-0.3227659
0.1472037
0.195439
0.1519428
-0.09515668
-0.09970839
0.0577947
0.03606729
-0.04766824
0.06227879
-0.04066232
0.1407337
-0.166084
0.245216
-0.3168858
-0.2699003
0.2333473
-0.03159045
-0.02199436
-0.07070451
0.1494395
-0.02083476
-0.04495785
-0.1779971
-0.01890884
0.02902456
0.1007958
0.02927289
-0.08708254
-0.01958151
0.2845245
0.1161877
0.2714859
-0.1600933
0.04842796
-0.08398613
0.01532897
-0.09683218
-0.3179785
-0.05208268
0.3311078
0.2290392
0.1964093
0.4554337
0.2759067
0.02730881
0.04160299
0.09870392
-0.08828508
-0.3856939
-0.03148834
-0.0435521
-0.2558132
-0.2365755
-0.1727302
-0.1225302
-0.07767813
-0.1024482
-0.167736
-0.03696702
-0.1690522
-0.1270013
-0.1707388
-0.172075
-0.001973011
-0.4461062
-0.02488114
-0.3542882
-0.1887816
-0.3642249
0.3451338
0.616528
0.2261509
0.3323155
-0.0318891
-0.1023692
0.1622264
0.3228249
-0.01820427
0.1552664
-0.143422
0.1785143
0.007428429
0.05949437
0.03055249
-0.09425604
-0.1014064
0.1508811
-0.02917809
0.09736806
0.02416116
0.1523545
0.1260966
0.2815012
-0.3243065
-0.30547
0.1231112
0.001876071
0.08873917
-0.07883584
0.0466285
0.03374565
-0.1945485
-0.2810541
-0.2257391
-0.04901937
0.02779637
-0.02757779
-0.2435811
0.08258469
0.2235349
0.315057
0.1981942
-0.2236799
-0.1334543
-0.05601753
0.08601442
-0.04181338
-0.2080523
-0.05950298
0.2690557
0.1195179
0.374768
-0.1126758
0.2062634
0.09924196
0.1729612
-0.06881097
-0.01978301
-0.001247896
-0.1613499
0.0255912
-0.1104987
-0.08187426
0.007943689
0.2258161
0.1543029
0.3241001
0.2107992
0.2810441
0.2029316
0.1619821
0.08692581
0.0690435
-0.1819351
-0.03494993
-0.1800381
-0.04770608
-0.1148088
0.3416362
-0.1122285
-0.008192631
-0.1227086
0.1136323
0.01163245
-0.01907073
-0.1796656
-0.07810077
-0.07865885
-0.198053
-0.2914537
0.05876217
0.0993216
0.001518459
-0.06057487
-0.03656047
0.1385414
-0.08088789
-0.04684284
0.09087043
0.1786182
0.4055647
0.04777079
0.2069055
0.08256626
-0.2186429
0.3042036
0.1317892
0.007806444
-0.06600825
-0.09731948
-0.04301803
0.04300416
-0.01493204
0.05422751
0.07161532
-0.1680607
0.05301482
-0.01813176
0.1295664
0.3510768
-0.1573917
0.03229551
-0.05168023
0.07136515
0.3123669
0.02147726
0.01416869
0.03246694
0.1579014
0.09602502
0.1952659
0.1830778
0.0793715
0.2370512
-0.3821914
-0.1176132
-0.111647
0.03837502
-0.2769675
-0.1765346
0.09136724
0.2300855
0.2556268
0.3446022
0.08874556
0.179561
0.1244013
0.2482901
0.2180496
0.1184878
0.2836362
-0.312438
0.1181226
-0.3485084
-0.02826428
-0.2013219
0.1990896
0.1363933
0.308107
0.2413433
0.1217535
0.1361013
-0.02034401
0.04100017
-0.1987608
-0.1340434
-0.112277
-0.02359026
0.1614647
0.2572385
0.07928389
0.008417933
0.1468683
0.3588906
0.1315275
0.002648685
0.02453719
0.1309029
-0.1122351
0.3908889
-0.1407075
-0.09910403
0.004393522
-0.1542251
-0.07840941
0.03582462
0.08061601
0.02681977
0.04135132
-0.04616231
0.1200131
0.2244914
0.2624255
0.1763222
0.09643824
0.04531582
0.1710472
0.2896501
0.07218192
-0.1512461
0.1188797
0.06147119
0.2826385
0.06298863
-0.004947901
0.1014458
0.2466553
0.08190858
-0.05551262
0.125972
0.07771656
-0.02324886
-0.1668472
0.1048519
-0.07287581
-0.2371723
0.1085011
0.1318825
-0.06085819
-0.02772969
-0.01153901
-0.1482343
0.00596534
-0.1135618
-0.04480479
0.1311948
0.1314515
0.2476343
-0.04622229
0.1386228
-0.07231073
-0.05042027
-0.0988885
0.01848701
0.2898057
0.1905713
0.1746867
0.1999626
0.1046042
8.942801e-05
0.02256463
-0.1177257
-0.1982191
-0.1631121
0.1109387
-0.08264861
-0.00479968
-0.1105123
-0.01051445
-0.03792033
0.1299119
0.1685757
0.4787291
0.2852288
0.1937757
-0.0249745
0.1407619
-0.1361224
-0.0632103
0.2052794
-0.01025505
-0.1865071
-0.01656995
0.007396847
0.3251194
0.2696154
0.08053185
0.02084843
0.1622464
-0.006240542
0.1528099
-0.1125371
0.2460637
-0.06424783
-0.1149155
0.3890194
-0.3012245
0.2729014
-0.08018899
0.1962836
0.01716453
0.08194498
0.04862858
0.1352009
-0.3150971
-0.1924663
-0.04136686
-0.1641688
0.2984101
-0.1517706
0.2404127
-0.03337107
0.146776
-0.08646393
0.07539968
-0.02333236
0.1145961
0.3722112
-0.06195645
0.0425407
0.1904869
0.1299937
0.1531866
0.1841445
0.1523295
0.1055012
0.03734446
0.1656704
0.1147198
0.1306362
0.01927225
0.2174426
0.3298542
0.1171938
0.02592023
0.01914465
0.1031775
-0.2332701
-0.07612644
-0.1045525
0.2564741
0.06277859
0.2808325
0.3614708
-0.06367495
0.1256907
0.1383893
-0.08175263
-0.2731214
-0.04745552
-0.1470898
-0.154877
0.05720605
-0.0315666
0.19069
-0.1786897
-0.06110401
-0.08265436
0.203032
0.03575489
-0.1023414
0.1924862
0.1108043
0.3377032
0.06722849
0.1471243
0.001722881
0.2629347
-0.1706151
0.369262
0.02097944
0.09669987
-0.07112768
0.1269075
0.05775102
0.1553928
-0.0658962
0.1234805
0.02041583
0.1875352
0.2008894
0.08262208
0.288858
0.139763
0.3371774
-0.1723375
-0.01206453
0.2128166
0.257499
0.149038
0.1833387
0.1815687
0.04773892
0.4002603
0.1648233
0.1207585
0.127733
0.06962567
0.01674466
0.1840036
0.01605359
-0.2463765
0.01547962
-0.01534224
-0.003733757
-0.3365843
-0.09555944
-0.1393288
0.0916877
0.1015232
-0.3476394
-0.2373218
-0.1401686
-0.1293065
0.006370024
-0.2686067
0.1261602
-0.0334608
-0.260031
0.1889648
-0.2679248
0.1550364
-0.2964391
0.5977863
-0.017104
0.1731963
0.2871723
-0.06144412
0.1614872
0.2174293
0.03571504
-0.07018104
-0.3312235
0.1213834
-0.264995
0.3452239
0.04288128
-0.2582441
-0.1015241
0.2371712
-0.2595881
0.2328787
-0.2617258
0.3998654
-0.35917
-0.2331287
0.2548852
-0.1471951
-0.05530566
-0.2439719
-0.01805472
0.3383573
0.09633352
0.1795534
0.09646479
-0.3182742
-0.2573571
0.04536425
-0.1641626
0.1180128
-0.373513
-0.2482074
-0.15173
-0.1257509
-0.2017562
-0.0800234
-0.1832415
-0.1033017
-0.08372171
-0.1423162
0.1634585
0.1075016
-0.1669744
-0.1321803
-0.1644007
0.09115335
0.2327394
0.008778537
-0.02416431
-0.01496191
-0.1198266
0.1306771
0.0918183
0.1324258
0.1086804
-0.09740165
0.2392046
-0.03042816
-0.08607904
0.06836825
0.1060878
-0.0322312
0.0468329
-0.1971733
0.1225082
0.1921605
0.2191639
0.1792509
0.0355483
-0.03429605
0.07402415
0.3946407
-0.01500283
-0.04170416
-0.2270272
-0.2730391
0.04989955
-0.04689443
0.1398222
-0.05214885
0.1039887
-0.04370392
0.064661
-0.1525865
0.09331234
0.2314269
0.1026795
-0.1478595
-0.04866313
-0.04175573
0.1050204
-0.1634009
0.04139646
-0.05188046
-0.04376737
-0.2147943
-0.1174165
0.07293172
-0.1245833
-0.120905
0.1685517
0.4184093
-0.1325068
0.5157677
0.4125785
0.06688018
0.02951964
0.07857572
-0.02562592
0.05413332
0.0777593
-0.02910258
-0.03486908
-0.2677434
-0.2783592
-0.09775384
0.06008522
-0.02202327
-0.01884622
-0.2843659
-0.110408
-0.09413705
-0.07582324
-0.1037842
-0.2084536
-0.2757521
-0.3044549
-0.1671699
-0.08125973
0.04162365
0.01502718
0.2593181
-0.06519531
-0.1386055
-0.2429053
-0.2295959
0.07272269
-0.3825266
-0.1624919
-0.2343755
0.2686321
0.07375302
0.2025517
0.08255568
-0.294591
0.1574224
0.08322746
0.126425
0.3460765
0.1416517
0.1409329
-0.1187948
0.1505533
0.04621319
-0.03226593
-0.3548731
0.1276782
-0.269353
-0.07217175
-0.1844617
0.209833
-0.05621886
-0.08848451
-0.003055402
0.2448354
-0.1950029
-0.08718789
0.04389101
0.1430694
-0.01265993
-0.04538648
0.1628361
-0.2069004
0.3604237
0.470224
0.2753736
0.5490543
0.2188621
0.2686033
0.1023765
0.2156965
0.2058252
0.05124159
0.1617132
0.1990184
0.2041178
0.07252683
0.08036469
0.3484074
0.2318529
0.1430476
0.2969343
0.2550987
-0.01446133
-0.479258
-0.08794587
-0.07276501
-0.1308263
0.002010652
-0.1642328
-0.2749476
-0.04155913
-0.09393621
0.05205038
-0.06213771
-0.03361923
-0.1600224
0.07606345
0.06261807
-0.08604553
0.04894967
-0.06821756
0.04789041
0.1482121
-0.1178742
-0.03007465
-0.1422054
0.2412981
0.1445641
-0.1245673
0.02664154
-0.09523642
0.1673104
-0.08556649
0.09026241
0.1342203
0.2088922
0.3374615
0.1466044
-0.06747955
0.06176164
0.1919125
0.03390877
-0.09276968
-0.1727705
-0.02188051
-0.02562647
0.08734794
0.03161547
-0.1225728
0.03401311
0.3256247
0.06233348
0.02670869
-0.05431952
-0.048382
0.2617302
0.3541452
0.5689851
0.1310612
0.3856856
0.2284371
0.04250336
0.3164017
0.2327675
-0.01632637
0.1184394
0.07936613
0.04448934
0.1057914
0.05293255
-0.2868165
-0.08428282
-0.1058119
0.1494469
-0.3822377
-0.1283644
-0.2373828
0.03457305
0.1239919
-0.3440583
-0.4082639
-0.2608036
-0.275065
-0.1602389
-0.2104523
-0.1987034
-0.1037136
-0.3883401
0.2285264
-0.2340753
0.001898403
-0.09781988
0.5119871
0.4442611
0.263309
0.08720936
-0.3954193
0.3238832
0.1171857
0.02338131
0.2085938
-0.4348974
-0.08130295
-0.3207731
0.298932
0.1458442
0.06422505
0.007776487
0.233485
-0.3643005
0.04628057
-0.2119777
0.3980618
-0.2618933
-0.100853
0.2032167
-0.02977618
-0.1901835
-0.04387183
-0.1497386
0.1896482
0.09251897
0.1423737
0.07792137
-0.125383
-0.1107378
0.1697468
-0.1609696
0.07161826
-0.199937
-0.1022847
-0.1651468
-0.3803679
-0.2539446
-0.07319075
0.1283687
0.003693663
0.1264384
0.2188018
0.1248339
0.212812
0.1836874
0.2595789
-0.0752617
0.1143879
0.3046025
0.4889252
-0.1800934
0.004343969
0.1555598
0.2215656
0.2523824
0.2084795
0.06262985
0.3193225
-0.05685961
-0.1579536
0.100229
0.003034504
0.2080702
0.02375999
0.04151495
-0.1813653
-0.1184644
-0.356034
-0.1732666
0.196305
-0.05588169
-0.2016906
-0.1248654
-0.2794471
0.06224768
0.1246815
0.002484261
0.00213191
-0.07891439
0.1778486
0.4091618
-0.002038997
0.0636635
-0.03494232
0.3162942
-0.1813662
-0.08871051
-0.1891129
-0.06431315
-0.104106
0.1307622
0.1704898
-0.117718
-0.13621
0.02564006
0.01037143
-0.1603388
0.1116739
0.419457
0.1952407
0.1541612
0.2283233
0.1824128
0.1782908
0.08310743
0.1279365
0.1629833
-0.256197
-0.2478361
-0.2113353
0.1298768
-0.1341387
-0.09458362
-0.2307453
-0.1546803
-0.08912299
-0.2768546
-0.3095576
-0.3272397
-0.3108057
-0.2776983
-0.2189455
-0.04750549
-0.0405802
0.09097657
0.05407053
-0.1181712
-0.07330093
-0.1146178
-0.01447025
0.08475433
-0.205625
-0.3193629
-0.1497645
-0.09153718
-0.06356631
0.1501721
0.1199587
-0.1691736
0.1527436
0.1369146
0.09114351
0.3418593
0.0503399
0.1701483
-0.006375247
-0.128194
0.007105369
0.08226615
-0.02824674
0.08042365
-0.08694322
-0.1014556
-0.08354345
0.1059517
0.02755679
0.1582994
-0.2003395
0.2173545
-0.1844694
0.09257532
0.03519151
0.3239994
0.2508565
-0.1523307
0.1834039
0.1762477
0.154431
0.2601136
0.1732859
0.2806398
0.3445242
0.1930812
0.1620378
0.2841306
-0.1417269
-0.1501819
0.1316189
0.3597429
0.07103723
-0.05235723
0.1984646
0.1009593
0.1796175
-0.2445218
0.06800787
-0.07803491
-0.3581088
-0.1717841
-0.1041036
-0.1210695
-0.006740039
0.007257584
0.2290128
0.09988814
-0.1215408
-0.2229737
-0.06178212
0.1965975
-0.252157
-0.004317043
-0.09655669
0.1222132
0.2193012
0.05807608
-0.0653719
-0.2726628
0.1807769
0.2699303
-0.08416951
0.06000621
-0.2317867
0.1141133
-0.1348644
0.1853312
0.1698749
0.148157
0.2425115
0.2489124
-0.2080124
0.1377807
-0.0542575
0.2669325
-0.02625189
-0.07301189
0.09060231
0.05791609
-0.03377383
0.01557734
-0.01624525
0.2985534
0.3321848
-0.0003825392
0.1936012
-0.1680659
0.3586776
0.6372252
0.5657442
0.1742364
0.4575661
0.3752308
0.337833
0.1275289
0.08780303
0.1069485
0.1120868
0.05184796
-0.2650696
-0.07250959
-0.1892176
0.1204071
-0.3767887
-0.113986
-0.2987573
0.1649903
0.2360211
-0.2676548
-0.2788281
-0.4014521
-0.3073024
-0.03903193
-0.393289
0.05093413
0.01455697
-0.07669369
0.1005382
-0.1377909
0.0108518
0.04010787
0.3682784
0.2330224
0.2839384
-0.0428959
-0.2718647
0.07612241
0.2899688
0.03117133
-0.002404887
-0.4782109
0.150233
-0.09301807
0.1050895
0.1744317
-0.04851575
0.03433217
0.4289761
-0.1258967
-0.01769851
-0.07899607
0.3340393
-0.2060759
0.06331126
0.1573236
-0.2196166
-0.1309621
-0.07979331
-0.0785796
0.2113805
0.2568724
0.1046423
0.1568815
-0.08667779
0.3603241
0.6283724
0.2858771
0.4872443
0.3456057
0.5285137
0.04769005
-0.01545945
0.2574142
0.05500442
-0.0880612
-0.3926118
0.05198243
-0.03503593
0.2056304
-0.2545382
-0.1708948
-0.1372296
-0.0126646
-0.011361
-0.199391
-0.1218257
-0.3034897
-0.185108
0.09903438
-0.1485432
-0.03943852
-0.04868769
0.1570933
0.1174276
0.0708172
0.1686092
0.169515
-0.1149888
-0.07722461
0.2449109
-0.1328984
-0.1666208
-0.06277367
0.3173625
-0.02519907
-0.05957069
-0.2269156
0.2779172
-0.07908778
-0.04090323
-0.1016009
-0.03594708
0.2553509
0.3280694
-0.02440833
0.01654856
-0.05267716
0.1036033
0.009424428
0.2941628
-0.0009773874
0.03738227
-0.09062338
-0.003166268
0.1001562
0.40404
0.3626752
0.2204065
0.1994648
-0.1478871
0.8007452
0.4798792
0.6595115
0.6687795
0.469866
0.1404025
-0.03621366
0.02002325
-0.01734182
-0.05628145
-0.3780991
-0.1772801
-0.2653382
0.3984706
-0.3004354
6.530183e-05
-0.345633
0.005218526
0.07486036
-0.362806
-0.4801426
-0.312069
-0.3908731
-0.03933211
-0.479885
0.2154488
0.1305878
-0.1730596
0.139577
-0.1678272
0.003744445
0.05550717
0.1893242
0.3815042
0.438076
0.1010207
-0.1667912
0.3564468
0.2344005
-0.05912674
0.0540203
-0.4025007
0.07239545
0.06157234
-0.03140727
-0.06216587
-0.02994076
0.003845647
0.3708948
-0.1755049
-0.1646847
-0.0518952
0.08557401
-0.04830889
0.3193262
0.004980344
0.09809604
-0.1748242
-0.006688339
0.1306794
0.2711405
0.2023019
0.2253524
0.2284379
0.04671995
0.5159746
0.7207467
0.548958
0.6686868
0.08201009
-0.09561341
0.228081
0.1479567
0.0277549
-0.3517661
0.03600316
-0.2584621
0.4460621
-0.337723
-0.01568973
-0.2153673
-0.1034405
0.02051433
-0.3923836
-0.3328675
-0.3411662
-0.4137834
0.02158953
-0.2840013
0.1971766
0.1228547
-0.06229042
0.06179658
-0.146679
0.01166423
0.05298171
0.09918015
0.24118
0.377281
-0.05217594
-0.1222517
0.1692637
0.4571974
-0.07901446
-0.02847496
-0.4403708
0.2284346
0.06340882
-0.0251252
-0.07959003
-0.1301464
0.1458503
0.4508892
-0.1146916
-0.02896519
-0.05030134
0.09815822
0.004637713
0.3867385
0.04250867
0.02632733
-0.1420928
-0.1184119
0.05904634
0.2625378
0.3716907
0.1886869
0.3508971
-0.03676468
0.4647425
0.5441022
0.5217783
0.1072565
0.03401454
0.2919154
0.2651417
0.0890896
-0.08992084
0.1668664
0.009992618
0.4178671
-0.3420748
0.07891048
-0.1633415
0.07448949
-0.1256423
-0.1054382
-0.2860963
-0.242903
-0.2413322
0.1325477
-0.1762921
0.1332662
0.1958676
0.298585
0.03779564
-0.1176556
0.0744061
-0.116873
-0.1677447
0.2131674
0.1784174
-0.05144119
-0.260758
0.2022551
0.5013737
-0.2515788
0.1743175
-0.1204618
0.2136752
-0.07207246
0.04168706
-0.0249276
0.05420484
0.2231701
0.3298411
0.1509391
-0.0722808
0.130828
-0.005240916
0.3193932
0.3140522
-0.111645
0.1476489
-0.1682007
-0.07407073
0.1630736
0.1606845
0.1454734
0.05570846
0.2209672
0.08998301
0.7006798
0.6228386
-0.05940902
-0.185082
0.2184501
0.0933884
-0.09307824
-0.3549599
-0.02315671
-0.2539631
0.3629542
-0.3749388
-0.06453295
-0.240626
0.00980295
0.01261905
-0.3204418
-0.3444993
-0.3172806
-0.4314571
0.01920765
-0.2194943
0.2629453
0.09496493
-0.2384113
0.05677855
-0.3873923
0.02613262
-0.1392985
0.2711775
0.2706652
0.5317771
0.1189762
-0.2581217
0.2934173
0.5459021
0.05485066
0.1739158
-0.3978834
0.1070887
-0.1528269
0.1131462
-0.01108404
-0.4033568
0.001186895
0.3900956
-0.1414979
0.00572902
-0.2927879
0.2999324
-0.1236605
0.2331611
0.1772336
0.08316685
-0.1280171
-0.3536488
-0.07875887
0.3337304
0.1408548
0.1403569
0.4007287
-0.2117269
0.5821831
0.06007194
-0.09139399
0.05646879
0.01673503
-0.09106506
-0.278705
0.1001169
-0.2326141
0.3649702
-0.4038368
-0.003300285
-0.3176917
0.08433439
-0.001546502
-0.2265374
-0.378784
-0.2766925
-0.3207909
-0.003589488
-0.284517
0.1987996
0.0625437
-0.1091239
0.06036708
-0.2467509
0.03527653
0.008734961
0.05979192
0.3702192
0.3435926
0.1539606
-0.2313318
0.490468
0.3279314
-0.1755563
0.1780164
-0.239689
0.09283799
-0.04099526
0.01755732
0.03914553
-0.04963914
0.0954979
0.2738479
0.04389568
-0.1159304
-0.03545553
0.02727419
0.0369423
0.2448892
-0.08173261
0.1790072
-0.1708536
-0.08230695
0.07748443
0.3075884
0.05244915
0.1268127
0.1729375
-0.05009108
-0.02867866
-0.1898206
0.3142134
0.1810353
0.01502547
-0.2445336
0.08030336
-0.2799675
0.1524081
-0.2953326
0.07864926
-0.1219011
-0.1002
-0.1040427
-0.2556209
-0.1354278
-0.3956822
-0.3103285
0.1277807
-0.02888542
0.1156688
-0.002483306
0.01082637
0.0373726
-0.228983
0.02987462
0.03776534
-0.06470147
0.07610075
0.2848919
-0.07068532
-0.2216482
0.09278503
0.5021925
-0.1199633
0.1585619
-0.1435423
0.3519051
-0.008689539
-0.004632283
0.04694935
-0.1119659
0.08333269
0.3010025
0.06863353
0.08339867
0.06114451
0.1917052
0.1467053
0.3780985
-0.1095022
-0.04492003
0.04235891
-0.09785969
-0.01662258
0.2722809
0.2510916
0.2114213
0.3290188
-0.08981289
0.811394
0.1376681
0.0811516
0.2267411
0.1193291
0.1323368
0.3989387
-0.19136
-0.3706886
-0.03012974
-0.1613219
0.6358301
0.487827
-0.2492257
-0.5126794
-0.3142243
-0.2150686
-0.223353
-0.166719
-0.08728804
0.1364385
0.0136799
0.1718322
0.4155054
0.475989
0.1201273
0.2024303
0.100129
-0.0807004
0.04237075
0.04244172
0.119715
-0.0238898
-0.1647254
-0.177328
-0.2683077
0.04462335
-0.008362931
0.184525
0.1156145
0.308454
0.2997962
0.03490073
-0.04419284
-0.02783978
0.1577753
-0.0454825
-0.2537709
-0.1578497
-0.09922959
-0.119522
0.3663152
0.1538876
0.377705
0.01765097
0.1759945
0.2640416
-0.2432413
-0.1733828
0.09285756
0.06847773
0.07593666
0.1276304
0.145102
0.4906625
-0.1685828
-0.3251408
-0.02832009
-0.126349
0.6854326
0.6240196
-0.1275257
-0.3786522
-0.2402009
-0.1504597
-0.2900507
-0.1594952
-0.07035535
0.3011301
0.1483973
0.2682629
0.4481988
0.4268568
0.01687861
0.1799205
-0.08672634
-0.2457866
-0.1541177
0.04290738
0.05691122
-0.02067778
-0.1939372
-0.2043662
-0.2483206
0.02419277
-0.05685927
0.2314646
0.1901713
0.3828468
0.2983625
0.04037136
0.05969646
0.07266213
0.1444436
0.05339554
-0.1893119
-0.2328314
-0.05975735
-0.06537933
0.2873888
0.1790617
0.3737171
0.03354024
0.2439901
0.1978746
-0.392867
-0.1251446
0.3917329
0.5093216
0.03732039
0.1406177
0.1454158
0.1292669
-0.1067178
0.4866901
0.2509718
-0.008474459
-0.02185165
0.01271925
0.09157782
-0.2491769
-0.1958241
0.05169081
0.08612687
0.05081087
0.007540439
0.003564586
0.05303007
-0.1049923
0.08023596
-0.04628991
0.05342097
0.1420622
0.03426597
-0.3716266
-0.1708306
-0.09978028
0.2535097
0.1916159
0.1216226
-0.08710073
0.1682243
-0.1299507
0.2893181
0.1800155
0.0373223
0.3748752
0.428872
0.232039
0.2197655
0.2289574
0.1682963
0.1015222
-0.08672431
0.08109554
-0.09959767
0.2865657
-0.07722606
0.07925276
0.06053255
0.1800716
-0.06875846
0.2082896
-0.114842
0.3375117
0.3440779
0.262458
0.3743159
-0.02885953
-0.4063666
0.07637315
0.09606119
-0.06588202
-0.01977451
-0.0751088
-0.03817462
0.009932783
-0.01348984
-0.03722211
0.03763257
0.1303784
-0.01676998
0.02674083
0.135751
-0.1265489
-0.1368194
-0.3352481
0.1524174
0.04177472
-0.1107948
-0.1497379
-0.348273
0.2350763
0.3852242
-0.04583105
-0.06906905
-0.2863125
0.266051
-0.1995215
0.1760742
-0.0642481
-0.0845674
0.4098261
0.2893453
-0.1474006
0.2631259
0.09658838
0.2616335
-0.03109638
-0.3347576
0.08588898
-0.003136447
0.1064049
-0.2033482
-0.2264324
0.1370098
0.2276111
-0.01333381
0.09057471
-0.1299216
0.270188
0.1510246
0.173894
0.01229091
-0.08004128
0.2699787
0.1116049
-0.02736263
-0.118797
-0.09092809
0.004491943
-0.04682995
0.04259111
0.02907973
0.08622308
-0.005183527
-0.008057699
0.08884602
-0.1319868
-0.02294441
0.080106
-0.07436005
0.08659119
0.2587344
0.03757561
-0.09026153
-0.1214574
-0.1254548
0.02441222
0.2637673
0.05155113
0.01464925
0.06587978
0.1573251
0.2998198
0.1518378
0.1590005
0.1376135
0.2981434
0.0698584
0.08921421
-0.01443487
-0.02223958
0.1231667
-0.1496693
0.02544865
-0.1983677
0.3681586
0.01112079
0.08492784
-0.2029839
0.08351677
-0.01473295
0.08842378
0.09241062
0.2456271
0.3768364
-0.2614735
0.02520498
0.08596025
0.1731282
-0.03130477
-0.04713895
0.379015
0.1139287
0.3386162
0.2707688
0.07633017
0.1087724
0.03498266
-0.02267207
0.0940234
-0.1885281
0.02784509
-0.0288548
-0.1768095
-0.05741338
-0.05475729
-0.2940338
-0.2406339
0.1286166
0.06423267
-0.09968621
0.08207018
-0.1038281
0.3654808
0.1638514
0.1593363
0.1294461
0.08229456
0.09158026
0.1058785
-0.08750646
0.1728451
0.04005911
0.2175737
-0.1955551
0.02291046
-0.4011933
-0.1575173
0.05095411
0.3362427
-0.1277754
-0.05638661
-0.3652994
-0.02335591
-0.2612349
-0.2387185
-0.1376969
0.3835666
0.1841507
-0.1986067
0.007150996
0.05164842
-0.01818228
0.2091316
0.1463376
0.05771715
0.09538508
0.04209953
-0.001065575
0.05174204
0.03966164
-0.06385878
0.1451147
-0.07674471
0.1431512
0.1138156
0.02011615
-0.0774409
0.1198725
-0.294013
-0.18917
0.03716052
0.07556205
0.08053396
-0.3698428
-0.181128
-0.1613363
-0.03887192
-0.1689685
-0.02440045
0.09706894
0.06094679
0.3529673
0.0476894
0.1355676
0.0782276
0.2076993
-0.1187562
0.01578476
-0.1525735
0.09483104
-0.07142725
-0.03835082
0.07181679
-0.139558
-0.1449511
0.06267577
0.1379989
-0.1032881
-0.1199158
-0.157131
-0.245202
-0.03207009
-0.1121532
0.246416
0.3383845
0.1656174
-0.1596717
0.1519964
0.1633774
-0.1048725
0.003147399
-0.02761543
-0.09926199
0.2162961
0.003101278
0.3230351
0.2932837
-0.05336371
-0.09083267
-0.1255955
-0.3597731
-0.2164412
-0.04205576
0.09910354
0.05341589
-0.2053915
-0.1309684
-0.1319537
-0.06258768
-0.07131654
0.02268127
0.01269847
0.2082203
0.4263761
0.08573898
0.04896593
0.05242339
0.1085292
-0.04256606
-0.1936346
-0.3484345
0.007792147
-0.01167581
0.2727254
0.1827686
0.05811602
-0.1055342
0.148771
0.09045958
-0.2678007
-0.1416205
0.1166545
0.04714804
-0.01514983
-0.1692745
-0.02778506
0.03612594
-0.03571167
-0.01492237
-0.1277916
-0.1272654
-0.1397912
0.09806489
0.1539609
0.09400153
-0.04288646
-0.1905049
-0.02342605
-0.09024651
0.05139216
0.3860832
0.1968072
0.1066915
0.001593125
0.1694797
0.1005091
-0.2169165
0.05052215
-0.2372057
-0.02976054
-0.04899205
-0.01706797
-0.1781041
-0.04706932
0.06999905
0.2515784
-0.02592185
-0.1111464
-0.08012836
-0.02133165
0.1889994
0.4161994
0.05191837
0.05283905
-0.3248129
-0.1534213
-0.03452379
0.1238313
0.1188201
-0.04623657
0.2077813
0.08302951
0.296126
0.5116626
-0.1706222
-0.2258888
0.3977875
0.5439068
0.2005685
0.3359019
0.01933572
0.3025586
-0.1585832
-0.059376
0.1559613
-0.2333295
0.02173446
-0.09483076
0.1720621
-0.1753482
-0.08063074
0.02946598
-0.01421929
0.344835
-0.401091
-0.4238302
0.1176362
-0.1003577
0.3857597
-0.03710698
0.1711333
-0.1287364
-0.1206582
-0.107073
-0.3185689
-0.2479004
0.02824983
-0.1575413
-0.1239225
-0.2194748
0.2689334
0.1736711
0.138072
-0.1673993
-0.0320302
0.03428056
0.00309821
-0.2079473
-0.3594078
-0.1382339
0.1405254
0.1520586
0.5624274
-0.1382127
-0.04600122
0.2966744
0.3267331
0.02589694
0.1273906
0.1154065
0.2864837
0.2206205
0.05005546
-0.03031104
-0.0668116
-0.1819046
0.04141609
-0.1908978
0.01949312
0.08252625
-0.2235274
-0.3792315
0.1196218
-0.01784802
-0.09416231
-0.01020894
-0.1662324
0.1160569
0.07555719
0.06389764
0.2439006
0.02030082
-0.02902998
0.140056
0.2556066
0.2132424
0.09193023
0.2167779
0.04617859
0.2098739
-0.04243306
0.06506052
-0.01900266
0.0849932
-0.04700944
0.05287545
-0.184047
-0.2029479
-0.08126306
0.1493282
0.1087018
-0.1012682
-0.1737009
0.2729996
0.5707939
0.2169193
0.2936853
-0.02422298
0.420889
0.1361392
0.2000726
0.1534406
-0.03921571
0.02404952
-0.04973395
-0.1578406
-0.04163173
-0.1773352
-0.2944246
-0.2779375
0.3451616
-0.2471658
-0.2447445
0.04592833
-0.3300301
0.1561248
0.1354637
0.02553695
0.1850116
0.01243617
-0.06042949
0.09610696
-0.03322493
0.1603014
0.1453793
0.1849574
-0.00251181
0.2648715
-0.166963
0.211632
-0.1319322
0.1164072
-0.08224016
-0.09135182
-0.1962265
-0.3133995
-0.1391424
0.09584723
0.2368845
0.5774219
-0.02683005
-0.2243607
-0.318196
-0.2443794
-0.3360149
-0.1285553
-0.04166093
0.2720741
0.1557177
0.07534249
0.3860994
0.3511466
0.08765258
0.1235391
-0.003262629
-0.01624192
0.05095076
-0.05327901
0.02900188
0.09383485
-0.15547
-0.1141448
-0.2381516
0.09826422
-0.1240268
0.08189592
0.1146246
0.1208985
0.1009455
0.04367167
0.0925922
-0.09510334
0.02427541
-0.0008306033
-0.1615962
-0.08806689
0.06092144
-0.168068
0.1945805
0.02986619
0.3337608
-0.02124362
0.03718084
0.1393745
-0.2514029
-0.1775237
-0.04872768
-0.2252433
-0.2655821
-0.2725236
-0.2801939
-0.1039944
0.04682616
0.1717087
0.01134659
0.06710035
0.1950547
0.1721312
0.06894513
0.1178178
3.671069e-07
-0.243052
-0.0122611
-0.05577405
0.1403218
0.0394793
-0.2179463
-0.2158648
-0.3207835
-0.003198841
-0.2853895
0.00599305
0.1570718
0.0271144
0.1897137
0.05873083
0.05467502
-0.05900501
0.09836481
0.01291866
-0.2993554
-0.2308451
0.03007909
-0.2270503
0.03318472
0.07215584
0.1573609
-0.04574108
0.1172609
0.1690154
-0.3172066
-0.1741022
0.5756636
0.3785541
0.4434412
0.1478311
0.1750722
0.08529732
-0.1219366
0.2860045
-0.2931282
0.006520271
0.02216729
-0.01212351
-0.3136624
-0.09968999
-0.1697457
-0.2211548
0.1793718
-0.1299225
-0.198625
0.005793152
-0.1057555
0.4307576
0.01590965
0.05101169
-0.1987372
-0.2054949
-0.1446037
0.03089694
-0.03649758
0.2744306
-0.09493679
0.1451934
-0.2444642
0.2604263
0.08883494
-0.1171466
-0.06314066
-0.01945349
-0.1106838
-0.02913474
-0.3289568
-0.1089417
-0.3185311
0.04862691
-0.02250188
0.2780918
0.5012605
0.1742895
0.4183146
0.08434716
-0.03304958
0.2318863
-0.2889332
-0.02229724
-0.2197782
-0.1296808
-0.2925428
-0.3353198
-0.257698
-0.2055642
0.3021946
-0.4150402
-0.250354
0.08903663
-0.1278551
0.3171076
0.09909964
-0.02625918
-0.1942828
-0.1368464
-0.207416
-0.09066685
-0.08275193
0.280576
-0.07644529
0.12897
-0.1165867
0.3355044
0.06418823
-0.01940857
-0.1592909
-0.07063815
-0.04469228
-0.1076339
-0.2239338
-0.2176272
-0.3718655
0.21683
0.2440385
0.573518
0.1994569
0.1013565
0.2035297
-0.07096849
0.008255137
-0.09018479
0.1220188
-0.1751356
-0.1011788
-0.04153921
-0.1280003
-0.2526014
0.04076606
0.3329435
0.03994044
-0.2278344
-0.1123837
-0.1766192
0.3037149
-0.2379657
0.1224132
-0.09251354
-0.2907725
-0.04616943
-0.03163509
-0.1477043
-0.02524765
-0.007114675
-0.0822479
-0.1449671
-0.0517303
-0.1437849
-0.1178817
0.2375765
0.03664179
0.03497958
-0.1254067
-0.291389
-0.1705566
-0.1027669
-0.1251799
0.05296213
0.1370296
0.1699729
-0.048003
-0.2331548
0.3248002
-0.1324798
0.130002
-0.01272763
-0.136819
-0.2391935
-0.4015791
-0.2830606
0.0369195
0.24464
-0.2795009
-0.2510948
-0.02617983
-0.1534188
0.3890136
0.02987142
0.2348846
0.03592833
-0.2098777
-0.05435886
-0.06252963
-0.1285735
-0.02663866
-0.1206682
-0.151579
-0.03056917
0.08981904
-0.04636439
-0.2010979
0.02244616
0.02872733
0.2393206
-0.01605175
-0.2237053
-0.195553
-0.2211403
0.005329741
0.2216953
0.09912582
0.139938
-0.04308202
0.06197143
0.05622665
-0.1755583
-0.2195974
0.06276541
-0.128457
-0.05486602
-0.04927397
-0.07033178
0.03079332
-0.1655488
0.02465475
0.03546459
-0.07876298
0.2485476
-0.1080346
-0.0597127
-0.05316601
0.03559146
0.006680513
-0.1525463
-0.007791968
0.1396482
-0.03056854
0.05864234
-0.05697299
0.0735412
-0.04907213
-0.1104037
0.1235261
-0.05267779
-0.004583877
0.003225743
-0.0009215638
0.01325013
-0.1681591
0.1241285
-0.03826356
-0.09352052
-0.006222368
0.03469498
-0.2425803
0.004931916
0.0437984
-0.02771248
-0.1383152
-0.03065256
-0.1184892
-0.227492
0.1353921
-0.2727951
-0.0003784284
0.04520804
-0.01799928
0.04869326
-0.003282449
0.0149434
0.1073926
0.1744307
-0.05893172
0.1905582
-0.0791065
0.07756949
0.1170912
-0.06124999
-0.03807201
0.1907983
-0.02982397
-0.01337612
-0.08753871
0.2146131
-0.06233125
-0.1497719
-0.09251386
-0.1597854
-0.1265718
0.06819866
0.009390546
0.4508633
-0.06591278
-0.07086366
-0.2273271
-0.1513637
-0.4237969
0.1619573
-0.02393675
-0.1287104
-0.1570304
0.2016271
0.0453098
0.01682872
-0.0009935791
-0.1170127
-0.09760421
-0.1695855
0.02812746
-0.05423464
-0.1874865
-0.1748512
0.164138
0.3141897
0.3062288
0.1336018
0.1694425
0.07195972
0.2098701
-0.03907258
0.04003995
0.1944473
-0.01492337
-0.3802509
0.001940848
-0.04017942
-0.1020614
-0.1496043
0.1711607
0.1747145
0.1431413
0.02181556
0.08190957
-0.006077286
-0.1786421
0.06833859
-0.04123414
-0.1581412
-0.2168175
0.1377321
-0.06955919
-0.02919114
-0.01440113
-0.2320599
-0.2099992
-0.1630805
-0.07448196
0.09035525
0.09526535
0.113113
0.1033183
0.1080498
0.2600207
0.1235264
0.04232017
0.03332449
0.1882211
0.05393375
-0.02924562
0.209836
0.05458225
-0.1932712
0.1520635
0.05089137
-0.02723594
-0.1823253
0.007833417
0.1753339
-0.1309151
0.2507778
0.06539552
0.1406213
-0.4639077
-0.3842836
-0.2533094
-0.1042073
0.0290739
-0.4169981
0.1287287
-0.1076606
-0.1394544
0.2648289
0.3395944
0.1138069
-0.04720088
-0.04876603
0.2061297
0.1453839
0.06395425
0.2802786
-0.0977496
0.0944314
-0.1705946
0.3376922
0.2909333
-0.1261521
-0.1669927
0.03110424
0.2861256
0.2405655
-0.0509721
0.1316331
-0.008245551
-0.03864605
0.2473082
0.1655543
0.03268304
-0.03452543
0.2394627
-0.01611344
-0.07982723
-0.01150069
-0.1303285
0.2325058
0.001871483
-0.1148399
-0.08319536
-0.2223492
0.02726397
-0.1793924
0.1565207
-0.05691111
0.2284558
0.06363805
-0.09851799
-0.2134385
0.2230314
-0.01162914
0.3627844
-0.1833557
-0.1855214
0.2141063
0.2241564
0.1279299
0.1576745
0.1791363
0.2522064
0.2598874
0.2954029
-0.1161826
-0.08138745
0.2917209
0.465622
-0.2647179
-0.1631465
-0.2255153
-0.1419292
0.2435188
-0.1564254
-0.2559818
-0.2834252
-0.3256198
-0.1397479
-0.1491619
0.1593209
-0.2865752
-0.0799664
0.2988155
0.2965464
-0.2218909
-0.07561001
-0.05888482
0.1410451
-0.2636692
-0.09402621
-0.04263569
-0.04406895
0.08950918
0.2957185
0.4705985
0.2711134
-0.1540488
0.08552332
0.3326224
-0.3082894
0.03301848
0.1583377
0.05552437
0.02166419
0.07937887
-0.1094642
0.07044551
-0.123599
0.01719786
-0.08979641
-0.1361268
-0.1492913
-0.05582285
0.1855425
0.188574
0.05341632
0.1340388
0.1164022
-0.05857683
-0.05109928
0.1014757
-0.01538531
0.07774378
0.0270121
0.04469643
0.01882369
-0.0742364
0.2744869
0.1284733
0.281141
0.01984856
0.0975854
0.1633956
-0.02149016
-0.1886208
-0.3021577
0.1367067
0.1525687
-0.02488446
0.03122979
-0.2186212
-0.1000423
-0.05653348
-0.2307343
0.01146176
-0.1653833
0.2120395
-0.3020256
0.2062372
0.3111799
0.01632202
-0.3334313
-0.0414692
-0.06257282
0.0522364
-0.3292426
-0.07876312
0.1831389
-0.02764924
-0.1504192
0.192879
0.485786
0.1738102
-0.120252
0.1229648
0.245429
-0.1729685
0.007222346
0.3990976
0.2560682
0.09809909
0.03080028
0.3044939
0.004416281
0.03824919
-0.006236313
-0.4163155
-0.07779071
-0.2111937
0.4336204
0.1687927
-0.1044732
-0.1118913
0.2199929
-0.2998081
0.2817888
-0.2522725
0.5006258
-0.3465457
-0.3264449
0.3942567
-0.06402476
0.093521
-0.3835282
-0.017267
0.1946673
0.01203775
0.1254241
0.1187599
-0.4222718
0.4167338
0.06717064
-0.1105836
0.4739775
0.009705202
-0.08145373
0.1138001
-0.3575783
-0.2594965
-0.1705408
0.05309576
0.1094246
0.07602132
0.02390622
0.103389
-0.1656165
-0.03357916
-0.03823647
-0.03746488
-0.007608101
-0.0137292
0.1520317
0.060114
-0.05726857
-0.233184
-0.06502665
0.005339165
-0.008992057
0.09629677
0.07457399
-0.1879592
0.2761186
-0.1552894
0.1340027
0.3080912
0.2568276
0.3102657
-0.1263174
-0.02803225
0.05264572
-0.01389137
0.06192452
-0.2924475
-0.2495662
0.0764738
-0.2231846
-0.1576356
-0.4201092
-0.01366122
-0.06999584
0.2213776
0.09559093
-0.03452605
-0.07196464
-0.3160827
-0.001041182
0.2196047
0.02235983
0.02962759
0.38919
-0.2027087
-0.09743062
0.1396482
0.04786592
-0.03093996
0.2596575
0.07312773
-0.04959946
-0.07436281
-0.1069123
-0.1351108
-0.1648802
-0.2771777
-0.2042538
-0.3289148
-0.3814555
-0.3019662
-0.05748913
-0.2238366
0.08583844
-0.03649967
-0.1045922
-0.217385
0.01174649
0.002565212
0.1446328
-0.04964653
0.05806387
0.0803855
-0.04176127
-0.118994
-0.4436647
-0.05944046
-0.3129791
0.07433081
-0.1136274
0.2049179
-0.1080407
-0.03776097
0.0159741
-0.01592852
-0.1831869
0.2881562
0.1124889
0.1879857
-0.2229175
0.02460182
0.02485718
0.04455962
-0.1082204
0.1407943
0.03173792
0.09989495
-0.2021693
-0.1781772
-0.1019265
-0.02230651
0.15257
0.06270259
-0.2819887
0.06743846
-0.2347753
0.01107279
-0.273811
-0.06390535
-0.08865794
-0.06908114
0.0765571
0.04834208
-0.1746976
0.01150681
0.06667859
0.05088729
-0.2455339
-0.2002949
0.04402911
0.2665301
-0.1778596
-0.2219191
-0.009836028
0.1512915
0.02775554
0.1553608
-0.08082727
-0.2480264
-0.06531037
0.1899061
-0.2516286
0.3471655
-0.1101247
0.2005398
0.1182635
-0.1928499
0.1583344
0.328831
-0.003680856
0.0005501843
-0.2368128
0.1547775
-0.05844432
0.1127761
0.02342107
-0.05469683
-0.01735652
-0.153551
-0.06384605
0.1058631
0.289625
0.0326068
0.2251793
-0.1406437
0.2366893
0.1884147
0.07135168
0.1616721
0.2536288
0.15374
-0.1117043
-0.07871963
0.1811933
0.05188515
-0.009888135
-0.1316635
-0.01947618
-0.03263118
-0.1334122
-0.05253889
-0.1039922
0.2296407
-0.159967
0.04359692
0.218198
0.1194018
-0.2606842
0.1438923
-0.08111017
0.2622623
0.05565792
0.006572185
0.1487593
0.1089956
0.0107345
-0.1159346
0.1474565
0.07706859
-0.2441053
-0.04024509
0.1072837
0.2375201
0.1259544
-0.1612962
0.1138407
-0.02103666
-0.02877273
0.0951311
0.1336932
-0.008459833
-0.08189858
0.2834198
-0.0151672
0.1293537
0.2509867
-0.07248947
-0.08907423
0.06190964
-0.327448
-0.2250988
0.2898774
-0.1906235
0.1275194
-0.3239169
0.2968923
0.06923773
-0.353367
0.07809182
0.03720565
0.08914304
0.1140597
-0.252883
-0.171762
-0.2170291
-0.04752282
0.1573116
0.1062829
0.2390927
0.06362154
-0.06508194
0.08372358
0.2843685
0.1066337
0.07852789
0.1549556
0.09022592
0.1342367
0.118282
-0.07506285
-0.2619881
0.05797717
0.02378979
0.156248
0.2163716
0.2157096
0.03256756
0.09250222
-0.1613789
0.09044631
0.1229662
0.1534208
-0.05193139
-0.09311838
-0.01323859
-0.01685266
-0.008000773
-0.1948134
0.2185276
0.147407
-0.05189593
0.03135537
0.2841336
0.2314961
0.1565897
-0.2521359
0.07892271
-0.06313889
0.04026053
0.1368356
0.3804595
0.1773902
0.06865253
0.2677515
0.01773321
0.1924983
-0.1191657
0.3852383
-0.06111741
-0.2604946
0.08036689
-0.1226469
0.2233953
-0.02426279
0.1127221
0.09567524
-0.01312412
-0.1187869
-0.08955097
-0.1794679
0.3129353
0.1421238
0.02049959
0.2108007
0.09541111
0.06569595
0.05374472
-0.03150165
-0.2863298
0.1391669
-0.2142861
0.2489276
0.1998897
0.1484339
0.009022899
-0.01763968
-0.1166584
-0.07784332
-0.1322756
0.173981
-0.09689447
0.1886638
0.03517234
0.4042057
-0.1440003
0.1593406
0.02871008
-0.1785858
-0.04895419
0.3221258
0.4904961
0.3842098
-0.003640179
0.2079116
0.07028503
-0.4029065
0.2149244
0.4089519
0.1874661
0.1654689
0.2537738
0.0003117158
0.03984814
-0.08648146
0.09639169
0.03400492
0.1749618
0.1564341
0.118662
0.176955
0.2358935
0.08075619
-0.02280855
0.0229104
0.1334151
0.07246284
-0.02455788
0.2397096
0.005306619
0.08886515
0.05416499
0.03776927
-0.02067743
-0.1585022
0.09596371
0.3036659
0.2795802
0.06849595
0.2461647
-0.06352271
0.09847431
0.431157
-0.2492255
0.3902641
0.005501305
-0.2425197
-0.1375876
0.01166861
-0.02299833
0.2038207
-0.197796
-0.142575
-0.3941746
-0.05335988
0.2554155
0.08845738
0.3859188
0.05045132
-0.2130456
0.2380697
-0.07636334
0.2659093
-0.1126862
-0.1417069
0.1767771
0.1456082
0.1389473
-0.002643301
-0.1916464
-0.2255962
0.307184
-0.08009759
-0.1813618
-0.04221315
0.08584493
0.1284399
0.09196605
-0.05934238
-0.004138048
-0.1336586
-0.2097712
0.1707787
-0.1299894
-0.06516249
0.3171975
0.07492278
0.07685631
-0.1250338
-0.08274114
0.2681714
0.08656919
0.07155863
0.2084183
-0.1879574
0.3450005
-0.1208677
-0.03054371
-0.06009236
0.02804897
0.1568704
-0.1290026
-0.1956786
-0.1346224
0.369656
0.4038748
-0.132407
-0.05119376
-0.2346231
0.1241855
0.1239792
0.08575151
0.04656674
0.09973954
0.2987281
0.2979369
-0.1886852
-0.01153197
-0.09743501
-0.06882518
-0.03945301
-0.07021847
0.2240686
0.2142265
-0.1089091
-0.08176469
-0.0937633
-0.01267019
0.09658331
-0.001036719
-0.0294925
-0.04664156
-0.02028805
0.2111137
0.2773429
-0.07450807
0.2825041
0.113343
-0.04822668
-0.1488814
0.3986963
-0.06059267
0.1088213
0.2596682
-0.2350435
0.2581236
0.09593689
0.2054449
0.09964439
0.02266526
0.004445784
0.3273768
0.1385652
0.1053208
-0.2454459
0.1913774
-0.03485163
-0.2379938
-0.1100152
-0.1335453
0.06211154
