0.5077859
0.3279013
0.6348948
0.3703658
0.101578
0.129995
-0.3313289
-0.2832677
-0.1684044
0.01781111
-0.188658
-0.1027599
0.2727259
0.1124557
0.02728254
-0.4409605
-0.2202968
-0.432343
0.04372481
-0.3894422
-0.1279495
-0.07861682
-0.3377524
0.01588117
-0.2597162
-0.0408143
-0.01746499
-0.04995678
-0.03726833
0.05177953
0.3591579
0.1834757
-0.4658848
-0.06994016
-0.4062623
0.07315097
-0.1768923
-0.03044929
-0.1371624
0.1721891
0.02641187
0.04610888
-0.04710057
0.1266918
0.08510305
0.1045991
0.431985
0.3855712
-0.0650541
0.6764454
0.5387923
0.4553905
-0.107067
0.1463194
0.2738199
-0.2247731
-0.300435
-0.4403161
-0.3532816
-0.1636306
-0.1436535
-0.3242365
0.01971563
0.1077111
0.1074325
0.1654756
-0.3917332
-0.5074838
0.1459407
-0.4639163
-0.2895533
-0.3066414
-0.1553252
-0.5065839
-0.4780487
-0.1768046
-0.01579067
0.06949219
-0.2772665
0.03449607
0.07656028
0.05240588
-0.1668473
0.2745341
-0.3164637
0.04191414
-0.1912347
-0.1778672
-0.0888027
0.07476901
-0.1968574
-0.001665995
0.0993228
-0.1762694
0.3902469
0.3512878
0.1624119
-0.01200548
-0.09816579
0.07866402
0.4499557
-0.202632
-0.5976817
-0.5093203
-0.3886978
-0.4862765
-0.4893426
-0.3583195
-0.4289681
-0.1844618
0.669724
0.4125425
0.4564536
-0.3899611
0.1162742
-0.5787418
0.35434
-0.5048688
-0.2882288
-0.2737766
-0.6376939
-0.145642
-0.3647765
-0.301677
0.3990822
-0.151715
0.2121674
0.247844
0.2867813
0.2073187
-0.4844474
-0.2589878
-0.2907822
-0.1661756
-0.01752186
-0.0264186
0.1016441
0.1855577
-0.06023021
0.231408
0.1082391
-0.01330113
-0.2889738
0.03270733
0.3703248
0.4593682
0.09013614
0.6257387
0.8142341
0.674789
-0.6790292
-0.5413714
-0.276288
-0.3344875
-0.2679436
-0.3711477
-0.4715407
-0.5669619
-0.3571456
-0.5392794
0.04994796
0.5662356
0.2391479
0.5296544
-0.1980498
-0.414997
0.4478973
-0.6155451
-0.6036551
-0.5932969
-0.3370149
-0.5407526
-0.5109269
-0.3956472
-0.02544504
0.1058568
-0.02846114
0.249844
0.2614753
0.2146611
-0.4506576
0.360975
-0.5803134
-0.3445182
-0.5498731
-0.3505717
0.1182304
-0.0666328
-0.2051252
0.04896111
-0.04146936
-0.2749195
0.3378054
0.5618738
0.008000925
-0.398127
-0.2570729
-0.03540785
0.1496885
0.2261408
0.2772626
0.008192777
-0.02014865
-0.004938834
-0.1729369
-0.06071896
-0.3644137
-0.4374843
-0.5280788
-0.3632346
-0.07310216
-0.1974472
0.1120286
-0.1533665
0.1539807
-0.008685203
0.1602247
-0.1257146
-0.01883345
0.4043262
0.2267215
-0.2188382
-0.2392996
-0.1114629
-0.06515615
0.07910176
-0.05949646
0.05689334
0.09246253
-0.1142785
0.2902935
0.2110672
0.03071849
-0.2092158
-0.326297
-0.1227407
-0.274435
0.0178053
0.1471825
0.200388
0.09457464
-0.08949617
-0.2707184
-0.3873347
-0.1905035
0.2099176
-0.3711264
0.3992552
0.117079
0.2354626
-0.1204942
-0.003083288
-0.005412842
0.0008809261
0.1539152
-0.2043778
0.08003726
-0.3861472
-0.4535433
-0.3497255
-0.2867262
-0.2006973
-0.08786024
-0.2261137
0.0981597
0.150931
0.04219845
0.08796104
0.07079769
0.3461707
0.09105015
-0.1716762
-0.3639098
-0.1418829
0.1642654
-0.1020619
-0.1418877
0.2625605
0.07060822
0.3066841
0.3020236
0.2630521
0.06947384
0.02935133
0.01514177
0.03226516
-0.0865962
-0.00423218
0.1909842
-0.1080954
-0.5136941
-0.1105128
0.116498
-0.1040301
0.3107166
0.02604421
0.2878488
-0.3474507
-0.07688517
-0.1738403
0.04014237
-0.3188311
0.3788058
0.5801802
0.5683386
0.3199869
-0.6735547
-0.1787904
-0.4676526
0.1043073
-0.4291326
-0.1779127
-0.2773967
-0.351105
-0.0005696144
-0.3895016
-0.3249432
0.2893238
0.06752795
0.01829393
-0.05417322
0.242111
0.3166308
-0.3411721
-0.3209803
-0.2621515
-0.385978
-0.2708299
-0.256016
0.09308472
0.2184863
0.05982472
-0.06422812
0.02175687
0.03947751
0.05453274
0.07380952
0.2958774
0.3569678
0.1238248
0.7368317
0.4965113
0.7784692
-0.1800735
0.1137368
0.5286263
-0.01050624
-0.3988916
-0.4507796
-0.2404086
-0.3422635
-0.3019049
-0.4974449
0.4840699
0.4763073
0.07656094
0.5212525
-0.40216
-0.4663792
0.2473767
-0.6375191
-0.4919519
-0.3485669
-0.4115172
-0.6534535
-0.5800749
-0.3356558
0.1993608
0.09641174
-0.2205157
0.01860241
0.04162726
0.1121744
-0.4350156
0.2498524
-0.4167017
-0.3268009
-0.4797796
-0.2778833
-0.1141218
-0.2514925
-0.1926393
0.09210557
0.08675049
-0.2267456
0.1760187
0.4582661
0.2420674
0.02474222
-0.02203637
0.507793
0.4261843
-0.003674609
0.0976945
0.1423922
0.153071
0.05860313
0.2288416
-0.1535525
-0.1005054
-0.188358
-0.04932011
-0.1499566
-0.03667166
-0.05404976
0.08166553
-0.08167442
0.1106027
0.05263403
0.1042057
0.03221259
0.3756961
-0.3609099
-0.03077303
-0.1974872
0.03812745
0.1134329
0.2432982
-0.1506331
0.01969499
-0.1156399
0.07555022
-0.124786
-0.1174374
-0.2682425
-0.1613922
-0.1222155
-0.09473832
-0.03222405
0.2138387
0.3471237
0.01134107
0.09194587
0.1137233
-0.1168274
0.250101
-0.08674497
0.03534974
0.3640621
0.5461428
0.4356128
0.2210344
0.05621966
-0.1576174
0.04001169
0.2197706
0.2368044
0.1120924
0.1872779
-0.2112862
-0.07886163
-0.06828224
-0.02524591
-0.2032015
0.03962019
0.02987992
0.137823
0.06231801
0.1004326
0.006245708
-0.05279526
0.3331277
-0.07587673
-0.01467023
-0.02107189
-0.09421404
0.05776751
-0.07123341
0.1497857
0.1819878
0.0168905
0.2000547
0.1178008
0.09882285
-0.01612768
-0.171801
-0.1353088
-0.04901328
0.1287181
0.008603171
0.09361786
0.08289258
0.03986081
0.1425228
0.01681498
0.8032243
0.3900051
0.3581292
0.4006797
0.4443754
0.4844954
0.1861835
-0.5167266
-0.2662315
-0.386732
0.1546698
-0.02669649
0.4193814
-0.2239888
0.2521558
0.250201
0.2487864
0.3621047
0.2806506
0.1740242
0.3244291
-0.433471
0.1213258
-0.4265153
-0.3139986
-0.1667361
-0.02522525
0.08966872
0.04223686
0.01486522
0.08608877
-0.1283241
-0.09642452
-0.2453369
-0.008193444
-0.145882
-0.354284
-0.269592
-0.08890646
0.2899047
-0.01787145
0.04621731
-0.1010885
-0.1047507
-0.2426236
-0.4711498
-0.4305954
0.828393
0.8567997
0.5513017
0.1535098
0.2078151
0.2984559
0.3233306
0.4200378
0.3253564
0.4504705
-0.01031097
-0.5230709
-0.3067235
-0.3466531
0.01887936
0.1761215
-0.3187052
0.3905398
0.4198336
0.3794937
0.2918761
0.1071431
0.1318575
0.2875842
0.09103314
-0.1066654
-0.1338478
-0.225333
-0.3052078
-0.2790353
0.2191995
-0.2687923
0.3433706
0.2273685
0.3060318
0.01312958
-0.2743946
-0.06050651
-0.02741709
-0.2967867
-0.09704209
0.09807013
-0.03613626
-0.385061
-0.05016529
0.2343357
0.1459671
0.2439386
0.3758509
0.2466676
0.3634695
0.2447104
0.253215
-0.3902873
-0.140143
-0.3177736
-0.1480755
-0.2061913
0.2926064
-0.2845207
0.2089764
0.048198
0.07892438
0.2350862
0.160006
0.2278177
0.1217938
-0.239118
0.111574
-0.3078391
-0.3406823
-0.06783539
-0.02188457
0.2699416
0.05420818
-0.01336449
-0.004861359
-0.1001473
-0.1883569
-0.1704508
-0.1326979
-0.01921582
-0.3503349
-0.2105925
-0.0008763429
0.334375
0.02233281
-0.0483306
-0.2909861
-0.09353197
-0.1909591
-0.3494368
-0.2623882
0.7497381
0.7151841
0.7905004
0.1043248
0.007128338
0.161569
0.295825
0.2748064
0.07994711
0.2512958
0.08497903
-0.4025144
-0.3557822
-0.2658781
-0.2475248
0.04972755
-0.4352716
0.2111692
0.2331465
0.2386214
0.04752535
-0.06482477
0.1565779
0.1092056
0.1369371
-0.2241428
-0.3155319
-0.2122157
-0.4173286
-0.2906598
0.1463192
-0.2921482
0.3788537
0.2026469
0.2645536
0.0391063
-0.3609329
-0.1706486
-0.02651664
-0.2594084
-0.07702973
0.03736877
-0.153913
-0.4418073
-0.01761359
0.3071364
0.1392396
0.46191
0.2813303
0.3010859
0.715293
0.1482186
-0.5152566
-0.3412007
-0.2494828
0.4385278
0.2893008
0.5816876
0.01885292
0.3747967
0.2184683
0.3005773
0.4216477
0.4645074
0.1479683
0.2036864
-0.2692085
-0.0234763
-0.3282744
-0.2738878
-0.5143419
-0.1891604
0.0520912
0.02008202
0.1194259
0.05759754
-0.2247263
-0.3914737
-0.2667376
-0.386734
-0.3397304
-0.3989732
-0.4268241
-0.3278574
-0.1602035
-0.2954537
-0.2170634
-0.3031967
-0.2738017
-0.4027115
-0.3371291
-0.4301788
0.3592984
0.2793596
0.01661622
0.170567
0.7782704
0.827602
0.6693302
0.3942589
0.640523
0.7133881
-0.09514082
-0.3979691
-0.314251
-0.2829805
0.3423235
0.4576199
-0.1618294
0.5982542
0.4663896
0.4010047
0.5639664
0.2686911
0.3121596
0.1683708
0.0475029
-0.1991764
0.09470352
-0.2293207
-0.3262821
-0.2598986
0.1420535
-0.3896337
0.1617275
0.04681187
0.1805759
-0.114663
-0.2350417
-0.2014252
-0.1307424
-0.4759495
-0.4429695
-0.06748015
-0.2468837
-0.3805591
-0.1282071
-0.1420182
-0.1147298
0.3339306
0.4835466
0.4914826
0.505918
-0.3032216
-0.001912481
-0.3337571
-0.04864603
-0.1966086
0.540863
-0.3491587
0.4120935
0.3671406
0.2467512
0.5247073
0.3289586
-0.03883066
0.1451597
-0.1782637
0.1085915
-0.1476705
-0.3590901
-0.3255785
-0.1798388
0.07029812
-0.2720041
0.1541256
-0.2778789
-0.2869661
-0.3371382
-0.08756442
-0.2008167
-0.190658
-0.3841035
-0.2893833
-0.1335152
0.02758501
-0.08567711
-0.3551162
-0.3579592
0.1730523
-0.3899507
-0.3347204
-0.2783898
0.372069
0.4370668
0.2198385
0.5005959
0.2370236
0.4176219
0.8435269
0.3753153
0.3918499
0.4273129
0.3103756
-0.1439528
-0.2413401
-0.2770232
0.02443249
0.3448759
-0.3473325
0.3825932
0.3712358
0.4363175
0.3355511
0.1211187
0.131308
0.1172128
0.01329241
-0.09901729
-0.1651669
-0.29017
-0.2893919
-0.1916779
0.02039027
-0.3491567
0.1585164
-0.1294611
-0.008246439
0.1112739
-0.3224676
-0.2155179
-0.02644634
-0.2603115
-0.1606991
0.1139853
-0.4418076
-0.3982697
0.1374315
0.07570885
0.3490962
0.6363066
0.5904203
0.3256292
-0.5088968
-0.2732128
-0.3603865
0.1388355
-0.1000694
0.1891884
-0.26698
0.4157943
0.3724945
0.430552
0.3699882
0.3832103
0.04955227
0.4046314
-0.4112128
0.1854264
-0.09949582
-0.333285
-0.08727998
-0.02786123
0.0786894
0.01983004
-0.1498739
0.1465839
-0.06686733
-0.20053
0.01804842
-0.003958529
-0.004350285
-0.2104557
-0.03548801
0.004057151
0.1387051
0.08017985
-0.1412975
-0.2652491
-0.004620948
-0.1595083
-0.2362554
-0.3281379
0.4555354
0.3257497
0.1007862
0.4382072
0.1807948
0.1498037
0.2630953
0.8059893
0.4275675
0.4541495
0.1769493
-0.4215247
-0.2135829
-0.3154033
0.130655
-0.0003076265
-0.1750242
0.4895954
0.6040571
0.2750478
0.4538766
0.2930421
0.2045013
0.4163532
0.04553488
-0.02441319
-0.03391031
0.07146944
0.003332814
-0.05591772
0.323312
-0.06136847
0.3780851
0.1836388
0.1214048
0.1775796
-0.06824315
-0.0114916
0.1924296
-0.02463101
0.1088159
0.4322703
-0.1679095
-0.3634295
-0.01159501
0.4230511
0.352854
0.6833803
0.4810779
-0.2391254
0.02736522
-0.2821668
-0.00505203
-0.0783614
0.2185907
-0.2833394
0.4194421
0.4623384
0.3796692
0.404135
0.4481559
-0.1587125
0.2095924
-0.2034085
0.361847
-0.1576504
-0.3726008
-0.03306532
0.1402364
-0.1413228
-0.165198
-0.1843635
-0.07955965
-0.2840355
-0.2681569
-0.07687015
0.1905205
-0.03494504
-0.2479206
-0.2003707
-0.169857
0.05577342
0.1009714
0.01915471
-0.09728878
0.2752374
-0.01401621
-0.2228786
-0.1422526
0.3808229
0.4436571
0.2255546
0.3757685
0.1365883
0.2571821
0.4120523
0.508947
0.5742777
0.5064877
0.3328683
-0.2268595
-0.1944354
-0.2640242
0.01303285
0.01724984
-0.2878546
0.395484
0.3974344
0.276025
0.3848341
-0.01060632
-0.07179959
0.166055
0.259628
0.1001398
-0.244057
-0.07988833
-0.1146831
-0.1488713
-0.007911584
-0.2359218
0.145058
-0.00919575
-0.08639361
0.04249471
-0.336653
-0.1310928
-0.01512001
-0.2294714
-0.05125255
0.1990495
-0.08074491
-0.2160895
0.06474535
0.2354796
0.395261
0.2290458
-0.4997498
-0.2920877
-0.3777104
0.3525823
0.1086468
0.4204938
-0.1393094
0.4583165
0.4920291
0.606218
0.4667412
0.6175148
0.04576451
0.3377186
-0.3402132
0.1806847
-0.3178675
-0.3876566
-0.3282811
-0.06951131
-0.05761477
-0.05524637
-0.1080154
0.03929651
-0.318176
-0.366415
-0.2113665
-0.07116741
-0.2794615
-0.389317
-0.4391004
-0.3445193
0.01745009
-0.0930049
-0.08059152
-0.167722
-0.06681742
-0.286102
-0.3310015
-0.4036667
0.4212888
0.4381412
-0.0130599
0.2931206
0.5854232
0.627258
0.5815635
0.6188501
0.7670351
0.8284978
-0.006688592
-0.4434961
-0.2944305
-0.4233757
0.2147593
0.2738963
-0.2614612
0.6800306
0.6806492
0.400551
0.6594818
0.2192693
0.1630413
0.244398
0.1327956
-0.1020878
-0.1258475
-0.1915534
-0.212085
-0.2737643
0.1081101
-0.4061757
0.2046956
0.03994141
0.09881645
-0.06681219
-0.377042
-0.130034
-0.08025181
-0.4893486
-0.2345294
0.1750787
-0.127377
-0.3307841
-0.07686459
-0.016716
0.1203905
0.1155483
0.4034233
0.07865852
-0.152672
-0.06286234
-0.03800893
-0.06469563
0.03199222
0.2285654
-0.04213456
0.1956841
0.1779485
-0.3732025
-0.02997835
-0.02687959
0.2309552
-0.04371593
-0.2254822
-0.1353077
0.243568
-0.177473
-0.3865445
-0.03273933
-0.5033177
-0.4297568
-0.4245305
0.08664618
0.04058966
-0.2485245
-0.2951852
-0.1823513
-0.1761869
-0.1081799
-0.1120504
-0.03704712
-0.03543581
0.2142643
0.1816601
-0.03604362
0.2828695
0.06242059
0.2313861
0.3315837
0.4534276
-0.03773288
-0.04064909
0.3406259
0.1219723
0.2408981
0.06482291
0.8766567
0.1676197
-0.02666885
0.2005901
0.03277064
-0.1088109
0.1271748
-0.03307917
-0.003661414
0.0985383
-0.02865655
-0.2060217
-0.2984364
0.05565747
0.1975372
0.07278392
-0.03895529
0.07365086
-0.1079138
-0.007953424
-0.2123313
-0.04522851
-0.08105099
-0.3503706
-0.3441303
-0.172884
-0.1726788
-0.3669677
-0.04670067
-0.05797783
-0.01512701
-0.04590868
-0.1476484
0.07543282
0.1388694
0.03620839
0.2650359
0.8090422
0.6916692
-0.3986798
0.1736113
-0.4923714
0.3266731
-0.533922
-0.2542939
-0.4082287
-0.4305582
-0.2004527
-0.5302263
-0.5757492
0.5400134
0.03226755
0.1703065
0.3154818
0.2854317
0.3015404
-0.4140345
-0.3344577
-0.01443149
-0.4560911
-0.1689023
0.05473104
0.1805666
0.4142785
0.1131106
0.2745424
0.1308804
-0.08700857
-0.2708118
0.002104268
0.3117485
0.5989886
0.4492391
0.6401776
0.4348474
0.8428805
-0.7390074
-0.3484119
-0.1587933
-0.1381233
-0.4028631
-0.429921
-0.378235
-0.6903766
-0.3997883
-0.664064
0.3721867
0.9088643
0.3781044
0.7244413
-0.05853937
-0.2324569
0.4545761
-0.7312099
-0.7046942
-0.46647
-0.5560141
-0.5391703
-0.6804624
-0.57289
0.1672555
0.3307222
0.08078011
-0.0002404837
0.3197172
0.2433368
-0.6379277
0.2512704
-0.71959
-0.5354873
-0.622407
-0.2728713
-0.004448904
-0.08873402
-0.2416531
0.1811465
-0.01010477
-0.3609172
0.2698404
0.7938795
0.2221842
-0.3003285
-0.02310103
0.6815954
-0.2747078
0.2040815
-0.276332
0.257255
-0.3127062
-0.1264052
-0.30817
-0.08964912
-0.1034874
-0.4856207
-0.4336434
0.32758
0.1189947
0.0001760226
0.1028336
0.1685334
0.3845713
-0.2404432
-0.4265811
0.1502815
-0.5860637
-0.2627407
-0.09693319
0.1639357
0.4150529
-0.07411604
0.09283153
0.0008411674
-0.2067239
-0.2027255
-0.02652605
0.1888276
0.4423335
0.6322234
0.4712197
0.2688539
0.7317687
-0.4923889
-0.1464967
-0.03226189
0.077913
-0.3231415
-0.2449085
-0.09075722
-0.5494855
-0.1978346
-0.4916576
0.5469681
0.8327197
0.3006692
0.7075817
0.00424087
-0.04236768
0.3382792
-0.5045476
-0.498911
-0.1719139
-0.432064
-0.411711
-0.5905694
-0.4524585
0.1551865
0.3089806
0.1440793
0.01174616
0.2681269
0.05208328
-0.650161
0.09886877
-0.5801113
-0.6137312
-0.6042897
-0.2422624
-0.05797182
-0.2228268
-0.1994724
0.1227219
0.001750268
-0.2524354
0.1439085
0.6050908
0.09737484
-0.2958832
0.2150068
0.1287492
0.5618798
-0.1550781
0.6929846
-0.2883567
-0.3135337
-0.2544925
-0.2621307
-0.1441507
-0.2091073
-0.4027046
0.2727614
-0.03445339
-0.06047775
0.4577584
0.1699658
0.3985832
-0.1471713
-0.1004448
0.4538355
-0.3560302
0.04519261
0.07926857
0.005611141
0.2342522
-0.1239721
0.04822655
0.0495719
-0.2357928
-0.3094916
-0.0671799
0.1832027
0.4794732
0.3003549
0.3629048
0.1736506
0.5872703
-0.6039622
-0.3288165
-0.2434063
-0.04436298
-0.07699295
-0.1265084
-0.2615352
-0.6189812
-0.3283296
-0.5015988
0.2865711
0.6609487
0.1691727
0.8771508
0.3478438
0.197114
0.6928238
-0.4453124
-0.4669096
-0.06008869
-0.352086
-0.06837268
-0.3391303
-0.3776634
0.05403785
0.2343968
0.5506377
0.1397662
0.4639399
-0.009427038
-0.526056
0.2091159
-0.5603546
-0.4303616
-0.3643701
-0.2811395
0.2193726
-0.2292287
-0.2563507
0.1690687
-0.06482176
-0.2838115
0.2216383
0.5954786
-0.01727486
-0.418625
-0.2045183
0.5307305
0.4419211
0.2450358
0.3264537
0.07975972
0.3142916
0.3210632
0.04106358
0.3519348
0.2507426
-0.3435235
-0.1142207
-0.2690812
0.229429
-0.2321396
0.02205889
0.240819
0.3181434
0.5377159
0.2218019
0.1245054
0.1457567
-0.297326
-0.2591431
-0.329097
-0.1409854
-0.2039605
-0.2311235
-0.1161214
-0.2172901
-0.1532899
-0.07514674
-0.1224692
-0.4443669
-0.4687462
-0.4896306
0.160385
0.05588021
-0.3586258
0.03569509
0.5643114
0.4871149
0.210222
0.1325169
0.341255
0.4546707
-0.2210045
-0.3208891
-0.09693934
-0.09919571
0.6804704
0.595811
0.09162359
0.526491
0.4183815
0.532235
0.364077
0.709851
0.4176841
0.2506935
-0.09319484
-0.08518174
0.6109337
0.006974025
0.1295996
-0.2650921
0.2314883
-0.176887
0.1919658
0.2077192
0.4245677
0.07841375
0.1656034
0.00426924
-0.04230715
-0.1451962
-0.1746093
0.03021149
-0.031048
-0.1819863
-0.3733687
-0.2396376
-0.157108
0.1631672
0.5099331
-0.1070495
0.04961519
0.07997262
-0.05309267
0.06292116
-0.03240224
-0.09106506
0.0711627
0.02629686
-0.1841257
0.3634163
0.01518467
0.3359755
-0.05915654
-0.1385113
0.2674409
-0.2213653
0.01046145
-0.1056485
-0.190588
0.07285973
-0.1921688
-0.177349
-0.03838846
-0.2260488
-0.2624044
-0.03524875
0.1089139
0.3032577
0.001769109
-0.01760401
-0.1287635
-0.009315466
-0.1854716
-0.1573491
-0.3205709
-0.04564128
0.405114
0.3786506
0.008821366
-0.2118192
0.121403
0.06152988
0.01318073
0.1270178
-0.1367209
0.4405956
0.6058945
0.3045549
0.4050434
-0.01415872
-0.03513493
0.06442932
0.03346809
0.1762179
-0.02552766
-0.04481763
0.1574439
0.1086351
0.6527739
0.2487691
0.3143957
0.04227203
-0.1054895
0.2010402
-0.1939466
-0.3083736
-0.1880088
-0.2799246
0.2175834
-0.2924009
-0.2583796
-0.0816186
-0.1941014
-0.09539069
0.1034347
0.2454586
-0.1834085
-0.306251
-0.3219733
-0.04689981
0.5738422
0.1232424
0.1685371
0.6102094
0.2297487
0.4054854
0.1383083
-0.2632687
-0.03477095
-0.3450383
-0.1429289
-0.4555606
-0.2807143
0.2993275
0.1394744
0.5907923
0.03212476
0.07753924
0.03212683
-0.2305332
-0.3052715
-0.2095233
-0.2911496
-0.2701136
-0.2035976
-0.02764626
-0.21376
-0.4198293
-0.3675818
0.002958097
-0.6705903
-0.6078274
-0.6068408
0.4540911
0.388468
0.03910798
0.1087339
0.4511131
0.7196866
0.6359908
0.2712899
0.3008725
0.5469694
-0.2379766
-0.3240128
-0.3272403
-0.294145
0.414434
0.8161232
-0.2885102
0.6546315
0.4276192
0.6257014
0.4107361
0.4689403
0.485355
0.05785732
0.009402474
-0.08413738
0.1515836
-0.3906837
-0.2263771
-0.3997678
0.1057099
-0.4996583
0.267481
0.0550241
0.3855319
0.1100059
-0.1888943
-0.09456905
0.008860407
-0.2910087
-0.3980388
0.01481538
-0.3807201
-0.5463033
-0.1177616
-0.02915589
0.09190543
-0.120544
-0.3638977
-0.03317078
-0.2306108
0.268069
0.07441427
-0.04324774
0.006390749
-0.1534371
-0.07270111
0.4060617
0.1569349
0.4159341
0.007643403
0.05974479
0.3439678
-0.06065705
0.1722863
0.0627652
-0.008819234
0.02004599
-0.1421709
0.0616809
0.09708299
-0.05483643
-0.09303173
-0.006173638
0.1535634
0.3534871
-0.001146107
0.1734717
0.05255226
0.2740306
-0.416695
-0.2894318
-0.3437933
-0.1364366
0.1999583
0.06772349
-0.1873188
-0.4177973
-0.148114
-0.2142452
0.1053151
0.2595589
-0.04594629
0.5195856
0.3702668
0.1907929
0.7260004
-0.1879013
-0.2007128
-0.03485054
0.03726079
0.006035208
-0.1104639
-0.1317003
-0.1030223
-0.01353437
0.4336975
0.1250175
0.3397746
-0.07844538
-0.3391182
0.1804238
-0.4523259
-0.2082173
-0.1999811
-0.3691222
0.1838459
-0.2208242
-0.2525429
0.0260801
-0.1164759
-0.2056387
0.1949526
0.3470877
-0.1858612
-0.428594
-0.3695033
0.1923909
0.3933441
0.6299781
0.3252306
0.3871602
0.3935027
-0.3373577
0.03641316
-0.146164
-0.1727377
-0.09737813
0.05394381
0.2620333
0.1977387
0.3282031
0.26653
0.07419771
-0.05231755
-0.2247901
-0.2491268
-0.07277992
-0.1704181
-0.09986681
0.02021753
0.1901855
0.1075172
-0.4850763
-0.4507875
0.1312672
-0.5673392
-0.4797033
-0.5579606
0.4531824
0.1879523
-0.06392683
0.3790578
0.2999718
0.4612263
0.4627999
0.4161548
0.3208233
0.5634509
-0.1723984
-0.4095608
-0.3625066
-0.4044969
0.2094819
0.4043153
-0.3412227
0.7555657
0.5636081
0.5604566
0.4984958
0.6032436
0.5241887
0.2827429
-0.1119182
-0.1466227
0.04750233
-0.1196969
0.08429667
-0.3945085
0.2480548
-0.3084263
0.3165837
0.2604458
0.3298826
0.4531835
-0.1713309
-0.08918915
0.04578453
-0.1963379
-0.0381566
0.4149861
-0.4236461
-0.5758825
-0.1763223
0.1059066
0.3644144
0.4921983
0.3663673
0.2196894
-0.133666
0.2097039
-0.1038248
0.5530011
0.0421592
-0.2708362
-0.08231296
0.04021346
-0.1066597
-0.2959514
-0.2178441
-0.1192336
-0.31187
-0.3165683
-0.09377712
0.2751506
0.0581484
-0.3894842
-0.1015137
-0.06469531
0.1005394
0.2376922
-0.09236413
0.02127501
-0.1084324
-0.1084226
-0.1303078
-0.2476546
0.2560088
0.2148856
0.03610712
0.3497515
0.1198239
0.2217765
0.278949
0.3647732
0.3463035
0.3529008
0.05610568
-0.2608136
-0.2462655
-0.2408293
0.06549772
-0.04432942
-0.1716377
0.2051388
0.4266253
0.2493159
0.2985905
0.111322
0.07596461
0.321701
0.01473661
0.1316785
-0.09350755
0.1300284
-0.04378577
0.07597911
0.2005178
0.003830953
0.1961876
-0.1158602
-0.09385241
0.07834765
-0.1025666
-0.06577312
-0.008590711
-0.09811942
0.13271
0.3762433
-0.1949488
-0.1865104
0.191976
0.1992942
0.0765892
0.3133732
0.5226558
0.291763
0.571917
-0.4231636
0.1060805
-0.1208068
-0.1331325
0.1013224
0.1665979
0.06390858
0.1428498
-0.01732786
0.2398737
-0.1281865
-0.2890451
-0.3138164
-0.1168978
-0.02308095
-0.3535464
-0.1048763
0.1078584
0.2758188
0.3133162
-0.1501795
-0.04046245
-0.1797946
-0.2164948
-0.2811055
-0.3754968
0.2952703
0.1999633
-0.1432405
0.1844373
0.3678453
0.3675684
0.2996414
0.49777
0.4963833
0.5818986
-0.1675581
-0.4766972
-0.4349173
-0.3016712
0.1785121
0.1539201
-0.07768019
0.4707457
0.7232269
0.3896208
0.600124
0.4152761
0.3464664
0.4326519
-0.2404864
-0.1686128
0.07311305
0.1642573
0.185996
-0.3286887
0.2436027
0.04314508
0.2315189
0.1995909
0.2044646
0.1145736
-0.06247454
-0.1366546
-0.2423195
-0.1976315
0.1168791
0.4878053
-0.1336189
-0.2155896
0.01343285
-0.04173587
-0.07860309
0.2813164
0.2057857
0.248666
-0.4273281
0.1723185
-0.1747664
-0.2648678
-0.2525874
-0.1283821
0.2494544
0.07608488
0.3835551
0.1448729
-0.2190726
-0.1342626
-0.192851
-0.130446
-0.1251253
-0.2392251
-0.2823382
-0.005912461
0.1743046
-0.06596353
-0.4413423
-0.3036004
0.1681269
-0.4438761
-0.5306187
-0.4331498
0.4071101
0.3403681
0.05477152
0.3437111
0.2966047
0.4836722
0.5150933
0.430045
0.448557
0.546734
-0.04986008
-0.2737643
-0.258854
-0.3499792
0.2987461
0.4922499
-0.3890876
0.6070278
0.6060863
0.7087103
0.475487
0.4741357
0.3603278
0.2730508
-0.1287082
-0.04195313
0.03931776
-0.2376939
-0.07530631
-0.3049822
0.2267978
-0.3526345
0.2889692
0.1850541
0.3175816
0.3482965
-0.2671242
0.008353069
0.02911929
-0.1691673
-0.02891876
0.2774908
-0.4226344
-0.4166468
-0.04425303
0.1107851
0.341268
0.07335065
0.4180852
-0.2859896
0.07734997
-0.07714038
-0.2891647
-0.04793639
0.1984774
0.06434401
-0.124631
-0.1025949
0.07410553
-0.1749197
-0.3748031
0.00746222
-0.04354376
-0.09277591
-0.2271098
-0.05744958
-0.02272864
0.2310428
0.1168566
-0.07669271
-0.006149759
-0.1128821
-0.05242377
-0.177621
-0.1329809
0.1658683
0.1766876
-0.1067657
0.1766449
0.4326766
0.4261067
0.3603785
0.3393433
0.4438622
0.4776875
0.08634883
-0.2532547
-0.3864152
-0.1739879
0.1056104
0.1384022
0.1145161
0.3284457
0.430775
0.1708348
0.6594867
0.01020321
0.08490955
0.1539928
-0.07358212
-0.1792525
-0.1730295
-0.07031473
-0.08188322
-0.1892289
-0.03784852
-0.15225
0.007583161
-0.04685643
-0.1366149
-0.1900914
-0.2703293
-0.2598871
-0.07713608
-0.2518792
-0.06698
0.2020489
-0.1339564
-0.1700228
-0.1143483
-0.07204825
-0.009187653
0.2775165
-0.3368472
-0.1486883
-0.1586936
-0.1169519
-0.08663751
-0.1306384
0.6319272
0.3983413
0.3332786
0.3816477
0.4199152
0.1371394
-0.1440691
-0.3943141
-0.001202447
-0.2346068
0.05620391
0.1334034
0.2991302
0.07204696
-0.3704344
-0.4077119
-0.3266324
-0.5449054
-0.3934012
-0.5814539
0.3453691
0.04963838
0.05807837
-0.1859429
0.2387055
0.3230172
0.1374602
0.2557133
-0.01212231
0.3259436
-0.4966047
-0.5120788
-0.4151876
-0.3431104
0.1476717
0.3990344
-0.2042635
0.4435479
0.438396
0.4046866
0.2201284
0.5047269
0.8014729
0.1708899
-0.2987468
-0.3403639
0.1205124
-0.01540429
-0.0709691
-0.4293113
0.2712397
-0.2039344
0.5382836
0.3665949
0.5817816
0.1987145
0.07975265
0.001914991
0.07218602
-0.009879734
-0.07576998
0.219849
-0.2341799
-0.5445801
-0.07174446
0.04871459
-0.182444
-0.6284559
-0.03174855
0.0154889
-0.1098946
0.08639765
0.1981313
0.2175741
0.1444921
-0.08799745
0.4270521
0.1920314
-0.1086207
-0.07686705
-0.2807278
-0.08602154
0.01762786
0.2287122
0.3735981
0.4730699
0.2809846
-0.06354793
-0.1179071
-0.2847824
-0.2272086
-0.2389335
-0.4513882
0.4439982
0.1970054
-0.08562558
0.1879088
0.2406364
0.1821501
0.1049907
0.4549894
0.3716698
0.4037948
-0.1335266
-0.6434111
-0.2712096
-0.3910909
0.1014788
-0.01351518
-0.02517331
0.3973986
0.5384654
0.1816153
0.6460652
0.3390489
0.3197479
0.7775007
-0.4755331
-0.1928036
0.004503142
0.2123211
0.02842309
-0.2018253
0.4389265
0.1440617
0.3055832
0.3525079
0.2426879
0.1063963
0.1559891
-0.07060488
0.03774085
-0.07758938
0.3195651
0.4476461
-0.01761577
-0.2747816
-0.2706183
-0.01389223
-0.1096815
0.08072205
0.3796363
0.1668569
0.1802075
0.02212785
-0.1747346
-0.2484246
-0.125499
-0.442568
-0.03795706
-0.01971597
0.209271
0.2685595
0.2246215
0.1441097
0.1151168
-0.03648935
-0.2290364
0.1527547
0.1672483
0.2432902
0.1340894
0.2609508
0.2787168
0.4375764
-0.4443798
-0.2936715
-0.05035112
-0.1385034
-0.2124766
-0.1933154
-0.2304696
-0.5144515
-0.4067035
-0.4049047
0.1094488
0.5235788
0.1512159
0.3363988
-0.1691125
-0.211268
0.06590167
-0.4459179
-0.6153222
-0.3931712
-0.543566
-0.4128194
-0.4185518
-0.4916984
0.5604647
0.0859322
-0.05250028
0.08450843
-0.002842397
0.4247818
-0.2884972
0.105778
-0.2471958
-0.3841401
-0.4356603
-0.2759508
0.02441426
-0.1272191
0.05342426
0.05460399
-0.1184313
-0.1597781
0.06826992
0.3145191
0.05971492
-0.05451746
-0.1020078
0.08714324
-0.2464219
-0.07503475
0.07003807
-0.1043496
-0.2493791
-0.2024705
-0.1744136
-0.07768669
-0.06645317
0.08298489
0.4847506
0.0693263
-0.1658824
0.03015842
-0.1501272
0.04605691
0.0972641
0.1483074
0.1840072
0.04045389
0.0559213
-0.06997401
0.06303353
0.05560348
0.1799641
0.1391279
0.1854753
-0.06515163
0.01644595
0.05209732
0.07931532
0.09238205
0.02803422
0.1863041
-0.01250917
0.04747993
-0.007105565
-0.01863753
-0.07948498
0.01058239
0.0352882
0.07634426
0.1547401
-0.05369426
-0.09468848
-0.03221006
0.04697097
0.05536701
0.5320179
-0.1631027
-0.01122753
-0.03691172
0.1135153
-0.07112298
-0.0420641
-0.04902817
-0.2590018
-0.1199991
0.06076527
0.0204496
0.05765242
0.1961759
0.1301741
-0.02049109
0.03779193
0.1347428
-0.006723365
0.1367257
0.1321847
0.09893622
0.2013916
0.3612471
-0.08177567
0.05267232
-0.01574931
-0.2816674
-0.03420373
0.105495
-0.0359114
0.2248324
0.03921782
0.318215
0.3672542
0.335079
0.5377998
0.1428881
0.4259622
0.0004589772
0.003442893
-0.03135119
0.1662201
0.2958757
0.1486149
-0.2503264
-0.452334
-0.1540402
-0.01989853
-0.2344957
-0.2940345
-0.2977356
-0.1216123
-0.3103183
-0.2735691
0.06774048
0.08096971
-0.0306597
0.003564894
-0.1187679
-0.3850032
-0.01777692
-0.2957138
-0.1803434
-0.3102035
-0.1210732
-0.1585825
-0.07330399
0.1268402
-0.08870199
-0.05805221
-0.1800683
0.370095
-0.02967287
0.4280261
0.1612716
0.3106939
0.0415328
-0.02306145
-0.1827519
-0.04918667
0.1449018
-0.031999
0.1211256
0.1173746
0.3054532
0.122445
-0.1387142
-0.005937124
-0.1299306
0.04253809
-0.1164294
0.4441385
0.2510525
-0.1365944
0.2409
0.2903017
-0.04016207
0.04743293
0.1507213
-0.3838872
-0.06459744
0.2037996
0.2570723
0.101832
0.3529587
0.01650099
0.2079457
0.01103963
0.2746306
0.1740728
0.1693296
0.08512448
0.1271116
-0.3618617
-0.2628738
-0.2175642
-0.1389226
-0.1396986
-0.3004332
-0.3957579
-0.3616381
-0.2751692
-0.3483068
0.01754633
0.2369663
0.03462582
0.4317695
0.232118
-0.03788397
0.3574617
-0.337264
-0.2394417
-0.1193956
-0.2306923
0.1429018
-0.1327917
0.04560954
0.1076297
-0.05350181
0.5431475
0.285397
0.4133005
0.2341886
0.222064
0.54813
-0.2405021
0.142659
0.03423551
0.1042088
0.1666862
-0.1015097
-0.4127602
0.02426614
0.1112744
0.006502137
-0.004736296
0.3334053
-0.07441262
-0.1068805
-0.1424033
0.5893043
-0.06049008
0.04109775
-0.2082526
0.04859844
0.0161823
-0.05215519
-0.1470254
0.1649997
0.3701036
0.1893279
0.3832588
0.5615232
0.3823154
0.7991709
0.2102288
0.2741662
0.1968632
0.3207749
0.1565831
0.2018432
-0.1889346
-0.1991753
-0.1267776
-0.09783266
-0.3760227
-0.4787725
-0.4744942
-0.1816716
-0.3334876
-0.3673106
0.07360199
0.1017167
-0.1817018
0.192422
-0.187515
-0.4731945
0.1194705
-0.3890815
-0.1330176
-0.3421774
-0.2581403
-0.1735594
-0.2683377
0.1354536
-0.04729175
-0.1856728
0.05059579
0.537391
0.4863582
0.1002285
0.03857935
0.5762053
-0.1284622
0.08891858
-0.2492928
-0.04437847
0.02578145
-0.1600428
-0.3087945
0.1209804
0.4295833
0.3636406
0.1347923
0.2866591
0.01529542
0.04958992
0.03499654
-0.1332112
-0.3172673
0.02415882
-0.2415305
-0.1209171
-0.2412455
-0.1123613
0.1426475
-0.02807402
-0.1447416
0.3082565
0.1083029
0.2140081
0.4652449
0.1823323
0.3593096
0.181502
0.319603
0.05990561
0.2833565
-0.1344373
-0.06425921
-0.1108323
0.1499828
-0.07823095
-0.1674873
-0.1993576
-0.2755204
-0.03603071
-0.1893595
0.3755636
0.1849282
-0.1628385
0.4491055
0.1125739
-0.1915806
0.4553586
-0.2280459
-0.1296629
-0.1184037
-0.08577786
-0.07303046
-0.2743362
0.09408016
0.04997581
-0.02754621
0.3561113
0.4456819
0.5427522
-0.008668335
-0.2445983
0.4848732
-0.3506621
-0.302097
-0.4745413
-0.2130508
0.09994422
-0.4749173
-0.3123666
0.1108362
0.2297072
0.2444498
0.1449759
0.3614009
-0.075494
-0.1759978
-0.01503724
0.3137866
0.3346774
0.2751568
0.4375115
0.1476838
0.2800696
-0.272345
0.2060258
0.05014666
0.2552064
0.2427371
0.3851432
0.1209714
-0.3736887
-0.4543725
-0.1732298
-0.5315281
-0.4256064
-0.4639072
0.3414101
-0.06715089
0.02756763
-0.1019099
0.06252162
0.1803896
0.1087095
0.1158488
-0.135216
0.1262696
-0.2774282
-0.3692288
-0.2786779
-0.3130698
-0.01860525
0.2893376
-0.2974555
0.2695652
0.2922623
0.2423144
0.1406936
0.3593686
0.5913447
0.1982482
-0.1818568
-0.3407701
0.001145378
-0.05182976
-0.279532
-0.1807854
0.2988671
-0.2824894
0.5996519
0.3226262
0.4108371
0.1474095
0.02151474
-0.005941732
0.3010419
0.08961129
0.1634225
0.2397581
-0.3345587
-0.4991913
-0.2420739
0.2134088
-0.1092917
0.267773
0.7098651
0.381648
0.4163986
-0.1732425
-0.2800503
0.2101284
0.3565724
-0.04452116
0.232813
0.1620275
-0.03095763
-0.01324726
-0.2115379
-0.2252542
-0.2484216
-0.2914265
-0.297245
0.1289277
0.002922752
-0.005635675
-0.3027378
0.07277576
0.05057042
-0.1168073
0.1568187
0.003249808
0.143419
-0.4203925
-0.3598958
0.06419807
-0.2872188
-0.0142536
0.1919608
-0.1684702
0.2850476
0.2564959
0.2251755
0.1336081
0.3609058
0.3670874
0.161932
-0.1934441
-0.106259
0.01842613
-0.1311801
-0.09571787
-0.1704213
0.4102965
-0.1448445
0.3292117
0.7728757
0.8175932
0.272923
0.168628
0.4906559
0.04599315
0.05916634
0.0509036
-0.01085368
0.1187906
-0.2139722
-0.08997312
0.1789044
-0.1457471
-0.0494546
0.1610839
0.2735566
-0.1755025
-0.2329966
-0.1945709
-0.09540984
-0.1383376
-0.1584831
-0.1211709
-0.2213364
-0.343557
-0.08421731
0.2269748
-0.3988064
-0.444724
-0.1725905
0.01856949
0.05238887
-0.1325438
0.007239233
0.126679
0.2791821
0.2381399
-0.2271692
-0.1020159
0.02071441
-0.03171118
0.1212813
-0.06326901
0.2680667
0.4661949
0.7940782
0.15876
0.2152152
0.07085606
0.5652959
0.02077194
0.5531037
0.2823569
-0.1121191
-0.05610412
-0.03243648
0.5789162
-0.2052236
0.1440993
-0.3273746
-0.08292016
-0.2246871
-0.02376802
0.0169732
0.3164418
0.1397995
0.05568227
-0.08676299
-0.1185854
-0.006287805
-0.2083378
-0.06339747
-0.2366587
-0.09156699
-0.1399557
-0.2458107
-0.006156378
0.4286813
0.3951792
0.02371528
-0.1812397
0.24769
0.3609868
0.2031799
0.2975334
0.2511901
-0.01722383
0.05643969
-0.1746472
-0.3269842
-0.2264377
-0.1949153
-0.3996419
0.2091466
-0.02526686
-0.1492891
-0.1848832
0.1571377
0.09731589
-0.1330266
0.310357
0.09361133
0.1720199
-0.5761928
-0.5181983
0.0359411
-0.5102288
-0.05934119
-0.008650063
-0.2054259
0.3147034
0.3012423
0.1714155
0.3819302
0.2987635
0.3796818
0.3603105
-0.4360795
-0.08967421
-0.1487062
-0.126287
-0.05148092
-0.09830196
0.4738083
-0.105949
0.3135649
0.8209612
0.6447206
0.3377009
0.193635
0.5637293
0.2418946
0.1635482
0.1439255
0.1823558
0.1602726
-0.2518364
-0.0804652
0.2884475
-0.1306356
0.6805634
0.4581269
0.02524439
0.1291361
0.4875076
0.6321252
0.2351817
0.1683587
0.0331043
0.2259019
-0.04357268
-0.1434733
-0.3128669
-0.1042461
-0.2477104
0.04831341
-0.1794085
-0.1917917
-0.259214
-0.07627839
-0.02962877
-0.222885
-0.1295655
-0.3988489
-0.2089773
-0.3048598
-0.1859646
0.1589619
-0.1445898
0.01397979
0.123832
-0.006156895
0.004463166
-0.1337894
-0.01602824
-0.1268484
0.1519661
0.3032898
0.08250133
-0.2767077
0.08460226
0.001335179
0.01021824
-0.01989572
0.04866296
0.09024318
-0.05985426
0.1541176
0.2959834
0.3295423
0.02940236
0.6079671
0.4036955
0.5443862
0.471968
0.09256377
-0.007075547
0.2791356
-0.2048926
-0.1899869
0.1096996
-0.1674319
0.3748273
0.2639841
0.136339
0.6112433
0.3576848
-0.00043536
-0.06121445
-0.2273834
0.345966
0.1454676
0.1827036
-0.1536661
-0.1196543
-0.1061085
-0.05030377
-0.01202772
-0.2094603
-0.3268071
-0.3249844
-0.2504339
-0.3071315
-0.2524632
-0.4041408
-0.3363298
-0.2665963
0.05656308
0.5532287
-0.1232574
-0.01513004
0.1451669
-0.05006446
-0.0925146
-0.2782371
0.03758488
-0.2815962
0.1114957
0.0470367
-0.1483647
-0.1306809
0.3491869
-0.03381936
-0.303125
0.04047873
0.08313425
-0.04588296
-0.2023638
-0.05587886
0.3073477
0.4108445
0.2065496
0.3896118
0.7267905
0.4940981
0.4611833
0.03475481
-0.1996948
0.4364583
0.02726574
-0.0007468345
0.1195034
0.105131
0.3243427
0.1376418
0.4378672
0.5657128
-0.0001248067
0.02812373
-0.1138754
0.3262173
0.07249503
0.04936264
0.04663935
0.1483378
0.2103309
-0.1718445
-0.2749825
-0.1514812
-0.06919735
-0.2518905
-0.2172695
-0.1976471
-0.1584951
-0.3100966
-0.3464313
0.1548487
0.187245
0.32862
-0.03927557
-0.224012
-0.1878756
0.02779794
-0.2567148
-0.3369166
-0.3077932
-0.2001317
-0.3211719
-0.1847383
-0.1471044
-0.004836598
0.1739621
-0.3305541
-0.09817582
-0.2244655
0.2966987
-0.2659935
-0.2208861
-0.04610732
-0.1706738
-0.2559218
-0.2300483
0.2454392
0.2609444
0.7311751
0.4634448
0.1420356
-0.07208254
0.2273481
0.08385144
-0.0244974
0.1442862
0.009004765
0.2956562
0.2255986
0.2515471
-0.1206714
-0.04075306
0.1259644
0.4356336
0.5764473
0.3671933
0.294438
0.07867066
0.3236938
-0.2316296
0.04095399
-0.07220453
0.1021067
-0.3325554
-0.2882853
-0.2876945
-0.2367583
-0.1646448
-0.3546956
0.1173162
0.3280992
0.3653574
0.2385909
-0.1180746
-0.2346097
0.1858669
-0.3182039
-0.3112886
-0.1230532
-0.2792353
-0.3222305
-0.433688
-0.2345592
0.206822
0.5501835
-0.1276913
0.0142722
0.234322
0.2824197
-0.2740459
0.09308779
-0.3047747
-0.3091801
-0.3388781
-0.01929638
0.1053389
0.2789706
0.2566582
0.3848668
0.1563249
0.06582982
0.3911537
0.3726588
0.228738
0.1446057
0.2678985
0.3634862
0.4990144
0.522748
0.3235429
0.4422865
-0.106416
0.00820757
0.09173938
0.07698548
-0.06576183
-0.005704571
-0.06694753
-0.1652736
0.003679594
-0.01326263
-0.2467242
-0.2548735
-0.2772414
0.008958339
-0.2162091
-0.2857247
-0.2153031
-0.01453695
-0.001175392
-0.1030449
-0.2447755
-0.29242
-0.1354533
-0.2281422
-0.1029389
-0.1449822
-0.07273246
-0.06884514
0.07037638
0.07275558
0.06915453
0.0881678
-0.1423489
-0.02660008
0.1242999
0.3677201
0.3399367
0.3026817
0.1615458
0.2531068
0.05736751
0.4116561
0.07713418
0.1961232
0.07144518
0.4046273
0.3883186
0.3632952
-0.1310606
0.04795087
0.3446434
0.6098143
0.05958793
0.4633964
0.3542734
0.06196307
0.004399847
0.3734291
0.252439
0.2366044
0.157008
0.1461161
0.1954166
-0.3002076
-0.2868827
-0.30866
-0.2686377
-0.3248336
-0.3474585
-0.416282
-0.2805047
-0.2781604
-0.3918961
-0.1258188
0.2299748
0.5930315
-0.04886226
-0.1624968
-0.2329877
-0.02703823
-0.2489777
-0.3864965
-0.3808671
-0.1929674
-0.2054656
-0.2743973
-0.06818549
-0.1429899
0.2571556
-0.1995557
-0.1645287
0.002428749
0.3473324
0.02517822
0.02465533
-0.2223564
0.2442849
0.09391679
0.08833267
0.2914237
0.544399
0.3189199
0.3231087
0.2052664
-0.1727319
0.403662
0.2794736
-0.07280308
0.06689242
0.02873512
0.4954273
0.3556773
0.4068386
0.2311406
0.1824658
-0.03094125
0.05904343
0.05773661
0.05516613
-0.1376567
-0.3026002
-0.2266608
-0.01624686
-0.2515325
-0.2982039
-0.3913294
-0.2005645
-0.3979874
-0.4425409
0.001232811
0.02922646
0.09636814
0.04946098
-0.08600052
-0.2873532
0.1661902
-0.3489447
-0.2826754
-0.2871306
-0.1754653
-0.0966256
0.02452489
0.1790575
-0.1778867
0.109457
0.01136331
0.2331317
0.2485235
0.333971
0.06289377
0.3925475
-0.0498371
0.02878907
-0.1782286
0.03972549
0.5441671
0.1386052
0.4424365
0.698573
0.4304792
0.2912908
0.1663693
0.1199419
-0.009714029
0.2811988
-0.081711
0.5499741
0.5940465
-0.1334351
-0.02844191
-0.06991475
0.02273235
0.009314037
-0.1096742
0.08452061
-0.1529988
0.06629727
-0.06534575
-0.2597977
-0.3277108
-0.3485635
0.07065779
-0.2300229
-0.1583747
-0.07716357
-0.2122746
-0.2468447
-0.1640824
-0.1460357
-0.3757447
-0.1228963
-0.1769514
0.03087593
-0.1949658
0.03174616
0.002225626
0.08354369
0.4593143
-0.2133006
-0.2595608
-0.09024812
0.3141025
0.09981598
0.2441814
0.4974996
0.5089227
0.210295
0.3753688
0.1169869
0.2091345
0.123145
-0.02276843
-0.03274018
0.1786665
0.4409013
0.3971987
-0.2163835
-0.07310311
-0.02123555
0.290019
-0.08731527
0.5796318
-0.04910008
-0.03663437
-0.07929597
-0.05908834
-0.1494006
-0.1817603
0.3607006
0.2431468
0.2873958
0.10807
-0.1258941
-0.1316015
-0.148208
0.2185201
-0.05435089
0.05072632
-0.1153018
-0.3612548
-0.3089274
-0.2361115
-0.2649093
-0.180994
-0.1944934
0.02972967
0.3598216
0.07627798
0.1946816
0.06113587
0.2080255
0.4334699
-0.1424844
-0.2307456
-0.1719472
0.1270593
0.05254154
-0.03226643
0.3745236
0.2059534
0.3197411
0.3527364
0.1913706
0.1973494
-0.01640343
-0.03651971
0.08428408
0.134145
0.5623922
0.5749507
-0.07808408
-0.2018299
-0.08542129
0.2922255
0.04301939
-0.01979366
0.07917027
0.06962822
0.08828533
0.006260778
-0.05380394
0.06781588
-0.1003441
-0.073791
0.05079828
-0.2343639
-0.2119304
-0.2739487
0.0535132
-0.1744728
-0.08766852
-0.02709599
-0.1409496
-0.4467975
0.0009742492
-0.1590385
-0.3486022
-0.04269477
-0.1521407
0.1526017
-0.1871404
-0.008921573
-0.01987296
-0.01552522
0.3265188
-0.0566601
-0.1806257
-0.005106698
0.5145237
0.3521643
0.02369798
0.1802305
0.4830616
0.1379952
0.04655114
-0.2071268
0.01495956
-0.005130172
-0.2579731
-0.2214677
0.04549338
0.5233133
0.611528
-0.1206197
0.002563021
0.06701002
0.1254902
-0.008484677
0.6183438
0.01432719
0.4638218
0.3039792
0.4028551
-0.2104743
0.1295357
-0.01006445
-0.2633323
-0.2269042
-0.2863777
-0.3835226
-0.3035425
-0.1545423
-0.3537087
0.1557623
0.1733296
0.4382483
0.1989285
-0.1887379
-0.3584815
0.2116404
-0.408506
-0.3970461
-0.4064302
-0.3283541
-0.5099622
-0.5811216
-0.1577804
0.1196614
0.2671012
-0.1947799
0.05816859
-0.01196529
0.2606096
-0.3189695
0.07115286
-0.4038946
-0.05642255
-0.1918048
-0.4862403
0.2633241
0.3309114
0.1991049
0.1928954
-0.01222019
-0.3134073
0.871058
0.4600139
-0.03761606
-0.1153194
-0.1673133
0.1315023
0.5944426
0.2541603
0.5713982
-0.4142266
0.03532084
-0.1410136
-0.07211528
-0.1684677
-0.2964265
-0.3916296
-0.4801093
-0.1700488
-0.3990741
0.1536109
0.4288728
0.3546406
0.5308005
0.07679736
-0.2026865
0.5017056
-0.5006996
-0.4080324
-0.272675
-0.227507
-0.374191
-0.600054
-0.1712623
0.09387399
0.3189405
0.1721695
0.06365768
0.3454566
0.2479493
-0.3317801
0.3202111
-0.6132337
-0.3195813
-0.3732735
-0.3179461
0.2036563
0.05215457
-0.1086383
0.1989518
0.07116004
-0.1199065
0.5947221
0.7491119
0.02860459
-0.2979466
-0.2458488
0.06669946
-0.002692964
0.2405854
-0.1727944
0.006672033
-0.153144
0.1820215
-0.3423971
-0.1932445
0.01199655
-0.1853562
-0.06310078
-0.2148022
0.3409548
0.5564509
0.2516518
0.2545352
0.08119072
0.1048154
-0.07358693
-0.07493572
-0.2112391
0.03966326
-0.2521726
-0.07197951
-0.3623763
-0.2783262
0.1792351
0.2976053
0.06488443
-0.1540071
0.3166496
-0.01711969
-0.3673647
-0.07455784
-0.3240304
-0.2839048
-0.3129191
0.1903438
-0.2489293
0.0005165565
-0.09944836
0.022013
-0.0006806174
0.02145416
-0.02751885
0.22555
0.1403151
-0.05826474
0.6694939
0.6845491
0.8494683
-0.4728356
-0.1111762
0.1349988
-0.06219657
-0.3370943
-0.5597662
-0.4871947
-0.2886393
-0.119229
-0.4832708
0.3519208
0.4932212
0.2754651
0.5522109
-0.2201487
-0.6005376
0.425719
-0.6665933
-0.4392786
-0.493201
-0.2704511
-0.5449846
-0.6695461
-0.2186751
0.1652023
0.2607235
-0.05018071
0.1431843
0.2622789
0.2899484
-0.3343003
0.4345006
-0.4955424
-0.2409922
-0.5020068
-0.2500672
0.0237553
-0.08003749
-0.2029569
0.1455998
0.2479156
-0.188058
0.4096692
0.7215688
0.206222
-0.06892557
-0.1540353
0.6276278
-0.4567829
-0.41318
-0.007534608
-0.1854341
-0.3249648
-0.4780192
-0.4062313
-0.2859717
-0.2684719
-0.4679596
0.1378911
0.382099
0.2053228
0.3804877
-0.3715552
-0.5611556
0.219342
-0.5688668
-0.4117932
-0.5270529
-0.2731638
-0.5051184
-0.4164025
-0.2836529
0.04266138
0.06967119
-0.1701875
0.2390313
0.06059716
0.3197211
-0.2605533
0.3417587
-0.3549268
-0.2363747
-0.4618769
-0.2360534
0.08642719
-0.03532302
-0.05818949
0.07161252
0.1530084
-0.1779117
0.219143
0.3253263
0.0351397
-0.1336085
-0.1306744
-0.6553327
-0.2436765
0.06562707
-0.05618901
-0.3656857
-0.5058889
-0.3726265
-0.5388896
-0.2795741
-0.6215132
0.4742772
0.7743699
0.4127998
0.7347317
-0.2036829
-0.4045886
0.5053738
-0.7059942
-0.632756
-0.461035
-0.4576702
-0.596981
-0.7192395
-0.4542025
0.1559579
0.2794876
-0.01939113
0.04270536
0.2314186
0.2510789
-0.586643
0.2750866
-0.6677593
-0.4656296
-0.5930241
-0.3282362
0.05004452
-0.1043431
-0.1446728
0.2015505
0.07500968
-0.3489475
0.3677875
0.7733467
0.1840946
-0.2135225
-0.09352341
0.6703969
0.505474
0.1293588
0.1425883
0.2929416
0.3229523
0.5223405
0.2259958
0.5106001
-0.1585922
-0.7143536
-0.3973996
-0.573601
-0.0724394
0.1465306
-0.5737066
0.5166113
0.5061191
0.3719524
0.3169328
0.2688003
0.4100619
0.4386458
-0.003568531
-0.2530874
-0.1951496
-0.1468307
-0.3680905
-0.3185153
0.4208121
-0.282489
0.5893817
0.3637361
0.4470539
0.2028477
-0.2234878
-0.03005959
0.1002714
-0.2807526
0.01403182
0.269895
-0.2695389
-0.6709262
-0.1777344
0.318722
0.1516756
0.5754839
0.2085221
0.0736069
0.1761994
0.3390358
0.3220704
0.3040986
0.3520174
0.08250918
-0.3087233
-0.08032974
-0.2631696
-0.03119239
0.1843622
-0.3048496
0.2876446
0.2944289
0.3517746
0.1471433
0.01194324
-0.0275376
0.1558175
0.168148
0.02646185
-0.1842946
-0.3862223
-0.2643943
-0.2249091
0.101482
-0.2808018
0.1566449
0.1596327
0.2861584
0.04674144
-0.2822971
0.05826872
-0.03470425
-0.2435812
-0.108016
0.02043773
0.1016081
-0.211907
0.05923311
0.1940444
0.2066293
0.08931241
-0.2338483
-0.1377207
0.05530568
0.152204
-0.0445134
0.01464959
0.2149966
-0.1910997
-0.1754178
-0.04674618
-0.368735
-0.1900847
-0.3201463
-0.08862847
0.008877236
0.06480133
-0.1646575
-0.2559379
-0.02238085
0.01870926
0.2593532
-0.1282223
-0.3136191
-0.1244179
-0.4138627
-0.05094189
0.137462
-0.06694423
0.2520581
0.135668
0.1861605
0.02713023
-0.2528448
-0.1262341
-0.04239788
-0.1286807
0.02277706
-0.07318866
-0.1057152
-0.2349079
0.1048375
0.3506113
0.06925983
0.2186649
0.1251158
0.4139749
0.3373078
0.3212189
0.1894269
0.3387713
-0.03042772
-0.1329131
0.01734684
0.2543398
0.05183349
0.04676507
0.2165271
0.2718942
0.3452456
0.3311635
0.2624848
0.03492088
0.2576604
0.03157109
0.1352599
0.1623969
-0.01489969
0.2446158
2.677855e-05
0.08875423
0.06967052
-0.01755076
-0.1373098
-0.1906971
0.3253915
-0.0413683
-0.2183454
0.03387379
0.07003617
0.2391082
0.3571778
-0.2937487
-0.09353079
0.01902167
0.1585384
0.3804164
0.8137134
0.5763146
0.3071577
0.6143124
0.6651686
-0.2158516
-0.3322821
-0.3093562
-0.2122955
0.5647387
0.4785198
0.04931946
0.5797988
0.4509248
0.440719
0.6033525
0.3663186
0.371866
0.1771256
-0.1082295
-0.1640151
0.2546642
-0.170144
-0.07729575
-0.1962569
0.1010075
-0.2462304
0.109363
0.03301641
0.1431427
-0.09468157
0.02511517
-0.2180288
-0.07777407
-0.2565903
-0.3497127
-0.0554596
-0.1770771
-0.2282084
-0.1921115
-0.1770535
-0.2544506
0.708786
0.277937
0.5649943
0.7063373
-0.2664681
-0.3218186
-0.3649901
-0.2787758
0.4637628
0.6767358
-0.2006014
0.6568337
0.4680498
0.5351731
0.5790767
0.3462019
0.4427824
0.05921526
-0.05021239
-0.09334481
0.1364166
-0.2807126
-0.2301577
-0.3642664
0.01993856
-0.4649205
0.1593962
-0.01340966
0.2089149
-0.07932535
-0.1294015
-0.161395
-0.08747411
-0.3796215
-0.4647774
-0.05888793
-0.2717364
-0.4110644
-0.1526457
-0.1953043
-0.1340201
0.3637027
0.5461057
0.5930743
0.0916137
-0.2120646
-0.2025069
-0.3074513
0.204641
0.5268031
-0.2914476
0.5510809
0.4399935
0.5691955
0.4367528
0.2287188
0.3169326
0.02565043
-0.05480575
-0.08493198
-0.0477008
-0.3860329
-0.2645635
-0.2949194
-0.02625056
-0.4841402
0.1556903
-0.09582398
0.1348247
0.07969394
-0.2141169
-0.1545196
-0.05003966
-0.287954
-0.3632427
-0.04567707
-0.3748253
-0.4359574
0.05612675
-0.0263705
0.1777949
0.5991161
0.659638
-0.09107088
-0.6366857
-0.3418733
-0.5834716
0.07072766
0.0269506
-0.3927939
0.6030051
0.7745134
0.3127066
0.5779663
0.3631205
0.4049795
0.4978799
-0.07093298
-0.1204899
-0.1644047
-0.05790042
-0.1383721
-0.1557395
0.4866643
-0.1650583
0.5634631
0.3892213
0.337715
0.2907167
-0.199789
0.04323029
0.08895638
-0.187382
0.09623179
0.4051583
-0.2739353
-0.4944139
0.1609007
0.4276991
0.2323701
0.7918584
0.01904017
-0.3315509
-0.1522134
-0.32228
0.3021576
0.2344177
-0.1425682
0.6122024
0.6000615
0.350017
0.6720956
0.2430583
0.1312328
0.3015792
0.04405681
0.04553957
0.02379228
-0.1911396
-0.1048362
-0.1743879
0.1517455
-0.2219996
0.1507174
0.08851707
0.1120111
0.05750707
-0.2471
-0.1334558
-0.1838227
-0.3552727
-0.1769493
0.05890675
-0.09913725
-0.1362345
0.03958729
-0.008552458
0.08163412
-0.1884266
-0.5757056
-0.4229787
-0.5890433
0.3289859
0.3919582
-0.3956738
0.8340901
0.7694968
0.4464166
0.6925988
0.4108476
0.4491166
0.3382313
-0.003510799
-0.2252554
-0.07531443
-0.176902
-0.2516987
-0.3699335
0.2661433
-0.4175226
0.4432562
0.2136104
0.3410546
0.09379522
-0.337011
-0.1430427
-0.08567324
-0.4990725
-0.2609455
0.1609617
-0.3155848
-0.5228112
-0.1605696
-0.02240105
0.03809875
0.398614
0.0854822
0.4006716
0.04533903
-0.2087765
0.2913917
-0.3186133
-0.2367121
-0.11223
-0.2381813
-0.302964
-0.4842325
-0.05607261
0.2168216
0.1426419
0.05298353
0.1569472
0.06605618
0.102417
-0.3492256
0.1535317
-0.3106156
-0.4268377
-0.5045568
-0.2620298
-0.07126633
-0.3357384
-0.05879034
0.07737961
0.02861612
-0.1427173
0.007545892
0.2808123
0.07837099
-0.06052109
0.259547
0.4251994
0.6896403
0.05354773
-0.05586908
0.375034
-0.5735765
-0.6583127
-0.3289077
-0.5536497
-0.4119561
-0.6108461
-0.6442495
0.1829926
0.3528886
0.151487
-0.1088192
0.2882281
0.2020928
-0.6792023
0.105373
-0.7053301
-0.5748945
-0.5956272
-0.2080975
-0.03669108
-0.07361112
-0.1570214
0.1517819
-0.1326985
-0.3960903
0.1369766
0.6660426
0.1948765
-0.3035044
0.1620593
0.1762019
-0.1452241
-0.1431654
0.1810564
-0.2942537
-0.5140523
-0.2209404
-0.3695999
-0.2525573
-0.3766821
-0.2569757
-0.04210535
0.486348
-0.08393957
-0.2461173
0.05375926
0.3551699
-0.2185242
-0.04995587
-0.3807622
-0.08576298
0.02546764
0.08160122
0.3759607
0.6256237
0.3645659
0.4319442
-0.02805485
-0.39832
0.6251787
0.4486511
0.1320552
0.02409474
0.167573
0.1757538
-0.01511644
0.7158872
-0.5879416
-0.5327299
-0.1941485
-0.4015261
-0.2141023
-0.4499886
-0.3580739
0.1817752
0.2030486
0.5332204
0.2710655
0.4354146
0.1566953
-0.4540511
0.4250108
-0.5845882
-0.5190896
-0.4989658
-0.2936635
0.19325
-0.3360939
-0.3173103
0.1625244
-0.001709707
-0.2064146
0.1940257
0.6404022
0.06670633
-0.3202091
-0.1708736
0.5459751
0.293589
0.3589718
0.1779525
0.3781486
0.2786597
0.4967137
0.1836595
0.09837629
-0.1143582
0.1203206
0.6601627
-0.005202747
0.3022081
-0.1456573
-0.051573
-0.0428067
-0.1112911
-0.1898466
0.010169
-0.03945086
0.1227286
-0.2188594
-0.1200397
-0.08737244
-0.2837493
-0.07502868
-0.1275524
0.02666518
-0.1666106
-0.261002
-0.09493328
-0.01749848
0.5479603
0.312063
0.6727196
0.3159842
0.5600259
0.4286053
-0.128118
-0.06420497
0.04168573
0.3993602
-0.3900448
-0.05059204
-0.4161816
-0.1124062
-0.4778572
0.04788913
-0.04851656
0.3392395
0.07166975
-0.05720608
-0.05795018
-0.04711882
-0.1634888
-0.419968
-0.1143717
-0.2362674
-0.2956168
-0.1443341
-0.2834143
0.03465055
-0.3913046
-0.3356502
-0.1495127
-0.05876855
-0.04695486
-0.276135
-0.05286058
-0.1033879
0.2107313
0.5015273
0.3026782
0.4920899
0.1443556
-0.3139921
0.4644941
-0.5208087
-0.3808768
-0.3860542
-0.2968864
0.3904005
-0.2253598
-0.1589972
0.2731277
0.01205359
-0.1259684
0.3060578
0.5810246
0.02422248
-0.336594
-0.3336684
0.7193807
0.5768023
0.6333956
0.6135436
0.586618
0.287193
-0.1007723
-0.1410852
0.01452055
-0.2306387
-0.1614557
-0.3922456
0.2889144
-0.4931732
0.4619408
0.2736382
0.4811342
0.2679966
-0.191553
-0.002303613
0.09701969
-0.3289917
-0.2701279
0.2082584
-0.2907089
-0.6410241
-0.1989775
0.05383188
0.2146993
0.5521453
0.7076284
0.583923
0.5887894
0.5162725
-0.2042839
-0.218457
0.008845457
-0.005079621
-0.02836666
-0.3782004
0.4403027
-0.1813389
0.53731
0.3936288
0.4488382
0.3022015
-0.2137126
-0.05380153
-0.1013933
-0.2771872
0.1474019
0.4811857
-0.3488499
-0.5329258
-0.07041998
0.1448941
0.1254118
0.4318939
0.6735953
0.5382213
0.1771429
-0.1383131
0.07585441
0.3115022
-0.2510456
0.04728506
-0.3855472
0.1808687
-0.3056178
0.2496601
0.2377652
0.4834258
0.3993093
0.01315421
0.02366454
0.02280702
-0.01700998
-0.09039902
0.1942053
-0.3312335
-0.4413948
0.0009539869
0.05516319
0.2099259
0.4361511
0.4134321
0.4822844
-0.2263685
-0.1234215
0.01288205
-0.1183667
-0.05898123
-0.2510715
0.3427518
-0.1388194
0.2696306
0.280215
0.2374581
0.1878207
-0.1514633
-0.09319041
-0.07698895
-0.2751323
0.03821209
0.3304293
-0.2747914
-0.3641226
-0.1852374
0.003160007
-0.06425531
0.6875059
0.3704121
-0.2217927
-0.03812885
0.5674862
0.03278182
0.2931543
-0.3167485
0.4134057
-0.04119329
0.3730443
0.3481452
0.511332
0.5367159
0.1703953
-0.008406276
0.001476258
0.02384287
0.08154245
0.3720537
-0.3615391
-0.4016791
-0.1287412
0.03117345
0.1107868
0.3323967
-0.3113501
-0.2430918
0.1376312
-0.00692049
-0.07839698
-0.2939541
0.4815086
-0.1512318
0.6539088
0.3950398
0.630691
0.4749768
0.1626733
0.0407555
0.1610942
0.0647173
-0.002020121
0.3205738
-0.4507127
-0.7136096
-0.1116338
0.213008
-0.06227713
-0.3420288
-0.2157431
0.07108253
0.3450732
0.1085855
0.0007322315
0.6456556
0.3066891
0.4527143
0.4338059
0.2898765
0.2658381
0.1964416
-0.03870679
0.0450835
0.02711761
0.4388971
0.5540114
-0.1227283
-0.2330877
-0.1486463
0.2348824
-0.09928927
0.02810228
0.02446479
-0.01688546
-0.1371338
0.3408192
-0.01409441
0.01142041
0.02043301
-0.1865564
-0.2077722
-0.1451535
-0.2469147
-0.2032554
-0.007058019
-0.1550734
-0.1827427
-0.01764801
-0.03770493
0.09246612
-0.04577463
0.1759466
0.1178285
0.0630133
-0.2610367
0.2707541
0.1096683
-0.3111394
0.009031413
-0.4028668
-0.2470468
-0.1262416
0.2018526
0.232431
0.3594862
0.1993835
0.3579208
0.0590798
-0.1997498
0.3495567
0.3521748
0.3503369
0.01547536
0.2203687
0.2987506
0.5496222
-0.05874301
0.06501225
0.3776506
-0.1751104
-0.1275712
-0.01522983
0.07919601
0.3313073
-0.3049295
-0.3030659
0.09284555
-0.01822574
0.1058272
-0.1035078
0.2278723
-0.1144859
-0.2475617
-0.1367693
0.363365
0.2109001
0.2400632
0.6818629
0.1476024
-0.05391959
-0.2351248
-0.1557602
0.3346706
-0.3181015
-0.1325361
0.1304654
0.3534115
0.4385518
0.01644686
0.05071874
-0.1946336
-0.04276996
-0.1317304
-0.04156175
-0.1164403
0.584983
-0.3585801
-0.1502395
-0.2600308
0.2831103
0.314234
-0.09984279
-0.226669
0.3744529
0.3551918
0.3889308
0.1093582
0.4357836
0.1387422
-0.1150283
0.1641821
0.2662515
0.419459
-0.02562162
-0.05984242
-0.2087697
-0.02589328
0.3709122
0.1464148
0.3212448
0.3992974
0.1732069
0.07044286
0.1761878
0.2271135
0.08624762
0.4222743
-0.08242756
0.2783361
0.6800875
0.6717422
0.5808769
0.5042111
0.1637793
0.1554343
0.1084323
0.04000153
0.2997184
0.5363964
-0.2768605
-0.4391883
-0.1261778
0.529749
-0.05417379
-0.1626707
-0.03897031
-0.2793846
0.09636457
0.4234652
-0.2067023
-0.2689238
0.3601172
0.4685467
0.3715746
0.05363247
0.3673319
0.05613572
0.1100847
-0.1413993
0.5195355
0.5692289
0.3168386
-0.00734544
0.06309444
0.3069721
-0.03078239
0.1809052
0.452202
-0.3633888
-0.7014267
-0.1023319
0.4863417
-0.000585881
0.779482
0.4420228
0.06220655
0.4741568
0.108948
0.03726029
0.2687396
0.2498691
-0.01504594
-0.3530269
-0.05769752
0.4085897
-0.01710652
0.4567775
0.1382654
0.520906
0.1687833
0.01616312
-0.006494202
0.05655117
-0.0114805
-0.4922585
-0.06805974
0.2889798
-0.05134155
0.05999715
0.3237664
0.1129454
0.2848877
0.3353927
0.4265139
-0.3178176
-0.2549994
0.1671154
0.4642885
0.4628535
0.2943934
0.4181903
0.7267752
0.2392565
0.06550399
0.3915862
0.1308353
-0.03889557
0.1226421
-0.2555028
0.4969492
0.4168265
0.1180925
-0.1287944
0.4768746
-0.01149404
0.1603627
0.3042342
0.1726519
0.5792702
0.1186007
0.07737986
0.2241811
-0.2657649
-0.1221511
0.3833579
0.1467603
0.4190491
0.2005761
0.2922182
0.1927189
0.2141599
0.41122
0.1062579
0.597444
0.01531761
0.116246
0.09584521
0.2992377
0.07952279
-0.3089567
-0.2566176
0.01960615
0.3616779
0.2037369
0.5029535
0.01750252
-0.1319828
-0.1667773
0.2315329
-0.3027248
-0.1902408
0.3207597
0.1126356
0.2907639
