0.4728892
0.4893987
0.5976964
0.5926194
0.4725598
0.2349379
0.01832947
-0.0547823
-0.1410184
0.1036858
-0.2972228
-0.2301822
0.3236339
0.2720023
0.4315092
0.01522959
0.218841
-0.001133375
-0.1824548
-0.1699026
0.1524725
-0.127519
0.1246912
-0.1269483
-0.348107
-0.1941424
-0.06991459
0.3003645
-0.1501241
0.4576739
-0.1111733
-0.1143257
-0.05116652
-0.2379839
-0.01772141
-0.4368242
-0.3490599
-0.212451
-0.1683187
-0.2810043
-0.2869818
-0.164209
-0.4374141
-0.3077869
-0.3834752
-0.365426
0.2141714
0.5596471
-0.4098033
0.7408749
0.1736292
0.6266316
0.4535241
0.4426544
0.2827623
-0.01524851
-0.09557963
-0.08240845
-0.0401736
-0.2016178
-0.3339215
-0.2646087
-0.07107028
0.5358113
-0.2720708
0.6735565
0.1595342
0.1624703
0.156677
-0.1269323
-0.1956379
-0.09229837
-0.1464897
-0.1857318
-0.1369047
-0.3388517
-0.07227988
-0.3019183
0.3458639
0.09091256
0.3073148
-0.02485833
-0.01305593
-0.09659867
-0.2305414
-0.2801262
-0.0726189
-0.2443664
-0.2905081
-0.1198331
0.01568212
-0.4917587
-0.09424842
-0.3837672
0.4995619
0.5105405
0.06401474
-0.2596669
-0.06750494
0.09308599
0.4977219
0.0242682
0.0937977
0.2215729
0.1871591
0.04724225
0.3209308
-0.05055833
0.2348184
0.08751498
0.1521424
-0.02918131
-0.05746065
0.07550597
0.07099763
0.1208766
-0.5105529
-0.1494231
0.2759703
-0.140797
-0.03662728
-0.347634
-0.6015367
-0.4164516
-0.06315753
0.1284788
-0.4012593
0.04922578
-0.4656169
-0.2502444
-0.3765417
-0.2098017
-0.2408348
-0.495428
-0.544613
-0.3034387
-0.1658033
-0.07844076
-0.3889041
-0.4612221
-0.6337907
-0.5462629
-0.293247
-0.4184107
0.04316437
0.03563388
-0.4113127
0.4347371
0.6189338
0.358945
0.3129716
0.1700984
0.3250513
0.005572306
-0.04823537
0.1035317
0.2261876
0.1490083
0.1510061
-0.08564765
-0.01064732
0.2666857
0.07671309
0.3001151
0.1037969
0.2096256
0.2124014
0.06927469
-0.02037435
-0.04686164
-0.195186
0.1078527
-0.1868405
-0.2590079
0.2425089
-0.2330468
0.2133024
0.1671683
0.3164276
-0.1119313
0.07403602
0.06189153
-0.03921106
-0.1181962
0.04412995
0.04145385
-0.06306456
0.02291721
0.02875198
-0.3677238
-0.1479781
-0.09473512
0.1894766
0.0559628
0.05136227
0.1338234
0.337454
0.02127098
0.2747765
0.07200722
-0.02147108
0.1936453
0.07860734
-0.1213676
0.2006655
-0.1802996
-0.2072837
-0.1869634
-0.2039971
0.01333527
-0.03778889
0.3201761
-0.09670551
-0.116721
0.01609937
0.01185002
-0.08446047
0.3031648
-0.172249
0.009459969
0.1425589
-0.1422261
0.3010016
0.06876269
0.1830532
-0.05805546
-0.08314651
0.03796113
-0.2211154
0.09247076
-0.2578958
-0.2825326
-0.2119438
-0.1039459
-0.08577894
-0.1834165
-0.2183485
-0.1475545
-0.1608474
-0.2017611
-0.2073142
0.02375259
0.2048968
-0.2137735
0.1133245
0.01629687
-0.01460443
0.1799837
-0.01226909
0.08205683
0.02992289
-0.09192153
-0.1365468
-0.1509152
-0.1615655
-0.2283141
-0.1592151
-0.1887747
-0.06710852
-0.1618091
0.09895772
-0.006700887
0.01100138
0.1463586
-0.1469314
-0.1147359
0.1062386
-0.02828269
-0.001950275
0.2268455
-0.02705156
-0.05781821
0.02560042
0.157023
0.09852179
0.115238
0.1304986
-0.001721304
0.09869851
-0.02548875
0.09442916
0.07773423
0.06136893
0.04976304
-0.04658979
0.07444118
-0.04222202
0.02068475
-0.2872635
0.08725764
0.1382271
-0.01157696
-0.06584793
-0.07364993
0.3753851
0.5950646
0.5531118
-0.1851247
-0.1873356
0.2134426
-0.02794503
0.1318317
-0.09707417
0.2300476
0.3285137
0.4839627
-0.0799652
-0.1847007
-0.08745197
-0.2001984
-0.1811589
0.225692
-0.09790191
-0.1861342
-0.1356109
-0.3410679
-0.427555
-0.09044415
-0.01802708
-0.3108919
0.3765497
-0.1717557
-0.04250867
-0.2513937
-0.2112921
-0.2511207
-0.4931819
-0.3375098
-0.30125
-0.3610668
-0.3295733
-0.2981715
-0.2714012
-0.4938221
-0.4352422
-0.2887962
-0.2088798
0.0901534
0.2619599
-0.3106161
0.7438744
0.4324822
0.8485366
0.7317147
0.6141458
0.6095789
-0.05444176
-0.1409485
-0.07922045
-0.01554879
0.03971813
-0.005801648
0.06610213
-0.001098221
0.348795
0.06140981
0.6818098
0.09348862
0.2104555
0.2189799
0.05055502
0.06158496
-0.08878902
0.01403045
-0.1255025
-0.05473369
-0.5105365
-0.1332238
-0.1480106
0.2317909
0.1872395
0.4883794
-0.3119512
-0.3230822
-0.1741441
-0.3759762
-0.488546
-0.151567
-0.3608441
-0.3521944
-0.2167372
-0.2398912
-0.5773046
-0.317814
-0.2251223
0.4054921
0.3671409
0.07764409
-0.1931803
0.1462828
0.7306615
0.5264079
-0.1537987
0.03370098
-0.2834413
0.2246056
-0.3650129
-0.4510327
0.2829426
0.3958994
0.5336364
-0.05942967
0.2526078
-0.03788327
0.06976422
0.01976421
0.2588379
0.05179106
0.2276287
0.09317227
0.07011626
-0.03003776
-0.05267292
0.1373991
0.03774117
0.4481392
0.1670089
0.01612239
0.02195386
0.1900252
0.2541742
-0.09166998
0.1167293
0.1058341
0.08354448
0.017969
-0.1638047
0.04473188
-0.1783739
-0.02368043
-0.2820943
-0.1230707
0.4002117
0.5599259
-0.1964826
0.473232
-0.2511992
0.3598358
0.4913698
0.6437068
0.4391696
-0.05596715
-0.1690163
-0.1561315
-0.3084407
-0.07367435
-0.2279516
-0.2814459
-0.1172135
0.4041761
-0.08271786
0.3535259
-0.07707863
0.007591897
-0.17857
-0.2203316
-0.1432024
-0.07776177
-0.2324334
-0.4752591
0.01511003
-0.3535979
-0.363832
-0.06584705
-0.06616102
-0.1805586
-0.07379484
-0.05191251
-0.2165165
-0.313975
-0.4584279
-0.1547516
0.07100729
-0.2779396
-0.1138598
0.05791245
0.1961035
-0.4075202
-0.240377
-0.5534977
0.5071101
0.3585936
0.1811981
-0.3248313
-0.3341307
0.6622341
-0.280305
-0.1203168
0.1006475
-0.008205984
-0.06901162
-0.434163
0.3327509
0.4694199
0.5804504
-0.1827187
-0.03278173
-0.08269882
0.01242575
-0.01944535
0.2836822
-0.02825991
0.09298377
-0.08141849
-0.07078804
-0.2431228
-0.2088382
0.03747179
-0.2791769
0.3673773
-0.05881798
-0.1843267
-0.1773383
0.1439302
0.05884762
-0.1396199
-0.0001824072
0.07341515
-0.01627345
-0.1164088
-0.3413526
-0.1142751
-0.36286
-0.2417937
-0.350439
-0.2463757
0.4679535
0.5023005
-0.2456093
0.5885072
-0.193419
0.5852102
0.7621002
0.9044192
0.648561
-0.0241917
-0.1974349
-0.2563182
-0.2245936
-0.007258809
-0.2239102
-0.1146679
-0.07253992
0.368888
0.1748611
0.5393915
0.01948485
0.2037555
0.02477939
-0.106419
0.06246795
-0.03599203
-0.08066153
-0.3706944
0.1540836
-0.243121
-0.3158908
0.02127631
-0.05358476
-0.07692527
0.09179644
-0.1333652
-0.2826775
-0.2399958
-0.3987452
-0.2110732
0.1898211
-0.2266449
-0.09090211
0.1559049
0.1702694
-0.4636379
-0.3793605
-0.5141978
0.625789
0.4559123
0.2954223
-0.2553169
-0.1731531
-0.1509595
-0.01127302
0.01312295
0.1551732
0.0933893
-0.1051665
0.0565608
0.1453168
0.249329
-0.1481222
-0.08713329
-0.1655846
-0.2041833
-0.1049379
0.09469231
-0.1213759
-0.09402062
-0.1365371
-0.1042422
-0.2976461
-0.1602228
-0.2102874
-0.3656152
0.07850455
-0.2242041
-0.002586787
-0.2527707
0.2780812
0.07552405
-0.1719575
-0.01096419
0.0371386
0.03485751
-0.2535658
-0.2444574
-0.1727765
-0.3296197
-0.265121
-0.1601177
-0.08917431
0.2423819
0.03631262
-0.03512891
0.480001
0.181557
0.4175745
0.6781509
0.6822136
0.8052679
-0.002884574
-0.1303577
-0.08914536
-0.08487307
0.09122535
0.2229777
0.1886622
0.140562
0.09632886
0.09987235
0.2476245
-0.07270787
0.06584858
-0.112733
0.01415293
0.004138424
-0.1285305
-0.1410114
-0.265423
0.05844048
-0.3281905
-0.2169552
-0.04551367
-0.2454263
-0.1770671
-0.004774715
-0.3212091
-0.1420711
-0.2889002
-0.3489132
-0.1912208
0.2621347
-0.1133425
-0.1246734
0.1177415
0.0449568
-0.3225035
-0.4285112
-0.3246275
0.2995684
0.02984773
0.0251934
-0.09308666
-0.01969152
0.5578299
-0.01532845
0.3363823
-0.01974509
0.4022279
-0.1006159
-0.2367896
-0.2400723
0.5677393
0.4482237
0.6519318
-0.2181845
0.1403837
0.07471865
-0.006833946
0.4277424
0.03074101
-0.1396416
0.3794905
-0.1801899
0.2985526
-0.2047445
0.08614472
-0.3818145
-0.05760381
-0.2878215
-0.1397488
0.06323557
-0.1683297
-0.284167
-0.08872814
0.244704
0.03486093
-0.212684
-0.4716513
-0.2418458
-0.2972799
-0.0627155
-0.3590339
-0.002539576
0.09199148
-0.2793983
-0.06686062
0.1003641
-0.1632962
-0.1506396
-0.2767936
-0.02893074
0.5484301
0.6378217
0.5317728
0.6206943
0.4410674
0.04865788
0.1656818
0.2843991
-0.1236017
-0.1582128
-0.04816754
0.4192797
0.4230937
0.02749004
0.5370832
0.1784082
0.2533151
0.2222614
0.1687425
-0.06459474
0.231724
-0.1029251
-0.09673902
0.1545816
-0.286975
-0.0227134
0.01466533
-0.05497118
-0.2977714
-0.09776182
0.0232829
-0.1732861
-0.1299412
-0.1954566
0.05905525
0.3020164
-0.03242459
-0.2005891
-0.1678207
-0.1717922
0.1329562
-0.1388542
0.02117299
0.09381193
-0.1192351
0.3879315
0.00213766
0.239704
-0.2452858
-0.2082282
-0.1574708
0.4227325
0.1978704
0.4629542
0.03018325
0.08690458
0.1778642
0.1967778
0.2576717
0.2155259
0.03645259
0.1652003
-0.1446979
0.1872211
-0.04052856
0.0009639686
-0.07487971
0.01224374
-0.05781617
-0.0754763
-0.1598315
0.1546841
0.02774375
-0.06124141
0.07913639
0.1383655
-0.1671996
-0.1959277
0.01853869
-0.03008217
-0.0330185
-0.02846632
-0.1354565
-0.04252185
-0.1205183
-0.07893185
0.1026467
-0.2285681
-0.07469185
-0.2490995
0.06066632
0.3077373
0.4348817
0.3458069
0.5471304
0.3543007
0.1697163
-0.003058958
0.2980568
-0.2001086
-0.2503633
-0.1796156
0.2986252
0.02320278
-0.06842583
0.366582
0.2505034
0.130643
0.07778162
-0.05844045
-0.1589766
0.1037917
-0.2127385
0.05601894
-0.07548723
-0.2534768
-0.1988093
0.01826018
-0.04323074
-0.2669774
-0.1015708
0.1827631
-0.1362679
-0.3277584
-0.2170243
-0.04733542
0.1092937
-0.01960479
-0.09904747
-0.2496247
-0.1980482
-0.03503619
-0.09194489
-0.05854082
-0.2184386
-0.1145097
0.5749797
-0.175838
-0.01151938
0.010796
-0.1512787
-0.09317926
-0.1141662
0.17737
-0.1504062
0.1004823
0.4335193
-0.007386958
-0.05558687
-0.3257559
-0.2731213
-0.2275717
-0.1777195
-0.06527528
-0.2365402
-0.1676086
-0.382927
-0.4096221
-0.4502948
-0.192229
-0.3255488
-0.1581238
-0.3047774
-0.2493488
-0.2045008
0.08442885
-0.2904703
-0.3799404
-0.3879699
-0.3114462
-0.007614742
-0.229325
0.0199616
-0.052633
-0.2167161
-0.01252365
0.1622252
0.07150635
0.2106893
0.1797653
0.2665144
0.01997881
-0.08254575
0.05714368
0.04514427
0.4444351
0.1005121
0.03075472
-0.205814
-0.114294
0.5399839
-0.001139199
0.03578151
0.2801381
0.340516
0.08959066
0.4127403
0.2551016
-0.01682059
0.2553407
0.108681
0.1053379
0.05248659
0.09175844
0.05097699
0.2544852
0.2055014
0.09590745
-0.2382983
0.1662355
0.04894234
0.02102147
0.1114748
0.1625499
0.2719642
0.1271868
-0.01488269
-0.1325042
-0.0954094
0.136397
0.006231023
0.03975638
0.2789824
0.4348372
0.4820208
-0.1187414
0.1577383
-0.126748
-0.2179397
-0.03490375
0.1686407
0.2410686
0.2318061
0.01721113
-0.003003188
0.1020752
-0.06333749
0.2308427
0.07009355
-0.007163771
0.2552467
-0.2868851
0.05536039
-0.02233865
0.0860085
-0.0983754
0.122117
0.03011439
0.08286225
0.1599641
0.03282899
-0.05278895
-0.01987986
0.08364994
0.007257638
-0.02345061
-0.1529817
-0.1022856
0.00284899
-0.1487156
-0.1696215
0.04965466
0.1145855
-0.1813625
0.04396653
0.03616231
-0.09423106
-0.03189532
-0.05255199
0.100211
0.09014053
0.1920091
0.3134668
0.1192484
0.4223243
-0.05837366
0.110327
-0.01428198
-0.1092393
-0.2798661
-0.05660021
0.1147976
0.130666
-0.127491
0.1312002
0.03220689
0.0996544
0.06533946
-0.07459963
0.01368612
0.07463584
-0.3209991
-0.08311464
0.01767292
-0.1619087
-0.1220288
-0.059166
-0.02329125
-0.1418182
-0.08607538
0.09081291
0.07393054
-0.08579507
-0.1931618
0.04801552
0.174531
-0.03948236
-0.1819455
-0.1222174
-0.05189245
0.1089328
0.04484044
-0.1040058
0.04616777
0.0745828
-0.1242569
-0.1303732
-0.3600505
-0.1380479
-0.3215273
0.08074879
-0.1250702
-0.05000513
0.1276944
0.1522032
-0.4242562
-0.08674887
-0.05744132
-0.2751855
-0.03463075
-0.2181059
-0.1707173
-0.4360482
-0.270891
-0.09319327
-0.3952442
-0.08158333
-0.4428729
-0.02314888
-0.1440345
-0.1816217
-0.2686769
0.1012637
-0.07703076
-0.3274386
-0.111554
-0.1859889
0.1271583
0.1516613
-0.1963482
-0.3791031
0.06386164
-0.1488377
0.3005654
0.04691998
0.09382945
-0.04377357
0.1292308
-0.02222154
0.05355185
-0.004770307
0.07419483
0.1898427
0.4908274
0.3833187
-0.08702134
-0.1604537
0.3686547
-0.2604006
-0.1972125
-0.03229262
0.1930544
0.269036
0.3251548
-0.0626507
0.1457
0.153596
0.07307512
-0.1026272
0.1417129
0.2202024
-0.171156
0.08757464
0.2280082
0.006255111
-0.3009513
0.09570139
-0.03242299
-0.09452003
-0.06768272
0.01970974
0.08748198
-0.04269536
-0.3193909
-0.04277609
-0.07567088
0.3495217
-0.1869225
-0.2300281
0.03319075
0.2560332
0.4354824
-0.1754249
-0.3609183
-0.2542664
0.2618788
-0.09391046
0.1275495
-0.06294767
-0.1435008
-0.292099
-0.2169292
-0.2189919
0.1634243
-0.1736953
-0.01663186
0.01013825
-0.04526857
-0.1371833
-0.1547358
-0.1059868
0.4203812
0.03314982
0.07959132
0.01356378
-0.04314112
-0.06604683
-0.01737893
-0.04327822
-0.01764635
0.2325004
-0.1141214
0.0740258
0.006149879
0.1853003
0.1474503
-0.2841835
-0.3750034
0.2191098
-0.07942147
0.3072045
-0.1240521
-0.3136272
-0.4531943
-0.2015604
0.2426066
0.3358142
0.2070564
0.3935312
0.118199
0.2338079
0.3933953
0.4407259
-0.2141213
-0.1998379
-0.09680626
0.1277671
0.01045728
-0.2433547
0.2422055
-0.2648387
-0.2633082
0.08475585
0.1780154
-0.2845555
-0.02253232
0.08883009
-0.1371638
-0.007684145
-0.2058501
-0.04764893
-0.1942283
0.2011962
-0.0592768
0.07566364
-0.2167708
-0.1539713
-0.05833448
-0.2605958
-0.1480905
-0.2262066
0.1792839
-0.04078795
0.2755043
-0.3220566
-0.3108145
-0.2636708
0.09575888
0.128233
0.7032299
0.4336404
0.09072777
0.2311867
0.03944268
-0.0120432
0.1451607
0.02661864
-0.2327791
0.1640973
-0.2581352
-0.2719615
-0.2235739
-0.0799459
-0.08192278
-0.237667
0.2717375
-0.02336944
-0.04100527
-0.1738283
0.1908245
0.1811946
-0.01823128
-0.1226321
0.3089359
0.2135832
-0.12974
-0.08153168
0.03813647
-0.2647212
-0.1853925
-0.3519634
-0.2032996
0.5144522
0.4747753
-0.1005458
0.423911
-0.1341797
0.4667428
0.1372194
0.4068944
0.01049426
-0.04928511
-0.1255228
-0.1315352
-0.06000944
-0.1335275
-0.204067
-0.08727706
0.0782268
0.8257734
0.1929524
0.3650103
0.06057273
0.2218423
-0.1136533
-0.01739219
-0.2425038
-0.001025682
-0.2408857
-0.2345629
-0.2569421
-0.1297207
0.0855639
-0.2872082
-0.005798919
-0.1506312
0.2399313
0.05642293
-0.09212757
-0.157779
-0.2737561
-0.1405091
0.07359277
-0.0322998
-0.07210301
0.3085958
0.210952
-0.3611546
-0.2717668
-0.2457029
0.5608048
0.4607603
0.2456713
-0.206407
0.2085053
0.5302326
0.1415944
0.1853833
-0.02668167
0.2088947
0.1887282
0.02095931
-0.1455616
0.2191856
-0.06263885
-0.05076578
-0.1735868
-0.06644644
-0.06856899
-0.08779417
0.3834393
0.1387782
-0.03709993
-0.04412682
0.1999567
0.1821586
0.05021251
0.1218713
0.4095456
0.2251676
-0.1256498
-0.05055448
0.1214706
-0.01004295
-0.03204024
-0.2510549
-0.01253305
0.5203536
0.4923317
0.05352117
0.3584056
-0.2474893
0.4837027
0.2019978
0.4997149
0.04396407
-0.1490632
-0.1542607
-0.1855444
-0.1606486
-0.1192701
-0.2345259
-0.09843829
0.05740103
0.6230413
0.1618267
0.3578505
0.01122205
0.1170639
-0.09722401
-0.07710418
-0.1540223
-0.1267038
-0.1393955
-0.4208504
-0.192576
-0.2250228
-0.1876425
-0.1385805
-0.09966856
-0.2748217
0.06775993
-0.01251864
-0.2655188
-0.4047866
-0.4448803
-0.2402561
-0.1183156
-0.2954348
-0.1123648
0.2242712
0.1677515
-0.3461034
-0.3363445
-0.3388533
0.5490342
0.4740296
0.1687759
-0.4054673
-0.1491983
0.07802012
0.1264769
0.02954835
0.4210773
0.1797266
0.0382963
0.1588317
0.2648818
0.0948131
0.08227032
0.007539259
-0.06018008
0.03904333
0.04691761
0.6936793
0.3922327
0.1276208
0.1626009
0.2280794
0.3049304
-0.02846107
-0.01287969
0.07259036
-0.1441227
-0.2148067
-0.01884861
0.3696198
-0.2287828
0.1415054
-0.2155179
-0.06116126
0.3131694
0.6052719
-0.07466558
0.4932351
-0.3057377
0.4733456
0.4030786
0.5414634
0.2079485
-0.2191672
-0.2712057
-0.2165591
-0.2855065
-0.0443041
-0.3136836
-0.2226317
-0.1070091
0.5028348
0.08796741
0.6253857
0.107469
0.2629852
0.05213614
-0.1914456
-0.09176312
0.07651367
-0.04915379
-0.3601078
-0.1378745
-0.2557455
-0.2043573
-0.2526491
0.1395667
-0.09620239
0.1159139
-0.1799335
-0.263687
-0.2570639
-0.3476588
-0.281098
0.01876707
-0.2693664
-0.1958383
-0.06664224
-0.07833828
-0.622723
-0.3353811
-0.4454831
0.5630231
0.5088909
0.1466146
-0.5318267
-0.2277947
0.6231947
0.5509374
0.001277791
0.5145611
0.1146928
0.1232192
0.4402326
0.1279327
-0.1231585
0.2394057
-0.1452435
0.2552837
-0.1530458
0.4414019
0.02797263
0.1788099
-0.08871189
-0.02935614
-0.05986768
0.002874765
-0.1547805
0.08788843
0.12352
-0.07054043
-0.2313409
-0.16975
-0.1316044
-0.1619168
0.007180161
-0.1179703
0.05751597
0.1109123
-0.1676677
-0.03488758
0.02344188
-0.03802878
-0.1040796
-0.1808593
-0.0383191
0.3564512
0.3694119
0.562889
0.4314307
0.4055306
-0.08467096
0.06169979
0.3079648
0.06009101
0.01879969
0.1480237
0.7499542
0.4381581
0.007854314
0.5123845
0.1070416
0.2480486
0.1083295
0.2040295
-0.32894
-0.00734288
-0.135589
-0.1521475
0.2661236
-0.2705233
0.06060464
-0.02804206
-0.0563212
-0.3940335
-0.2481433
-0.09218984
-0.250898
-0.336136
-0.3402504
0.04576546
0.1703315
-0.1687057
-0.2675826
-0.1918904
-0.09379342
0.1289749
-0.1846923
-0.2436881
-0.07081071
0.4111553
-0.1450189
0.4797918
0.2439103
0.009541093
0.6995161
-0.09579452
-0.1289145
0.3276476
-0.167736
0.3837983
-0.09519445
0.4463811
-0.04177973
-0.007529154
-0.1905399
0.0759855
0.3082027
0.02099505
-0.2150506
0.1679675
0.3012453
-0.03876699
-0.2925496
-0.1613182
-0.2625424
-0.1935536
-0.1682733
-0.3170832
0.3383717
0.3899239
-0.2702994
-0.04157158
-0.2060707
-0.1331964
-0.09736551
0.027827
-0.08167271
0.1537842
0.121256
0.3854411
0.1362243
0.2656354
-0.2458924
-0.284526
0.02708523
0.1562292
0.04181966
0.02474442
0.4201627
0.400242
-0.06640662
0.145102
-0.03739232
0.2757667
-0.1319814
0.04447749
-0.09845239
0.0861822
-0.1110725
-0.1796502
0.1734083
-0.2536448
-0.02575917
0.1026631
0.04466629
-0.2192293
-0.2403678
0.1054944
0.05193787
0.0090027
0.04283833
0.2673514
0.4549482
-0.1023147
-0.189982
-0.3196514
0.1929359
0.2829708
0.1011636
-0.1902506
-0.005056976
-0.0831955
0.3535213
0.4066806
0.2704926
0.4061665
0.1533634
-0.1048857
0.3700644
0.08364614
0.4546291
0.02568893
0.1864875
-0.1426993
-0.02962752
-0.3168415
-0.09858147
-0.01920239
-0.02039046
-0.2626376
-0.1376341
0.1272648
0.1750849
-0.1878082
-0.2781727
-0.2944388
-0.2139733
0.002318891
-0.2714291
0.01111277
0.2327621
-0.366627
-0.09607881
-0.04977615
-0.1238033
-0.07039952
-0.09708779
0.001525258
0.4201862
0.5529101
0.5438731
0.4406813
0.5704862
0.1390924
-0.03273195
0.1394734
-0.01586884
0.07834207
0.03697397
0.3961201
0.5075187
0.008067392
0.5377522
0.4834574
0.3992588
0.2214006
0.09808202
-0.1952481
0.1142019
-0.01627177
0.02155365
0.1375454
-0.2733455
-0.002877345
0.0477945
-0.1821879
-0.3102749
-0.2547355
-0.06185691
-0.1908009
-0.207578
-0.2144904
-0.01037205
0.2101456
-0.2715781
-0.1796935
-0.1288291
-0.05824545
0.2361972
0.09568968
-0.080589
0.03477383
0.1456843
-0.3239452
0.4005021
0.02115642
0.4358619
0.5755341
0.3060342
-0.1544955
-0.295886
0.3129056
0.1357113
0.5753816
0.3001968
0.4368437
0.4386288
0.3032356
0.3668717
0.5046332
0.3261837
-0.1026628
0.117254
0.4124055
0.6310253
0.4468834
0.7410354
0.2238904
0.4392748
0.06742664
0.1470126
0.4828242
-0.1893496
-0.5067933
-0.1808246
-0.216969
-0.05810963
-0.281384
-0.2281703
-0.05982892
-0.2594295
-0.2465235
-0.08508062
-0.2025483
0.04319144
-0.09544842
-0.008211429
-0.1267891
-0.06468424
-0.06692209
-0.1332029
-0.1022425
-0.1705864
-0.1328677
-0.1661742
0.03058878
-0.2860227
-0.1006514
0.1209995
-0.3905746
-0.2102841
-0.195121
-0.3509413
-0.4045678
-0.1024037
-0.1481175
-0.1406889
-0.0163573
0.03883669
-0.05164832
-0.1844011
0.04116119
-0.02697766
-0.26307
-0.0569975
-0.1428311
-0.004718438
-0.001456255
-0.009428808
-0.1050954
-0.3605287
-0.4140314
0.2582259
0.3834142
0.5106903
0.08567176
0.1553101
0.3064878
0.008785418
0.2165466
0.05773227
0.377172
0.3051897
0.28205
-0.1724623
0.02669025
-0.02226102
0.06431582
-0.1078607
0.01709857
0.07480664
0.003691254
-0.1269387
0.04484965
-0.09219081
-0.06171741
0.1011172
0.1028592
0.06529037
0.03993369
-0.08022157
-0.3037929
-0.2362279
-0.2366009
-0.1072908
-0.002662417
-0.03951266
0.0988652
0.04578492
0.1763962
0.07787292
0.2438865
0.01913764
-0.05333632
0.03966083
-0.02008361
0.3748526
-0.1177205
0.3353951
0.2680888
0.1092426
0.3544942
0.3386849
0.5538153
0.0828354
0.1733599
-0.03396313
0.06649903
-0.08849112
0.04574128
0.1006481
-0.1078968
0.06214673
0.04223
-0.3401918
-0.2096906
-0.3149186
-0.0590374
-0.1043805
0.009370006
-0.04129404
0.1156261
0.110201
-0.1831927
-0.2060792
-0.1072481
-0.05398956
0.0186924
0.05395987
-0.1416242
0.1139829
0.1615429
0.2614417
-0.1512596
-0.2559035
0.02869158
0.02201331
0.4649225
-0.1330146
0.1383437
-0.1728289
-0.2576019
-0.4365611
-0.2707102
-0.2477686
-0.06028275
-0.3534198
-0.2588805
-0.0388495
0.2902086
-0.4203482
-0.4283628
-0.4560722
-0.453932
-0.2183574
-0.4251326
0.1306424
0.262738
-0.5799594
-0.01273889
0.08187616
0.04649594
0.2994874
0.2343814
0.3750052
0.1554898
0.08572758
0.2362422
0.1105451
0.4741411
0.05062341
-0.3960528
-0.1460742
-0.08752741
0.3562566
0.05124186
0.1674424
0.2892292
0.2819977
0.2347547
0.4793214
0.5114228
-0.06610457
0.1675499
-0.009655459
-0.08770186
-0.03795203
0.349738
0.2363833
0.2213659
0.2894843
0.07007513
-0.2057306
-0.01379901
-0.3178517
0.1067076
0.04076753
-0.1120025
0.09391172
0.08315911
0.2905528
-0.3384789
-0.0845453
-0.2502451
0.181002
0.1843664
0.3452681
0.1356405
0.1509976
0.07049215
0.4457425
0.4541334
0.3531948
0.1617718
0.04003169
0.249281
0.1991544
0.3384606
0.165063
0.09293688
-0.07931898
-0.1442797
0.1225621
0.1249664
-0.1707998
-0.1808957
0.1577393
-0.00165636
0.2409079
0.1110441
0.2481611
0.2322701
0.2656952
-0.2006748
0.005276039
0.01935772
-0.2213092
-0.162345
-0.1843001
0.02809735
-0.07788521
-0.07312868
-0.06613114
0.1163303
0.06572201
0.02484872
0.07984469
0.1482863
-0.1092039
-0.08931826
-0.1686697
-0.001533687
-0.1759773
0.09817089
-0.08465597
0.1557974
0.2697109
0.4097297
0.2292485
0.2499256
0.001498278
0.05942486
0.01991039
-0.1724379
0.009109783
-0.01267758
-0.06902402
-0.194437
-0.1377255
-0.3760389
-0.1476792
-0.1283452
0.02618209
-0.2559039
-0.2546692
-0.07726074
-0.2329921
-0.2156214
-0.1831602
0.01125463
0.01316408
-0.1702442
-0.1553799
-0.1472601
-0.2333681
-0.2267912
-0.07656382
0.07554414
0.4790383
-0.2556558
0.3412721
-0.1565243
0.4221897
-0.005711178
-0.1357208
-0.1331759
0.009503708
0.371374
0.02491602
-0.1413067
0.135735
0.3794375
-0.01467927
-0.2928428
-0.1494858
-0.2130831
-0.1382962
-0.296395
-0.419331
0.3672922
0.4506232
-0.3633002
-0.07999558
-0.2984915
-0.1732904
-0.02012309
0.1084112
-0.002354831
0.167639
0.1044324
0.2161853
0.1707391
0.3047532
-0.3244497
-0.3631138
-0.07851832
0.04611108
0.04262469
0.08530256
0.3584275
0.4388421
0.1130173
0.1603314
0.2215537
0.5292055
0.06196239
-0.002075488
0.07357704
0.3135846
-0.2218897
-0.08915111
0.1869347
-0.2402781
-0.1018802
0.07620236
-0.07921709
-0.2784894
-0.2130488
0.1761743
0.1004652
0.02267153
0.06726161
0.2853236
0.5614477
-0.1841941
-0.3195901
-0.5289886
0.221926
0.39258
0.1966177
-0.2763411
-0.1558051
0.5853246
0.3493075
0.1400678
0.0994016
0.3763823
0.2171241
0.4898212
0.5379628
0.3823971
-0.05725877
-0.1065448
0.1863473
0.4486127
-0.04575496
-0.1013144
0.1218574
0.2689989
0.2258317
0.5514289
0.4177449
0.4283171
0.5272823
-0.2912247
0.006595503
0.2406451
-0.1349971
-0.2379693
-0.1083292
-0.2921627
-0.2000744
-0.3053322
0.06810568
0.273271
0.09046918
0.03917139
0.06258695
-0.02014929
0.01814352
0.001043013
-0.1211046
-0.3575352
-0.1174543
-0.03305192
-0.2879463
-0.1200595
0.08987539
0.07450229
-0.1541676
0.4627247
-0.2367685
0.05669194
0.02416455
-0.4617439
-0.01445793
-0.1385689
-0.2853545
-0.2620313
-0.1181621
-0.2941089
-0.3241566
-0.2142378
-0.3137116
-0.5721585
-0.3984393
-0.3652474
-0.4541047
-0.2957553
0.1597809
0.1472386
0.1368447
-0.2636644
-0.1336128
-0.09112379
-0.1929943
-0.4566457
0.5465571
0.05279813
-0.1278555
0.3689012
-0.008468904
0.5841699
0.3752181
0.4598818
0.154573
0.2458732
0.2938423
0.62891
0.1085083
0.04056481
0.2537346
0.4242258
0.3354862
0.6535143
0.5769695
0.3333672
0.5463764
-0.2342523
-0.09489722
0.4493055
-0.4088566
-0.3785784
-0.3669627
-0.260947
-0.1635923
-0.246859
-0.1166507
0.02377998
-0.1749841
-0.2154825
-0.09008498
0.01328164
0.04708387
-0.1904125
-0.2480597
-0.2017978
-0.3744317
-0.253632
-0.3415972
-0.1591203
-0.06446649
0.0826708
-0.01759554
0.3090426
-0.3437255
0.439136
0.1218221
-0.4096554
0.1596912
-0.3715354
-0.3062834
-0.4139711
-0.1816137
-0.397009
-0.2660887
-0.1374421
-0.03151606
-0.2195833
-0.1433504
-0.05607843
-0.2841362
-0.1696184
0.2265079
0.02188114
0.01641176
-0.3219691
-0.1818559
-0.03241952
-0.3019892
-0.4551671
-0.0300453
0.2047463
0.2503206
0.1149096
0.1776554
0.09375933
0.2094162
-0.006211188
0.3192587
0.09438734
0.1605491
0.008027996
0.2556705
0.1662135
0.1062547
0.05807894
0.2242936
0.2104354
0.1427626
-0.07730129
-0.05907087
0.1241029
-0.03932865
-0.4174251
-0.3809172
-0.4301226
-0.2908795
-0.2543322
-0.2578989
0.2501017
0.3926564
0.2509762
0.1132503
0.1851083
-0.183365
-0.05303638
-0.0180168
-0.2747359
-0.2393136
-0.2383863
0.1218249
0.1634239
0.04862509
0.2258039
0.2626704
0.3200491
0.461006
0.06665353
0.2879544
0.4616061
-0.2338727
0.05374497
0.06173922
-0.2950586
-0.2394957
-0.1267151
-0.07291386
-0.1847634
-0.05845076
0.1636923
-0.07952712
-0.00634452
0.009638991
-0.04240867
0.2027339
0.1107129
-0.06170323
-0.07359812
-0.2598733
0.02963167
-0.1103492
-0.2239073
-0.2966918
0.2416468
0.5187806
-0.06800737
0.2022304
0.1944151
0.1557111
-0.1989276
0.006549195
0.03040771
0.1584342
-0.1556114
0.07576523
0.07341424
0.2474355
0.236411
0.2561673
0.1031791
0.2395831
0.3372236
-0.3650062
-0.2389272
0.1471708
-0.1022999
0.085755
-0.1362273
-0.1221104
-0.2000061
-0.1844038
-0.07648604
-0.09514557
-0.03546149
-0.07555483
-0.2144044
0.3452398
-0.06228871
0.1539451
-0.02809474
0.0489501
-0.1977598
-0.3358697
-0.3497525
-0.279435
-0.09810882
-0.03045274
-0.01553651
-0.001255183
-0.1314482
-0.0882257
-0.3804103
0.4454327
0.2436129
-0.2100489
-0.005152407
-0.1055199
0.01137848
-0.05712625
-0.08212851
-0.1341492
-0.2259084
-0.2356834
-0.1638708
-0.1442164
-0.3704557
-0.1759069
0.01058643
0.2712992
0.2023216
-0.2185768
-0.3057533
-0.2872546
0.06360845
-0.1372565
0.1086424
0.2754706
-0.02610261
-0.02506645
-0.02948445
-0.3630296
-0.05189919
-0.1282555
-0.2703414
-0.2703972
0.05481274
0.1180158
-0.3045103
-0.3174755
-0.1772891
-0.2957843
-0.1213099
-0.3044878
-0.05615079
0.3078742
-0.4623918
0.001646815
-0.04356522
-0.0460065
-0.02792323
-0.070523
-0.04132791
0.2559152
0.2215561
0.2938475
0.1908676
0.2374024
-0.1389735
-0.3751829
0.03849912
-0.00493235
0.07543365
0.1849764
0.2256135
0.2623702
0.07489868
0.1685628
0.1537632
0.3778725
0.1148339
0.07817808
0.02668424
-0.09464052
0.04076475
0.3360735
0.2657566
0.03812372
0.1838817
0.1924632
-0.01688313
-0.04502536
-0.2461256
-0.04892846
-0.1621995
-0.136782
-0.1432758
-0.1371709
0.2674084
-0.1158575
0.1267169
-0.2053922
0.0540156
0.2622588
0.2105307
-0.1103277
-0.1235505
0.03649324
0.4548009
0.2514922
0.4150485
-0.02751292
0.1182899
0.1574068
0.2557904
-0.1034214
-0.08826885
0.2052611
0.4593595
0.4568969
0.4534547
0.4785353
0.3524764
0.4428584
-0.3239854
-0.05545552
0.2302618
-0.3114901
-0.2812009
-0.3344095
-0.344475
-0.3499047
-0.3779634
-0.09553866
-0.02500489
-0.007430821
-0.3564
-0.1600673
0.05444377
-0.1309774
-0.1770154
-0.1479533
-0.04611966
-0.2544745
-0.3749666
-0.3667248
-0.1535796
-0.2776838
-0.04732226
-0.02692938
0.05101963
-0.1698347
0.007889206
-0.1378453
0.06397793
0.1141743
-0.12768
0.06382935
-0.2438136
0.002596962
-0.05580256
0.1325529
0.04944773
0.05533442
-0.2494588
-0.09770179
0.03644708
-0.3127237
-0.2455668
0.159233
0.4150817
0.2352655
-0.248646
-0.2818841
-0.2189996
0.006495429
-0.2700968
0.2261263
0.1980973
0.07361672
-0.1699784
0.05619357
-0.1861689
-0.2042759
-0.1464345
-0.1135733
-0.1344865
-0.2458585
0.02409474
-0.2466075
-0.1710658
-0.158333
-0.1349379
0.1264188
0.546378
-0.3006226
0.4057889
-0.1835356
0.4040524
0.2838451
0.321965
0.1366628
0.09105089
-0.003618763
0.2011769
-0.005424118
0.1512604
-0.4055713
-0.2417848
-0.01449012
0.355898
-0.02274423
0.6127487
0.44313
0.3769333
0.1449168
0.08658534
0.001929771
0.1898852
0.1268957
-0.1036826
-0.1277614
-0.2187071
-0.2863874
-0.1818912
0.3449216
-0.04576192
0.2086775
-0.07960538
-0.2923747
-0.3528301
-0.4194954
-0.3399513
-0.2986465
-0.3802058
-0.4145472
-0.198331
0.0355923
-0.4825985
-0.2060135
-0.3906188
0.3192642
0.4589008
0.08548402
-0.4141248
-0.1961026
0.6280108
0.5631494
0.2036468
0.1186534
0.2131936
0.3958368
0.06593715
-0.2524669
0.05335568
0.467491
0.6650341
0.4875666
0.6519233
0.2566947
0.6639077
-0.2125727
-0.08955539
0.3849707
-0.2994772
-0.3322118
-0.2144721
-0.2826629
-0.1740602
-0.3467754
-0.303986
-0.2011624
-0.2933411
-0.3361668
-0.203734
-0.0557167
-0.05790051
-0.09714409
0.03051033
-0.07063093
-0.109507
-0.1389946
-0.3389703
-0.1967056
-0.2019668
-0.206218
-0.07949128
-0.03423235
-0.2591539
-0.06158964
-0.2507164
-0.1798389
-0.007089028
-0.08361015
-0.08190691
-0.2003692
-0.07697033
-0.1952274
-0.1090959
-0.1079108
-0.2103832
-0.2570955
-0.1908322
-0.1506903
-0.3413338
-0.3665177
-0.02750774
0.08019952
0.03980719
-0.1428641
-0.1570761
-0.04904719
-0.3366964
-0.4019233
0.3541756
0.1973437
0.09795988
0.02963023
0.2377495
0.028675
-0.1646852
-0.04661176
0.4748055
0.3208547
0.3958334
0.3699484
0.3861785
0.69643
-0.2956761
-0.249063
0.4308766
-0.1468664
0.0310943
-0.1173693
-0.2741655
-0.2733225
-0.2458928
-0.05224757
0.04159812
-0.03522625
-0.07618824
-0.01061663
0.1957304
0.3026433
0.2098691
-0.06710936
-0.1510657
-0.1399634
-0.04472177
-0.2422883
-0.415123
0.1056426
-0.2774685
-0.2231503
0.03739177
-0.2073108
-0.2201339
-0.3710602
-0.2305001
-0.1587603
-0.1908855
-0.3306782
-0.1423659
-0.2637341
-0.221656
-0.3004791
-0.2738238
-0.4176764
-0.3881009
-0.2807015
-0.3959027
-0.3733469
-0.4440337
0.03181491
-0.05211414
0.2391495
-0.2609758
-0.3147664
-0.2050095
-0.2402491
-0.1629362
0.06767449
0.2420239
0.1820464
0.4082074
0.06288821
-0.0985445
0.05922121
0.5205727
0.5504519
0.5465498
0.6177538
0.2691996
0.4287677
-0.2641982
-0.09542518
0.4556721
-0.07464741
-0.2479121
-0.1721994
-0.2814976
-0.2922495
-0.397447
-0.2613286
-0.2209836
-0.2594554
-0.3588278
-0.3185213
-0.2513688
-0.09363557
-0.02179158
0.07321019
-0.4234461
-0.02559403
-0.140273
-0.4122344
-0.2440029
-0.3616682
-0.4004817
-0.3646409
0.03534995
-0.2794643
0.03627806
-0.01800605
-0.09204397
-0.06109584
-0.1123593
-0.07432489
-0.289885
-0.08065728
0.1461697
0.004489811
0.217021
0.0234311
-0.1171275
-0.06425039
-0.1159398
-0.3195111
-0.2980333
0.1576664
0.3143411
0.07255754
-0.122385
-0.1360461
-0.1783113
-0.1921701
-0.5059229
0.6107417
0.3966293
0.3672383
0.7176943
0.2685123
0.0736758
0.3105323
0.4716027
0.09381963
0.4890362
-0.02294375
0.1787161
0.4797531
0.05593841
0.4414788
-0.1166419
-0.3416676
-0.2410479
-0.08190096
0.1257256
0.008060087
-0.281973
-0.2127893
-0.2349964
-0.3241847
-0.01349858
0.07513642
0.109169
0.01539086
0.05063097
0.1348635
-0.1854882
-0.2086915
-0.002680988
-0.4430283
-0.2600568
-0.4229266
-0.2738879
-0.4157086
-0.3273873
-0.2064654
-0.009424402
-0.1080679
-0.2799668
-0.4029257
-0.4786461
-0.4997601
-0.1512386
0.2417152
-0.03992947
0.009240625
0.2510754
0.5522366
0.200258
0.3482667
0.5132162
0.1843424
0.03853521
-0.3816809
-0.07948235
0.2375791
-0.1367891
0.0234586
-0.245357
-0.1375805
0.1878909
0.2765513
0.5456634
0.4927405
0.08883985
0.3514875
0.330987
0.09895584
0.3541116
-0.04384177
-0.06518097
0.4357463
0.3006646
0.3280599
-0.03744038
-0.4339237
-0.2282737
-0.139922
0.1057419
-0.1588414
-0.1381587
-0.1146795
-0.1682293
-0.2835981
-0.11584
-0.1303734
-0.05752157
0.00883303
0.1025436
-0.06541539
-0.08741206
-0.1941732
0.132191
-0.43485
-0.277678
-0.4124769
-0.1135111
-0.2808226
-0.4108055
0.02686119
0.04577329
-0.07591711
-0.2429556
-0.3131475
-0.5035874
-0.4849643
-0.258435
0.120825
-0.2411495
-0.1051717
0.1216475
0.3327685
0.165624
0.2191654
0.3138376
0.3320185
-0.05688692
-0.2451602
-0.2736173
0.3065027
0.1240413
0.009284932
-0.31669
-0.2534568
0.393685
0.4185842
0.1847281
0.3213869
0.255223
0.3650422
0.4026757
0.4755791
0.1665467
0.2212282
0.03802274
-0.02252277
0.3118792
-0.3557855
-0.4233849
-0.4274378
-0.3671272
-0.1904038
-0.3242012
-0.2586814
-0.06347505
0.04228069
-0.0416101
0.01906843
-0.01813678
-0.1539749
-0.156026
-0.1069212
0.01900483
-0.3839728
-0.06435707
-0.1662031
-0.1706951
-0.1593665
-0.03908608
0.03204234
-0.1192307
-0.1169502
-0.03859701
0.228286
-0.03635599
0.303794
-0.2832384
-0.2126723
-0.3326097
0.329224
0.1172461
0.04521995
0.1160375
0.5165756
0.2771117
0.1186216
0.2340974
0.1810284
0.1644133
0.2592387
0.05322273
0.06751888
-0.05851374
-0.07590202
0.1263976
-0.04719441
-0.1601459
0.4965316
0.384587
0.2558932
0.420931
0.4029633
0.7824123
0.6258487
0.3455577
0.5587255
-0.02813693
-0.1386103
0.5948716
-0.2179098
-0.3800375
-0.2480158
-0.2711124
-0.05942977
-0.2126987
-0.2023232
-0.1631398
-0.2146778
-0.1913812
-0.1488699
-0.1051187
0.0625845
-0.02183224
-0.1201868
-0.2040665
-0.333441
-0.3177736
-0.45279
-0.494605
-0.3067666
-0.143283
-0.3085042
0.01497272
-0.4575283
0.213696
0.0794311
-0.3975912
-0.02940694
-0.5456539
-0.3783197
-0.5224005
-0.03031997
-0.09073571
-0.2598931
-0.04737021
-0.0277592
-0.08286476
-0.1473002
0.03191992
-0.04537143
-0.03234938
0.4438954
0.1148228
0.09431634
-0.2061457
-0.2497823
-0.009804301
-0.1487095
-0.5018472
0.6192586
0.06186947
0.1346591
0.2754724
0.287508
0.2735509
-0.1333058
0.07018719
0.6975866
0.1762558
0.3655637
-0.1148884
-0.3619028
-0.1454046
-0.1844169
0.05409369
-0.1720105
-0.178746
-0.1739635
-0.220884
-0.1632903
-0.1313381
-0.07657487
-0.008814222
0.1377428
0.117096
0.06083989
-0.1931901
-0.09475614
-0.09606609
-0.3918202
-0.1255176
-0.3711286
-0.2497548
-0.2670373
-0.3679789
-0.1521951
0.1334514
-0.1738396
-0.2568779
-0.411084
-0.5139793
-0.4333958
-0.09581201
0.2029189
-0.2045275
-0.1321628
0.2383844
0.3296252
0.003475351
0.3074845
0.6644271
0.4604544
0.202227
-0.3265113
-0.2386738
0.3781218
-0.01124682
0.01206693
-0.2882493
-0.2639384
0.2245796
-0.02288126
-0.1311916
0.2304017
-0.08345806
-0.01645231
-0.1839043
0.4593334
0.1890698
0.1012548
-0.09378497
-0.2797158
-0.1985878
-0.1846473
0.04135941
-0.05491785
0.1228543
0.08422739
0.08570339
0.1300557
0.06989323
-0.05544994
-0.08079591
0.1955629
-0.008236409
0.00448562
-0.2280807
-0.04820825
0.0544186
-0.3971052
0.03293542
-0.03158597
0.1098886
-0.04548097
-0.2850606
0.03624212
0.3076313
-0.1040542
-0.06102958
-0.3726568
-0.4818674
-0.3289684
0.01271209
0.08673747
-0.3899559
-0.221567
0.1818162
0.1386182
0.009203518
0.1016592
0.4598706
0.7023333
0.2563883
-0.1229147
-0.2476678
0.106903
0.06057333
0.07482456
-0.07666543
-0.2219317
0.2263928
-0.1363531
0.228652
0.1125654
0.2382474
0.06774421
-0.1190514
0.0042212
0.1044025
-0.3540081
-0.2539132
-0.3687069
-0.2713386
-0.1910201
-0.1723532
0.00928356
0.1000929
0.03031712
-0.04708908
0.1573741
0.08064745
-0.2199697
-0.2566195
-0.1693163
0.009847378
-0.3150096
-0.2027278
-0.02494281
-0.205198
-0.1132753
0.0911793
0.006508418
-0.1258751
-0.1039241
0.1176391
0.1368233
-0.0793584
0.334956
-0.2022825
-0.09865827
-0.1524327
0.1231191
-0.102562
0.00244179
-0.01755004
0.2491951
0.009775901
0.08103094
0.1133977
-0.015754
0.1365606
0.1547471
0.2021284
0.05808693
-0.2057107
-0.1036627
0.3719053
0.1153294
-0.09372716
0.5621311
0.5781351
0.6646972
0.4962482
0.6453539
-0.3430686
-0.2578127
0.7179255
-0.2371081
-0.1484909
-0.2684901
-0.4462524
-0.3891496
-0.4452334
-0.2180429
-0.06113726
-0.2135823
-0.3187474
-0.2907152
0.1252861
0.2111682
-0.07936713
-0.08717911
-0.3483288
-0.3352695
-0.3749773
-0.3366696
-0.401218
-0.2541386
-0.326945
-0.3485057
-0.08862787
-0.2377307
-0.07288833
-0.0502733
-0.02264408
-0.142566
-0.2595103
-0.1275287
-0.2525769
-0.1635162
-0.004865175
0.02840267
0.1563342
-0.08642706
-0.1809198
0.08725903
-0.1150832
-0.3318762
-0.4459761
0.210875
0.3167227
0.4755373
-0.3110633
-0.2801716
-0.1146967
-0.007711286
-0.0991995
0.3946125
0.8163125
0.2202523
0.5120956
-0.05660919
-0.04091677
0.544031
-0.1590215
-0.3868081
-0.2410683
-0.2894203
-0.1377044
-0.3841803
-0.4334825
-0.3348242
-0.3050908
-0.459811
-0.3482176
-0.1108481
-0.06566937
-0.08089882
0.09989847
-0.1221578
-0.1123115
-0.202833
-0.3264001
-0.2070634
-0.4159911
-0.3368273
-0.2507781
-0.2205025
-0.1724835
-0.253187
-0.06249442
0.09241061
-0.253299
-0.08622363
-0.04784548
-0.3804745
-0.01631582
0.2273689
0.1608617
0.2695474
0.07514169
0.1101967
0.1022716
0.141992
-0.0814762
-0.3196275
0.0241431
0.1593621
0.1899229
-0.008061848
-0.1645971
-0.2031049
-0.2108244
-0.2765768
0.6208851
0.5083076
0.718952
-0.3176786
-0.321078
0.6484242
-0.4321659
-0.2441741
-0.3803556
-0.5336057
-0.4508995
-0.5152454
-0.170195
-0.007170448
-0.1711083
-0.1371492
-0.2545682
-0.02179822
0.1130214
0.02553814
-0.2985401
-0.3276503
-0.4913155
-0.3221356
-0.6015555
-0.3795971
-0.2117032
-0.1791037
-0.2861694
0.1680196
-0.288433
0.1352027
0.1199254
-0.2421528
0.1308696
-0.4430033
-0.2655151
-0.414306
0.02185043
-0.06094079
-0.1517463
0.05222056
-0.0007291361
-0.3523835
-0.1685865
-0.0909576
-0.258402
-0.1932385
0.6138595
0.3724408
0.3100464
-0.4484713
-0.4069996
-0.182197
-0.05142366
-0.4723922
0.3942943
0.6116087
-0.1827978
-0.130247
0.6819822
-0.3323174
-0.450553
-0.43055
-0.4487919
-0.291139
-0.4668259
-0.3474581
-0.1751312
-0.2526016
-0.3930109
-0.2022048
-0.07638867
0.03286039
-0.1460342
-0.1045409
-0.2282069
-0.3039568
-0.2739703
-0.3782547
-0.3214019
-0.4021995
-0.300333
-0.3179483
-0.1438047
-0.2785046
-0.0607149
0.04443097
-0.1355297
-0.1391268
-0.2458245
-0.2099126
-0.5717142
0.03050847
0.1152046
0.07652229
0.3111007
0.1361534
0.04202428
0.06898102
0.1703388
-0.1722934
-0.3285498
0.2405623
0.1827284
0.250861
-0.2425732
-0.2440975
-0.1560674
-0.1535057
-0.3743199
0.5832395
-0.5149593
-0.3911186
0.548577
-0.2487998
-0.1350839
-0.2642581
-0.2947884
-0.3152677
-0.2434727
0.06894369
0.06151662
0.06888845
-0.07611086
-0.007239459
0.1913743
0.2656251
0.04588208
-0.3092878
-0.1213304
-0.3185292
-0.06797728
-0.1428955
-0.2180729
0.004440055
0.07249318
-0.1206039
0.09071357
0.0218569
0.03802051
0.1268623
-0.01593135
-0.0149739
-0.1627209
-0.07556015
-0.1095157
-0.06857019
-0.1096305
-0.02846724
0.1907271
-0.1510751
-0.3167653
0.04517473
-0.1412569
-0.4142415
-0.4648345
0.3015804
0.4619495
0.5999396
-0.5337681
-0.3561136
-0.1468819
0.2772598
0.01006033
-0.4678389
-0.492208
0.7333332
-0.3009588
-0.07375214
-0.2207345
-0.3273821
-0.3249464
-0.3137932
-0.2362437
-0.1454232
-0.25888
-0.2267039
-0.2290756
0.2969635
0.3047203
0.08186111
-0.1723098
-0.1470313
-0.401474
-0.3551461
-0.5776512
-0.4145964
-0.1426886
-0.2086056
-0.3865254
-0.007880932
-0.2707022
-0.0539102
-0.2709528
-0.1470397
-0.02360204
-0.4287877
-0.180796
-0.2933969
-0.125256
-0.2428149
-0.1222514
-0.0441889
-0.290606
-0.3902221
-0.1957817
-0.2208587
-0.4561898
-0.6098445
0.2776628
0.2308474
0.440648
-0.4526685
-0.5262386
-0.2435967
-0.006009219
-0.225271
0.5826797
-0.2035793
0.2340703
-0.291893
0.1977694
0.2637433
0.5040652
0.1845617
-0.05784082
-0.1518752
-0.2217077
-0.1639216
-0.02935312
-0.1811645
-0.1925055
0.0242892
0.3438141
0.2612971
0.2072977
0.06636221
0.2414966
-0.06201901
-0.03469812
-0.1829035
0.004879523
-0.2433682
-0.2999162
-0.12928
0.0992072
-0.1479809
-0.2698116
-0.1143012
-0.3286019
-0.1537639
-0.07830308
0.09730729
-0.1905802
-0.2592122
0.1847837
0.4386855
-0.003956586
0.3441039
0.7959408
0.6446068
-0.2104636
-0.5273639
-0.5652315
0.7799325
0.4007217
0.1942162
-0.3046426
-0.09909143
-0.3405653
0.4730945
-0.3501886
0.3773122
0.2237602
0.4735464
0.08614026
0.02503082
-0.01027625
0.02064302
-0.1415139
0.07112646
-0.4690082
-0.4629497
-0.2303105
0.4974717
-0.02954471
0.5030847
0.1989764
0.3470491
0.08568159
-0.1187686
0.02366704
0.1517239
-0.01524811
-0.3055587
-0.09052173
0.06048859
-0.288584
-0.1860545
0.1550728
-0.1523291
0.08321906
0.1106888
-0.1554512
-0.211335
-0.3357266
-0.001420325
0.02895092
-0.186825
-0.03372984
0.2128954
0.3944591
-0.4193143
-0.2242562
-0.5080765
0.6527547
0.7677009
0.333456
-0.3866206
-0.155836
-0.2141537
-0.2235635
-0.2387095
-0.376816
-0.2371771
-0.3190566
-0.1789299
-0.1322822
-0.3470646
-0.2950865
-0.3100848
0.2034063
0.3648434
0.175073
-0.09000989
-0.179103
-0.3920708
-0.3320565
-0.4254333
-0.4862658
-0.2488596
-0.3818241
-0.5157509
-0.1792257
-0.310933
-0.04032422
-0.06041114
-0.07490176
-0.1217991
-0.5185932
-0.3363422
-0.4228239
-0.1626469
-0.01988124
-0.1235159
0.1006949
-0.1030183
-0.08556373
0.05672795
0.003496456
-0.1790392
-0.4078799
0.2755349
0.1268476
0.3291387
-0.2973156
-0.3581642
-0.2442099
0.01635005
-0.1669907
0.2189562
0.8553865
0.6278536
0.6070538
0.4533446
0.02897674
-0.1806668
-0.06853757
-0.03245875
-0.1270855
-0.2108575
-0.04580164
0.06726559
0.6216212
-0.1771899
0.7637688
0.1568764
0.2047966
0.02042269
-0.1031496
-0.1542783
-0.2015625
-0.08871214
-0.2733888
-0.1197417
-0.314123
-0.08330879
-0.3513778
0.1616035
0.05776258
0.3350906
-0.1099117
-0.09399626
-0.1686976
-0.2240799
-0.3755308
-0.02410046
-0.2441548
-0.3773453
-0.1186917
-0.07752111
-0.4894519
-0.1820542
-0.2928355
0.5254627
0.5132993
0.09392949
-0.1600234
0.06654581
0.2325975
0.2025626
-0.1940585
0.2732828
0.0004104021
0.01303162
0.1723014
0.2711148
0.1031183
0.3741391
0.1838706
0.1466119
-0.1203555
-0.05614465
0.0041504
0.09718599
-0.1609394
0.1227513
0.2316376
0.01918096
-0.07406114
0.009976587
0.1810485
-0.156204
-0.3489927
0.2015836
-0.06349098
0.08797411
0.208483
0.3255767
-0.1912039
-0.01787169
0.03697558
-0.06547829
-0.1722621
-0.1510989
-0.176225
-0.2518994
-0.1913793
-0.2386842
-0.04724844
-0.03698085
0.1424545
-0.1822104
-0.253186
-0.1955374
0.1138985
0.3206712
0.6446012
0.6267119
0.4498445
0.08700925
-0.1217725
-0.09775355
-0.02738098
-0.1378541
-0.1698161
0.07704508
0.09110234
0.5913742
-0.07168307
0.7746713
0.1464114
0.2186842
0.1539663
0.06603612
-0.01720919
-0.1692049
0.06590264
-0.1600344
-0.05575321
-0.3732226
-0.1354295
-0.2381796
0.2444064
0.1741483
0.5444932
-0.1506073
-0.2415628
-0.1575
-0.3117344
-0.501955
-0.2176038
-0.3373685
-0.4392869
-0.170594
-0.1838843
-0.4882223
-0.1858806
-0.2024662
0.4880162
0.5024592
0.09497707
-0.1827184
0.1404592
0.7292071
0.8173159
0.04384311
-0.1894828
-0.1322258
-0.09170297
0.02059962
0.0006663634
0.02365939
0.06873646
0.1763585
0.1760218
0.5491714
0.119936
0.2580252
0.1605182
0.1040332
0.1592022
0.03537006
-0.02941258
-0.1493232
0.1399792
-0.324592
-0.07411189
-0.01808284
0.102594
0.1235425
0.2623761
-0.2434232
-0.2348047
-0.1365402
-0.2559784
-0.169504
0.1892182
-0.2555666
-0.1336447
0.02425963
0.001787516
-0.4908479
-0.3589033
-0.3986684
0.429548
0.2634253
0.008319979
-0.1859233
-0.01989714
0.6225902
-0.0191183
-0.2328528
-0.2445427
-0.2057631
-0.03339978
-0.1587416
-0.06218684
-0.09235692
0.4372218
0.2189
0.5417582
0.0229363
0.2924789
0.02814634
-0.1149401
0.09845147
-0.006724826
-0.09232217
-0.3191436
0.1596508
-0.1756374
-0.2023967
-0.05333893
-0.02883904
-0.06082973
0.1150001
-0.1491818
-0.254034
-0.2379566
-0.3170288
-0.2317793
0.2248836
-0.1099101
-0.05336351
0.1890656
0.1749483
-0.4871226
-0.3905502
-0.4420725
0.627945
0.5065138
0.2525088
-0.1777254
-0.01674669
0.2388426
-0.05489184
0.03567537
0.02473973
0.247942
0.1322057
0.1131302
0.1376691
-0.004234871
0.2612714
0.3808899
0.1550929
0.2578307
0.124488
0.1778653
0.2359174
0.1411129
-0.08885728
-0.02165904
0.07938971
-0.2775553
-0.1793208
0.05302135
0.01066368
0.0551536
0.1857313
-0.2006896
-0.1904536
-0.1606116
-0.3202765
-0.1054822
0.2446925
-0.1804354
-0.08952808
0.08458351
0.0993372
-0.4067761
-0.4142171
-0.3761142
0.2072303
0.09897553
0.04424952
0.01409313
0.06709785
0.576763
0.4261444
0.389428
0.2427206
0.08015578
0.2798913
0.4550064
-0.07969898
0.006105099
0.146344
0.4523355
0.3699541
-0.03615832
0.5610476
0.2744098
0.1455665
0.2393594
0.2608576
-0.008555454
0.06954255
-0.08783104
0.09113822
0.1559806
-0.1141921
0.08649339
-0.03279694
-0.05120322
-0.2099446
-0.1536008
-0.1575691
-0.2198904
-0.2302954
-0.2939392
-0.09545534
0.1286321
-0.08094124
-0.1356208
-0.1022137
-0.1980608
0.133735
-0.1372862
0.1762508
0.06363535
0.5001594
0.6464689
0.2651398
0.08205102
0.3358079
0.3900403
-0.187202
-0.2142424
-0.07900408
0.3494778
0.304577
0.1324652
0.667104
0.2149575
0.1412437
0.3221438
0.229941
-0.08640526
0.166427
-0.1495908
0.1321139
0.1342382
-0.3104949
-0.08836758
-0.1494368
-0.1104511
-0.3131785
-0.1464437
-0.06205284
-0.3626215
-0.2330991
-0.2805816
-0.09279404
0.1031098
-0.02215751
-0.111629
-0.01366878
-0.2785905
0.0455095
-0.2038053
0.001553316
-0.06550795
0.4920977
0.5422329
-0.07310421
0.05851967
0.200807
-0.1780727
-0.05243845
0.03706992
0.5503524
0.4599026
0.1367026
0.5156204
0.3318708
0.3311423
0.2035115
0.4100734
-0.1031551
0.06722431
-0.0274473
0.0352393
0.357628
0.0131901
0.1154135
0.08218492
0.04611212
-0.07851092
-0.0553406
0.06564875
-0.2151967
-0.1133706
-0.2162069
-0.09219233
0.1786973
0.03113841
0.02743631
0.1308885
-0.291258
0.05005997
-0.04591933
0.03815402
0.1343542
0.3384288
0.06219442
0.2148066
0.4191703
-0.1564506
-0.1578032
-0.01723873
0.4516696
0.3157334
0.174163
0.5899738
0.2871668
0.2544256
0.2544552
0.2565244
-0.1036096
0.1635043
-0.0290073
0.0482738
0.1358449
-0.2030484
0.07648798
-0.04684998
-0.03442209
-0.2814802
-0.134105
-0.03543462
-0.2732913
-0.202552
-0.3248443
-0.02608622
0.1953352
-0.006436094
-0.1924071
-0.04766533
-0.249992
0.02716555
-0.100557
0.04040839
0.04594018
0.0110069
0.03428084
-0.06549262
-0.253708
0.2642391
-0.06111362
0.3254048
0.3818473
0.03152393
0.3153876
0.4151602
0.4217479
0.1139629
0.1294371
-0.0812577
0.08887562
-0.3046792
0.08275683
0.02743158
-0.1374028
0.03512021
0.05577322
-0.2144502
-0.2022465
-0.2365293
0.0645161
-0.02564437
-0.144503
-0.10323
0.06263776
0.2382929
-0.1200333
-0.2628401
-0.05115913
-0.1940207
0.05685303
0.2565318
0.157495
0.1767876
0.2884419
0.2655146
-0.2537081
0.1884509
-0.3965119
-0.2846476
-0.2413945
-0.2122261
0.2828197
0.144603
-0.08360827
-0.02589726
-0.07960972
-0.1526252
-0.2554586
0.3155676
0.1569881
-0.3754742
-0.1279957
-0.1035471
-0.2466887
-0.1619949
-0.13943
-0.1318613
-0.1096147
-0.02946105
-0.1095884
-0.04250517
-0.1116613
-0.229254
-0.06135581
-0.1396733
0.1340262
-0.2451377
-0.4057919
-0.2387934
0.1015771
0.1540144
0.4403559
-0.1255647
-0.00723359
-0.1110593
0.04799667
0.09282676
-0.2062376
0.3943112
-0.0437605
-0.2224227
0.1319832
0.04543452
-0.01547007
-0.1947347
-0.02624109
-0.03381964
-0.1900769
-0.2409844
-0.03812943
-0.2592778
-0.2081246
-0.232722
-0.05468286
-0.3236741
-0.1746334
-0.09102916
-0.3076715
-0.1261689
-0.3561333
0.01977561
-0.2222714
0.3416788
-0.3598943
-0.2090589
-0.3274463
0.08063543
0.1943524
-0.02484893
-0.08001376
0.0371777
0.2408651
0.07864656
-0.2440111
0.5174965
-0.1300151
-0.1730622
-0.02613166
0.0191775
-0.2478651
-0.2057566
0.1282029
-0.06306258
-0.08045337
-0.327305
-0.1366186
-0.2599812
0.1001854
-0.3592028
-0.1691702
-0.2384717
-0.1620431
-0.2766186
-0.2591175
0.01683709
0.01000794
-0.02146236
-0.2104374
-0.1187363
-0.08169776
-0.1530462
-0.4044661
-0.09049064
-0.1394529
-0.01507808
0.5415795
0.05011191
0.141112
-0.06884898
-0.1662026
-0.3044217
-0.1935718
-0.235919
-0.2676785
-0.2462203
-0.2357179
0.08673976
-0.3172938
0.09283384
-0.04845709
0.2741758
0.08164898
-0.06380014
-0.1207535
-0.1786704
-0.2517174
-0.001584544
-0.06143444
-0.183464
0.0700887
-0.006427239
-0.4958467
-0.1610766
-0.2601836
0.558708
0.5388375
0.1803454
-0.1943732
0.1177349
-0.03107535
-0.008224551
0.2289496
0.1440893
0.05014685
0.1837566
0.3662653
-0.1807852
0.1626536
-0.02581784
-0.1654708
0.2275028
0.2864686
-0.05781163
0.1257925
0.1461195
0.1202367
-0.182647
0.07366843
-0.1692192
0.05563442
0.2786824
0.1181602
0.4206442
0.3611113
0.1901987
-0.1792205
-0.260801
-0.116919
0.1720482
-0.05721492
0.1658308
0.1598316
0.3294115
0.4054644
0.5118617
0.2475018
-0.003007585
-0.0432511
-0.02015883
0.02459317
0.00285866
-0.1680478
-0.2339626
-0.03776833
-0.2608317
0.5214892
0.1840206
0.4380208
-0.0359483
0.007035792
-0.06820548
-0.1225178
-0.3695431
-0.03847658
-0.2272393
-0.328567
-0.1286499
-0.04890317
-0.5567596
-0.2187784
-0.3329643
0.4961159
0.6288884
0.1345743
-0.2862294
-0.04586209
0.5866243
0.2458895
0.5316275
0.2218248
0.2997541
0.113083
0.3827676
-0.2665314
0.09485004
-0.1212419
-0.1332633
0.4935973
-0.04723566
0.1931171
0.01943075
0.04684289
-0.189866
-0.05833089
-0.01115893
-0.1039979
-0.2473535
-0.317344
0.0495623
0.1570111
-0.2441335
-0.2310095
-0.1803503
0.0279969
0.3361664
-0.06666988
-0.143817
0.02112448
0.2795631
0.3756989
0.2829405
0.4021806
0.03939071
0.3435601
-0.07174559
0.1510862
0.04984269
-0.09766165
0.5104382
0.0006791114
0.3029737
-0.03242279
-0.006425104
-0.07947836
-0.05789848
-0.04188205
0.1292369
0.1216597
-0.06030389
0.1808449
0.2588929
-0.4239302
-0.3262831
-0.1584723
0.2150264
0.5172107
0.2102335
-0.1059836
0.2490684
0.2386174
0.3827198
0.4342611
0.3059901
0.5509262
0.140199
0.2489861
0.1141875
0.1141588
0.6452645
0.5266168
0.4770779
0.01597067
-0.01754067
0.3308841
0.147588
0.09425171
-0.037675
0.1656959
0.1996874
0.01927453
-0.03263588
-0.243681
0.03873738
-0.08257086
0.1269522
0.1655133
0.03201638
0.07708321
0.264417
0.426168
0.3220314
0.3686796
0.2958154
-0.0666375
0.0003908301
-0.08312903
0.05406243
0.2083961
-0.1794733
0.1519471
-0.23624
-0.2932828
-0.3605151
-0.306095
-0.1751461
-0.3305779
-0.3392443
-0.3494691
-0.01512216
0.04963843
-0.2096302
-0.3037352
-0.05771172
-0.1418581
0.02939418
-0.2081515
-0.1593724
0.1417782
0.5791775
0.5157714
0.2637185
0.262944
0.2770222
-0.07745476
0.3203393
0.1494534
0.2225143
0.2577754
0.09819323
-0.3852879
-0.07451404
-0.1174854
0.005634704
-0.2144395
-0.04843398
-0.09078606
-0.1468846
0.03504963
-0.1184435
0.01615553
0.001981258
-0.1984065
0.1519461
0.2195016
0.1061432
0.1427985
0.1903588
0.355496
0.1725057
0.2581936
0.004252515
0.2589675
0.2958704
0.2449565
0.283218
0.1916014
-0.2044877
0.05069147
-0.1339196
0.2427156
0.07103318
0.1128875
0.0673348
0.1337518
0.3690741
-0.1259674
-0.0455012
-0.1808555
-0.04992519
0.1603254
0.2355885
0.06745288
0.2335664
0.1129003
0.3906402
0.3151368
-0.2104113
0.1612222
0.1170572
0.02183596
0.1777221
-0.1275156
-0.3165722
-0.1932366
-0.141778
-0.2486802
-0.4689639
-0.2525004
-0.3454034
-0.3477351
-0.1338804
0.08265176
0.04303054
0.1045097
-0.2354445
0.0676444
-0.09616564
-0.2096881
-0.1037154
-0.08967292
0.2661094
0.3201992
0.08513079
0.6512848
0.5273701
0.415039
0.1877531
0.3618699
0.5215784
0.3824005
0.1484914
0.05946747
0.3843988
0.2122077
0.01267945
-0.09541891
0.09843069
0.1974201
0.3623236
-0.3187983
-0.1384721
-0.07594633
0.3785173
0.4645534
0.2649309
-0.2123427
0.302434
-0.1085817
0.2064234
0.0004566415
-0.08244913
-0.3019757
0.0999637
0.09800904
0.05631643
0.04272698
0.2342139
0.1196607
-0.1082781
0.09538498
0.3522405
0.1715499
-0.02629591
-0.116763
-0.02800994
0.1982632
0.002191222
0.04917352
-0.04356501
-0.07796535
0.1019987
0.009975555
-0.116274
0.1700545
0.2496687
0.226386
0.4670736
0.4512577
0.2249705
0.4331098
0.3318392
0.3206651
0.3265214
0.4103231
0.1957956
0.1029725
-0.1169958
0.06655401
0.1336036
0.211589
0.05682153
0.164237
0.213316
0.3096941
0.1735168
0.1133998
0.3918605
0.3995178
0.4069073
0.1023926
0.2633511
0.4018895
0.2547336
0.01961517
-0.06097294
-0.05160813
0.1941615
0.2075165
-0.03687284
-0.1175114
-0.1803311
0.2568109
0.3011639
-0.1185631
0.1647801
0.1049295
0.2832153
-0.2033352
0.03134853
-0.1248564
0.1549651
-0.02870316
0.02649753
0.04528954
-0.1557745
0.1141712
0.1037736
0.1406416
-0.06872787
-0.2327341
-0.06790681
0.1689357
0.1986215
-0.03668183
0.5810711
0.5418818
0.08841148
0.2425989
0.3769324
0.2952583
-0.05967516
-0.07563165
0.1422018
-0.03087639
-0.1396306
-0.08514451
-0.2401102
0.1615452
0.06559601
0.05908203
0.3220742
0.007433437
-0.004916047
0.2631012
0.6101002
0.2535225
0.1672436
0.7086907
0.444103
0.08615105
0.02002114
0.3640952
0.1644985
-0.2251572
-0.2533251
0.06295881
0.5455666
0.2713806
-0.09072235
-0.003161834
0.1603759
0.3710462
0.4586641
0.1553002
-0.112631
0.2556855
-0.09708279
-0.2581897
-0.1993908
0.05972596
-0.2297727
-0.2019444
-0.2157924
-0.286935
0.1598828
0.1191437
0.115889
0.3383578
0.278238
0.1486546
0.5381402
0.1714087
0.2860738
0.215897
0.2679735
0.1433081
0.2695191
0.1914688
0.05944097
0.1402991
0.2269384
0.3140453
0.1103545
-0.1266967
0.1917384
0.3269441
0.2845285
0.1327266
0.5610624
0.622429
0.4681989
0.5252364
0.4554662
0.4063265
0.3452185
0.201602
0.3190454
0.2272504
0.1581949
0.02622151
-0.167089
-0.1130317
0.1965329
-0.03245595
0.7180539
0.4586992
0.4206637
0.6527304
0.5127647
0.1020097
-0.144581
0.3106056
0.4777507
0.4374844
-0.0761628
-0.2050153
0.1234804
0.4329756
0.4240111
0.4638188
0.3746136
0.6057994
0.4126609
0.05443642
-0.1374602
0.4518121
0.4999163
0.4513199
-0.2484477
-0.2186681
-0.1031635
0.3735417
0.2112079
0.6212815
0.3768258
0.5727388
0.5265113
0.4557635
0.3097921
0.1036912
-0.05836837
0.002372314
-0.1746777
0.03326224
0.1571723
-0.01785835
0.5438078
0.6396312
0.6459779
0.4079831
0.04736889
-0.2426152
-0.1835532
0.3099124
-0.005391307
0.1570392
0.09124328
0.141931
0.6123231
0.303618
0.1080824
0.3130676
0.303064
0.3010299
-0.05832127
-0.0938673
0.3075138
0.4514786
0.469016
0.5954536
0.3035885
0.2776443
0.04349858
-0.02406239
0.1926915
-0.1771484
0.1189506
0.252351
0.1313037
0.6989781
0.09423688
-0.3662234
-0.3210758
0.5113267
0.05448447
0.15745
-0.00551961
0.1025229
0.1292483
-0.294791
-0.5252067
0.3589191
0.2408825
0.2451785
-0.05595239
-0.1355726
0.493008
0.433841
-0.4542517
-0.465574
0.003953743
0.277972
-0.04701163
0.5393052
-0.3541589
-0.237455
0.05603359
0.4231642
0.1177547
-0.5684626
-0.3912512
-0.09408334
0.3764848
0.3941327
0.5340366
0.2747399
-0.3163546
-0.03041999
0.4412352
-0.2967682
0.03571996
0.08904164
0.2412206
0.4637919
