0.6844221
0.437691
0.5867922
0.2713247
0.08233627
-0.02048454
-0.4035227
-0.3533766
-0.1104283
-0.1296502
-0.01982767
-0.3976493
0.5455149
0.0894491
0.2674402
-0.3359217
-0.2062065
-0.3195359
-0.1874434
-0.2311658
-0.3332769
0.141052
-0.2766538
-0.1804352
-0.4675935
-0.3855227
-0.213788
-0.3720035
0.05430677
-0.09138732
-0.03984284
-0.001607099
0.1281149
0.02280348
0.002275921
0.1633359
-0.2874962
-0.2582013
-0.08694098
-0.1031061
-0.05923784
0.09423317
-0.3877347
-0.08056702
0.04424379
-0.1811706
0.02230052
0.2407727
-0.04051667
0.6189562
0.7221767
0.5121499
-0.07103489
-0.1041523
0.32003
-0.3743641
-0.4117631
-0.2460561
-0.3954788
-0.1209486
0.1299571
-0.105507
-0.2980593
0.6004514
-0.09515123
0.3104735
-0.4734211
-0.3824796
-0.2246092
-0.4066184
-0.06033791
-0.1152379
-0.4835561
-0.2794956
-0.1751009
-0.3568309
-0.3866658
-0.1446353
-0.3655233
-0.07097115
-0.2309443
-0.2829626
-0.3408593
-0.1711313
-0.2300504
-0.1738351
0.1233225
-0.0973962
-0.3142353
-0.193813
-0.3183591
-0.4684628
-0.03641879
-0.1765976
0.2795407
0.5227809
-0.1318219
-0.1532077
0.198241
0.5090702
0.6332401
0.3105475
-0.08769999
0.04702301
-0.04328576
-0.0006456735
-0.4155964
-0.2857506
-0.2873158
-0.2139179
0.5161648
0.3804507
0.3034207
-0.1877701
0.02121638
-0.1638729
0.2183873
-0.2614045
-0.4735728
-0.1044125
-0.001875427
0.1635188
-0.2200513
-0.1250895
-0.3572838
-0.5261873
-0.2663347
0.06063469
0.1011836
0.1571713
-0.0904499
0.123233
0.1123774
-0.0899521
0.1462157
-0.2440748
-0.3196873
-0.3013308
-0.1769543
-0.001805475
-0.1505957
0.2873201
-0.1657886
-0.2892418
0.2760234
0.3004676
0.2422251
0.7727847
0.7914916
0.6827203
-0.06646556
-0.02314239
0.2613118
-0.02987624
-0.1051618
0.1847186
-0.06181291
-0.1842316
-0.107814
-0.371295
-0.1684316
0.5831794
0.003977917
0.3251205
-0.1603721
-0.03478968
0.1945834
-0.3625529
-0.3618538
-0.09187249
-0.1582148
-0.4126178
-0.1311534
-0.1535722
-0.6020575
-0.3441535
-0.05320519
-0.1287973
-0.2342397
-0.22284
-0.5713032
-0.152679
-0.3941879
-0.2921163
0.03428614
-0.2400223
0.07492611
-0.2499501
-0.4840351
-0.2902577
-0.3765279
-0.3878851
0.3366301
0.5129585
-0.2864966
-0.3289946
-0.05490543
0.2257449
0.1417827
0.1464739
0.07533301
0.0334432
0.1064076
-0.1798059
-0.08623771
-0.05477658
-0.05178588
-0.01722573
-0.2040017
0.05006777
-0.08166495
-0.1772185
-0.2605849
0.1699434
-0.07668786
-0.1179776
0.1992507
-0.1643146
0.07689566
-0.205761
0.01719046
-0.216069
-0.4086702
-0.3902051
0.08352829
0.08272049
-0.04733426
0.01607065
-0.074216
-0.08240106
-0.2009824
0.03885588
-0.3336339
-0.215983
-0.00110421
-0.02277109
-0.2957088
-0.1963
0.2423778
0.03211834
-0.2692064
0.1180673
-0.04271134
-0.1192545
0.3375882
0.4964039
0.1905675
0.2246439
0.08521872
0.0796942
0.09711388
0.0298272
0.1928762
-0.01767328
0.1089449
0.08163745
-0.1641425
0.009701519
0.2447797
-0.05166661
0.03573603
-0.124656
-0.004073418
0.163176
-0.1795154
-0.1677219
0.1841381
-0.0623449
-0.1854231
0.001570965
0.0466459
-0.2587784
-0.08872745
0.04590093
-0.008328812
-0.1575628
0.1216754
-0.1661143
0.1621623
-0.05102629
-0.1067362
-0.1554072
-0.0586265
0.08871864
-0.1758458
-0.2489615
-0.1700003
-0.1386133
0.04987906
0.05441589
0.1109538
-0.2692884
0.008597595
0.1195195
0.4837064
0.1418009
0.09541823
-0.1989536
-0.1086357
-0.1292707
-0.1076558
-0.03321367
-0.1967797
0.5286467
0.4351708
0.5358223
-0.4341677
0.01540473
0.007342542
-0.06453498
-0.267565
-0.2146095
-0.2008674
0.004120502
0.1244105
-0.4456211
-0.3401735
0.01375248
-0.2953546
-0.1249738
-0.2478877
-0.1828024
0.052448
-0.118728
0.1148676
0.3194563
-0.2280595
-0.1600616
-0.2375352
-0.12404
0.02687281
0.01281248
0.06385015
-0.2904755
-0.106129
-0.1682234
-0.2803014
0.4008759
0.5304172
0.3452918
0.7299769
0.7002638
0.7813346
0.0986918
0.0496944
0.6081807
-0.1520343
-0.1817461
-0.01289178
-0.1757819
-0.1518613
-0.06593228
-0.165923
-0.06643636
0.6607981
-0.0502364
0.6093325
-0.2439622
-0.09054935
-0.1227797
-0.2267815
-0.1668354
-0.0008546646
-0.305495
-0.4705526
-0.3513556
-0.3339465
-0.3631852
-0.1997905
-0.161177
-0.4111798
-0.1165794
-0.4198867
-0.6256728
-0.5340554
-0.4775759
-0.290782
0.2375558
-0.5438493
-0.2112459
-0.2380835
-0.381521
-0.4954778
-0.2701353
-0.3763769
0.2209547
0.5717422
-0.168812
-0.249139
-0.01608173
0.4034599
0.357931
0.2401497
0.2737846
0.08695918
0.02447937
0.1340336
0.04831272
0.0884654
0.1781778
0.09713093
-0.2071781
0.1743325
0.2336938
0.1225432
-0.1989788
-0.08222019
-0.07872815
0.2337363
0.08806088
-0.3026414
-0.1778258
-0.01105795
-0.159755
-0.08557776
-0.2417433
-0.2726157
-0.07484541
-0.3898175
0.1644642
0.07180128
-0.2812163
-0.1339978
-0.2963944
-0.1437207
0.09046972
0.01567821
-0.204675
-0.2373465
-0.1344323
-0.1869942
-0.229765
0.2456743
0.1787872
0.1583334
0.3780412
0.280754
0.4766034
0.3867845
0.5509844
0.4054681
0.1965441
0.1687021
0.2877377
0.2626942
0.1987955
0.1751786
0.1943051
0.01559303
0.1598481
0.07215241
0.2059736
0.1919566
0.2359654
0.1983303
0.2425303
0.004482312
0.007986254
0.1199251
-0.3852659
-0.2732634
-0.05762371
-0.3260057
-0.1402308
0.1141917
-0.4794911
-0.05263996
-0.1283168
-0.5689797
-0.2372653
-0.5345572
-0.4382595
0.1255797
-0.4309093
0.09394308
-0.2290482
-0.2208976
-0.3309424
-0.4149308
-0.1833917
0.2640164
0.1339819
0.07001333
0.004682622
0.06993781
0.4072393
0.002612341
0.0194318
0.4390093
0.09066127
0.443151
0.01825277
-0.2441128
-0.2225245
-0.1639037
-0.2258292
-0.1603868
-0.07524976
-0.0703439
-0.04442578
0.07459823
0.4046062
-0.04088717
-0.06262503
-0.1375799
0.0857958
0.1281297
-0.01921985
-0.01494731
-0.288989
-0.04909807
-0.2359195
-0.2922961
0.006244751
0.03746975
-0.005452913
-0.2095115
-0.159628
0.2175802
0.2025067
0.1121093
-0.3013158
-0.2195459
-0.3370282
0.2890559
0.07409221
0.09639616
-0.03892583
-0.1711018
-0.09647789
0.002588322
0.07042528
0.5822726
0.4659908
0.2350456
0.04582359
0.02797717
0.2010989
0.06466625
0.3271243
0.4612538
0.4168202
0.2339484
-0.2621704
-0.1207099
-0.1233193
-0.05620566
0.0953814
-0.1306255
0.09016086
0.294649
0.001496967
0.1636831
-0.1112181
-0.2660715
0.1588892
0.08224693
0.2332375
0.0843165
-0.3327506
-0.03496242
0.04911758
-0.1900554
-0.3067526
-0.2045314
-0.1500501
-0.003659446
-0.1218223
-0.01298825
-0.2562548
0.180652
-0.3511187
0.01033937
0.1501109
0.3090372
0.0385941
0.1195249
-0.02016131
0.1303687
0.07411006
0.07761569
0.03351238
-0.02402033
0.07584403
-0.02152764
-0.3203069
0.1006854
-0.2284881
-0.03677839
-0.0891392
0.04235976
0.01694001
-0.01921044
-0.2966644
-0.09678943
0.07204887
-0.1410219
-0.1663563
-0.009290236
-0.1818494
-0.3923565
0.002496501
-0.222192
-0.1656566
-0.2147112
-0.0894632
0.325035
-0.05583709
0.09218323
0.002480372
0.331217
0.1732795
-0.02478481
-0.02068377
0.07617504
0.04234016
-0.03699528
-0.1800636
-0.2052492
0.1576587
-0.3467362
0.06109219
-0.1012066
0.002176887
0.01106681
0.3438216
0.2657537
0.1998702
0.2159126
-0.01469114
0.2982972
0.1306136
0.1807399
0.107443
0.2211094
0.1795046
-0.1649173
0.05678867
-0.189452
-0.0003148692
0.1192848
0.1436853
0.295842
-0.1445988
-0.07957463
0.09231143
-0.3615623
-0.07510046
-0.04724486
0.01675418
0.04319168
-0.07115309
-0.1382341
-0.2376894
0.2501954
-0.1525255
-0.2070317
-0.07585539
-0.1204478
0.3217418
0.02045782
0.1031562
0.3483976
0.1936852
0.03039157
-0.1957707
-0.2698112
0.1528677
-0.06889729
-0.08703501
0.1370476
0.1463852
0.8888774
0.02707418
0.2524566
-0.04078666
0.4404403
-0.2856836
0.03605361
-0.2004389
0.1711595
0.4581259
0.4440239
0.5591382
-0.1860797
0.06211809
-0.143853
0.5089533
0.3951587
0.1700943
0.3611706
0.08700624
0.02599509
-0.2450422
-0.1835623
-0.1774984
0.05841763
-0.3796594
-0.1500301
-0.1406701
-0.3942314
0.2917971
-0.03744818
-0.06849189
-0.003444193
-0.1964469
-0.467069
0.2353031
0.226519
-0.1709248
-0.1737874
0.2654427
-0.1998302
-0.07557279
-0.08294022
-0.174567
0.02744685
0.1263742
0.4932041
-0.06202065
0.6789082
0.831524
0.7288432
0.8871326
0.06041321
0.1088326
-0.0698382
0.3574351
-0.2679087
0.1348399
-0.07332607
0.5757828
0.652711
0.6501297
0.4247172
-0.02967791
0.1732815
0.5735476
-0.04629538
-0.0104127
0.2662708
-0.1234542
-0.2711395
0.4993535
-0.1633072
0.1101452
0.1146707
-0.06214477
0.3192457
-0.2796034
-0.253086
-0.2055853
-0.2566453
0.5374161
-0.03738467
0.1094731
0.3383573
-0.3730765
0.1077871
0.1071014
-0.4008386
-0.112525
0.09849864
-0.2805946
-0.07278921
0.2479393
-0.1081658
0.4465533
-0.3434233
0.03521705
-0.1226563
0.1232545
0.3999193
0.4832357
0.58288
-0.1948177
0.06156237
-0.1266615
0.5373669
0.385288
0.1841254
0.3481343
0.1354601
0.006703492
-0.3868678
-0.1706294
-0.1773342
0.09742561
-0.3777768
-0.04475452
-0.07895531
-0.422416
0.3421925
0.01457859
-0.08371642
0.00531614
-0.1258112
-0.3994697
0.2607766
0.2804445
-0.2147111
-0.2462677
0.2658176
-0.2204547
-0.07202713
-0.03107362
-0.1571862
0.0001204924
0.05904272
0.4411929
-0.05692578
0.6723576
0.7509182
0.7101226
0.8843929
0.02315632
0.09091173
-0.1823867
0.4144971
-0.1902674
0.2197854
-0.001790365
0.5140698
0.755598
0.7150406
0.364871
-0.05692297
0.2621864
0.5975873
-0.03641355
0.01208032
0.1514954
-0.08611232
-0.3541148
0.5393887
-0.1745024
0.1712666
0.1086536
-0.04689777
0.2725228
-0.2382068
-0.1635745
-0.09269991
-0.2083593
0.5953401
0.002658252
0.06274195
0.3822334
-0.3279756
0.06391116
0.0944938
-0.381382
-0.1896296
0.05689555
-0.2868562
0.4261595
0.7155281
0.002826221
-0.3072949
-0.3552168
-0.2840747
0.04125301
0.02226399
-0.02773401
-0.3708702
0.05148171
0.5260564
0.3565867
0.004828339
-0.2053127
-0.3559729
-0.1427411
0.1951292
0.3805359
0.3020651
-0.2919558
-0.4523155
-0.3734724
-0.08518094
-0.4253695
-0.2533748
-0.0267377
-0.5203701
-0.2844224
0.1478491
0.2871259
0.1494503
-0.343528
-0.4793499
-0.6374547
0.367657
-0.07615865
-0.3529321
-0.03400379
-0.1078749
-0.3256011
-0.1133391
-0.3117841
0.3581861
0.2813746
0.108455
-0.07002907
0.08588117
-0.02846902
0.05759433
0.6216719
0.4497389
0.5158577
0.007865879
-0.263648
-0.2224048
-0.2479905
-0.02156217
-0.1287566
-0.3324352
0.4231967
0.6421736
-0.05728546
-0.0831326
0.2877939
0.02103873
0.03218504
0.1851677
0.3301012
0.06374119
-0.04976217
0.03112915
0.07256298
0.2147093
-0.02420864
0.1060958
0.1228442
-0.01268744
0.03978935
-0.3846538
-0.06709446
0.1478841
-0.2743408
0.3076998
0.3684972
-0.2688027
-0.1691849
0.2319856
0.4680408
0.2470097
0.5306944
0.2316038
-0.1688902
-0.1296021
-0.1888352
0.009641536
0.02588974
0.1789367
-0.05751771
0.08773237
0.2351805
0.3218944
0.3566369
-0.2731327
-0.2009855
-0.1972223
0.1127829
0.1599177
0.05529289
-0.2720324
-0.2580445
-0.2133846
0.07990075
-0.2643615
-0.3042778
0.01472375
-0.382026
-0.002776871
-0.01083271
0.1047076
0.02615251
-0.07642628
-0.2580462
-0.1993783
-0.005862073
-0.146911
-0.1746303
-0.09566959
-0.05509882
-0.09493579
-0.06431249
-0.2725113
0.2067587
0.1210603
-0.04614238
0.03407668
0.213386
0.1134963
0.2510414
0.2136613
0.3260593
0.3050094
0.1359234
-0.1030367
0.1245129
-0.2343092
-0.006960026
0.1004606
-0.04427499
0.2884558
0.3567098
0.1420394
0.002447314
0.2209834
0.03350094
-0.104051
0.0101838
-0.0364532
0.1441735
-0.03880739
0.08883601
0.01844756
0.2027738
0.1051715
0.1117784
0.3059463
0.01486462
0.1729273
-0.2001195
0.1661653
0.1116873
0.04759613
0.1492116
0.300481
-0.2900405
-0.1279946
-0.06856334
0.5021978
0.1646644
-0.08139766
-0.2560143
-0.2322078
-0.2899794
0.0509649
-0.1050605
0.01077797
-0.3881291
0.2553187
0.4420188
0.541745
0.1045592
-0.2839501
-0.3834785
-0.2428026
0.2291083
0.3468265
0.1966053
-0.2428852
-0.3145538
-0.4501041
-0.1512842
-0.4598509
-0.2629403
0.03116221
-0.589815
-0.3205177
-0.03428008
0.2534799
0.3303372
-0.2398962
-0.5418616
-0.5527073
0.2187147
-0.04671983
-0.3080676
0.06083539
-0.0524525
-0.1866558
0.03451728
-0.2766642
0.3935535
0.2583201
0.07863252
-0.1609547
-0.01070347
-0.0005981551
-0.09339498
0.4852508
0.4025674
0.6144025
-0.07810107
-0.1130452
-0.06935765
-0.3992011
-0.03272369
-0.146766
-0.3694152
0.3206004
0.5612057
-0.01165313
-0.1339519
0.1475702
-0.04214077
-0.07862289
0.09724105
0.4078865
0.06289435
-0.1145409
-0.02711772
0.1021844
0.01040081
-0.11812
-0.03279742
0.1124012
-0.1133972
0.1246149
-0.3806416
-0.138856
-0.05429445
-0.3376987
0.2676617
0.3148714
-0.2785603
0.03566554
0.2678307
0.4848448
0.3336544
-0.3688219
-0.1138207
-0.04833484
-0.09373513
0.02884296
0.09797867
0.2160683
-0.1697026
0.1697555
-0.1494509
0.1785636
0.04343982
0.3166529
0.3292686
0.01299056
0.08082229
-0.2098668
-0.03292364
-0.0007044701
0.1616577
-0.1442106
0.162442
-0.1572841
-0.1917511
0.160117
0.1061836
0.127106
0.2494871
0.01444268
-0.3471293
0.2380636
0.02110942
-0.004834131
0.04948148
0.180631
-0.2105022
0.04200271
-0.1357111
-0.280811
-0.1135548
0.2294292
0.2541987
-0.1118043
0.4959887
0.4019377
0.1851201
0.32237
0.005098076
-0.1136709
-0.05960348
0.6711495
-0.2698429
0.1183426
-0.007581759
0.2096442
0.427906
0.2180561
0.2426046
-0.08613975
0.2191282
0.4002891
0.01586977
-0.1158069
0.2610559
0.1467952
0.01777665
0.3583758
-0.1341556
0.1236248
0.3889643
0.02866161
0.0983318
0.007158326
0.06848005
-0.06494788
-0.1198548
0.2095452
0.1653833
0.3789779
0.2836724
-0.2125917
0.09713149
0.006149779
-0.346423
0.09688202
0.2150607
-0.131641
0.379649
0.4768357
-0.2018989
0.0961081
-0.05140514
0.03246677
-0.1855005
-0.3550114
-0.2571007
-0.05438027
0.1476083
-0.1716064
-0.3404697
-0.08999849
-0.2493678
0.23643
0.1683343
0.105717
0.312449
0.1681937
0.1289606
0.3629158
0.1739048
-0.03048752
-0.2053034
-0.2990027
-0.3460243
-0.1267435
0.3412428
-0.1238847
0.08614672
-0.1126606
-0.0360503
0.1821752
0.5581355
0.2147125
0.6087815
0.5438424
0.5741088
-0.2063884
-0.2753897
0.2111417
-0.3726188
-0.3019454
-0.2878015
-0.2915804
-0.4373768
-0.1228728
-0.1887936
-0.3587673
0.6229077
0.03856625
0.4992127
-0.2745544
-0.2579021
-0.1874267
-0.4130237
-0.09710291
-0.04070372
-0.3423952
-0.112847
-0.07378624
-0.295489
-0.4504199
-0.4054616
-0.2948023
0.02809114
-0.01853911
-0.603548
-0.2722257
-0.130064
-0.244432
-0.1337516
0.1226125
-0.1817657
-0.1910597
-0.1641503
-0.4576947
-0.3414474
-0.1428317
-0.2684285
0.2314658
0.4869794
-0.2144724
-0.3560643
-0.009805245
0.326556
0.07794988
0.2618587
0.3771612
0.2891665
0.1033109
-0.4342986
-0.3974044
0.2665555
0.3015051
-0.04482494
-0.03478498
-0.1699615
-0.1656016
-0.1870711
-0.02527397
0.1019888
0.2932217
-0.1059051
0.2596439
0.3674713
-0.1330208
0.250319
0.1134607
-0.1061427
-0.2678518
-0.1665818
0.3051332
0.1008364
0.2478543
-0.3616954
-0.0432
0.1910987
0.1133697
0.6059754
0.3300465
0.2166884
0.5194145
-0.2355878
-0.1139517
0.09364767
0.01509914
-0.03972859
0.1481361
0.02916031
-0.3061228
-0.2415564
-0.1861851
-0.154283
0.3757497
0.3575836
0.28525
0.1446624
0.1954053
0.2313188
-0.04441185
-0.3344441
-0.02238372
0.04204089
-0.3408858
-0.1109513
-0.1204042
-0.3247393
-0.2421355
0.03389672
-0.1978167
0.1834933
-0.3284221
-0.4702728
-0.2552076
-0.358078
-0.1843522
0.2058973
-0.2757372
0.1686937
0.02853114
-0.2471001
-0.07664184
-0.3540781
-0.3831828
0.2328819
0.2980691
-0.1320464
-0.3220538
-0.1114866
-0.1523118
0.1354692
0.2027636
0.1326577
-0.03501091
-0.2518975
-0.3247166
0.04266138
0.1925368
-0.1433072
-0.2179129
-0.0002416538
-0.30137
-0.2592214
0.1298647
0.05339545
0.5878599
0.1221363
0.2664093
0.5482513
-0.1806767
-0.04184036
-0.1614285
-0.04082876
-0.1880706
-0.2599289
0.29131
-0.08620247
0.04557473
0.0365221
-0.0197227
0.25485
0.2927482
0.2201173
0.3771409
0.2090824
0.4405369
-0.02982598
-0.1890788
0.5032286
-0.2412017
-0.3305551
-0.3412581
-0.2211766
-0.1121731
-0.1553517
-0.2991859
-0.1271089
0.6087296
-0.03118514
0.8296334
-0.08320374
0.06576325
-0.03047448
-0.0780133
-0.1290974
0.1406011
-0.127037
-0.04484068
0.0719955
-0.43493
-0.1710036
-0.4030921
-0.130674
-0.07630169
0.194386
-0.3145035
-0.3347247
-0.2953011
-0.01779721
-0.1809574
0.3035607
-0.3833448
-0.0563514
-0.1444131
-0.2929954
-0.2206667
-0.0862567
-0.08906998
0.164582
0.2497892
-0.1782699
-0.3804737
-0.2881138
0.2951416
0.3865148
0.3076059
0.406724
0.1222145
-0.003011182
0.3049057
0.09219008
0.2584394
0.4139521
-0.09979281
0.1093938
-0.1033812
0.486414
0.2550941
0.2043091
-0.2156408
-0.07737265
0.2082805
0.0116326
0.1482466
-0.2073747
-0.1286608
-0.1985048
-0.06838449
-0.06042172
-0.01981236
0.005893537
0.02027847
0.1329769
-0.3482442
-0.2560616
0.08455246
-0.4472977
-0.3998407
-0.3263137
-0.1902129
-0.07206064
-0.2780231
0.1683322
0.1603764
0.1415975
0.1525521
0.01596131
-0.1918583
-0.06163337
-0.2151664
-0.2134568
0.3414985
-0.2505481
0.556789
0.2365933
0.2390384
0.2499333
0.03149591
0.2244886
0.2186403
0.3935766
0.3372484
0.3118954
0.05452782
0.02256077
0.5164545
0.102491
0.2892154
0.1056953
0.2634212
0.2651368
0.1348445
0.1590471
-0.04042491
0.1695712
0.2476132
-0.1154975
-0.1251804
0.1484732
0.01153878
0.1345696
-0.2332333
-0.3981375
-0.2761632
-0.01548683
-0.1016506
0.4976513
0.4401062
0.1749878
-0.02845046
-0.281867
0.3462513
0.3778625
0.1210907
0.12196
0.1032607
0.1015043
-0.08567286
0.1241405
-0.0477871
0.2699896
-0.2731039
-0.08985158
0.2277969
-0.1993496
0.1937827
-0.1536267
-0.1874518
-0.1252231
-0.1026532
-0.05612049
0.05796033
0.1579869
-0.1477731
-0.1490686
-0.009691451
0.009943944
0.2432544
-0.01433318
-0.1137042
0.138903
0.007712042
0.2170425
0.05601215
0.2623209
0.3984429
0.274503
0.4424559
-0.04061671
-0.09570171
-0.09090223
-0.1545986
0.1147395
0.20596
0.1888947
0.5300449
0.3785191
0.3868503
0.3694558
-0.01990644
0.0521677
0.3794784
0.2025338
0.231645
0.01711464
-0.177082
-0.2960298
0.3076368
-0.02686217
0.4014703
-0.1877364
-0.06060555
0.1539117
-0.1610904
-0.2016852
0.1370792
-0.2342813
0.3609928
-0.190853
-0.2484994
0.2108031
-0.2681161
0.1215333
-0.1097703
-0.2093403
-0.148804
0.05788296
-0.2007181
0.5171167
0.2141185
-0.06698711
-0.2410683
0.6257278
0.3070375
0.1759378
0.1827668
0.2148501
0.07438581
-0.07336291
-0.05848184
-0.03620811
0.2978238
-0.1745856
0.07565591
0.5331641
-0.2565195
0.2482556
-0.0587974
-0.0226318
-0.09572539
-0.05659422
0.03970058
0.1930965
0.114602
-0.2018237
0.02221247
-0.08806089
-0.08699375
0.2677177
-0.2031233
-0.2940941
0.0250071
-0.04540027
0.1970545
0.1285274
0.3410159
0.2395483
0.2244117
0.4075126
-0.05195155
-0.1460864
-0.04900397
0.007509369
-0.04910941
0.392677
0.2151743
0.561411
0.605133
0.4601385
0.4418231
-0.06573482
0.2449238
0.4681299
0.09334513
0.249564
-0.04962204
-0.100671
-0.3851834
0.2986257
-0.2001785
0.4421175
-0.2145017
-0.09334407
0.06122451
-0.19465
-0.13889
0.1853112
-0.2153912
0.3990613
-0.07516783
-0.1631364
0.210572
-0.2031761
0.1032516
-0.01111314
-0.3674915
-0.1812921
-0.0267682
-0.0888476
0.04705766
-0.3528063
-0.2761264
0.3784214
0.5221137
0.361366
0.4368877
-0.1378807
-0.3309135
-0.3098049
0.1800945
0.2895169
0.5340719
-0.1641062
0.2059508
0.4025966
-0.1976754
0.7060149
-0.06849437
-0.07440893
-0.3034506
-0.3013731
-0.09630385
0.4915907
0.5247582
-0.1618473
-0.01617722
0.125674
-0.1991548
0.1220023
-0.01229664
-0.09760932
0.1842528
0.008307787
0.1202022
-0.01673511
0.5443387
0.3732693
0.4925824
0.553758
-0.2168078
-0.08944841
-0.2728552
0.2304472
-0.06655788
0.3505377
0.1984422
0.4418888
0.6341168
0.7973636
0.1227807
-0.2309406
0.2283834
0.6319325
0.04664924
0.2916073
0.237363
-0.2396657
-0.5655998
0.3152609
0.01577715
0.3026606
-0.1328536
-0.1067286
0.3036707
-0.1229794
-0.2508916
0.03534455
-0.1877086
0.7521394
-0.1376963
-0.09221316
0.4445805
-0.3926184
0.06833317
0.1762222
-0.3223211
-0.2973967
-0.2255124
-0.2100986
0.02229206
0.2375196
0.04026527
0.02481039
0.1822758
0.0451022
0.05266587
0.1508022
-0.156063
0.2796332
0.3029247
-0.02599551
0.1198228
-0.1417944
0.1256832
0.03190406
-0.0009155931
-0.08294687
0.008951491
-0.1147581
0.0128915
0.2300869
-0.01270463
0.06094483
0.1146093
0.1870148
-0.4203238
-0.2102028
0.2360289
-0.2972525
-0.2789669
-0.313507
0.03667675
-0.08685674
-0.117404
-0.2039287
-0.3009234
-0.1287944
-0.2674993
0.07454228
-0.1573726
0.1589822
-0.301561
-0.1285495
0.1540302
-0.213643
0.1178222
-0.005333054
-0.1020621
0.08631742
0.08336133
0.1027135
0.09008458
0.3143353
0.3256013
-0.01047316
0.2070138
0.1600146
0.02888001
0.1951262
0.2117829
0.003508675
0.07436798
0.06376251
0.2367325
0.1571133
0.04106288
0.2938333
0.009725879
-0.08140566
-0.1754627
0.04862286
0.2740852
0.3211035
-0.3216169
-0.08339334
-0.02415856
0.06742584
0.2452519
0.2642632
0.1565107
-0.1433963
-0.03594612
0.05271381
0.3793289
0.7114772
0.03562695
-0.08687249
-0.185801
-0.2296791
-0.2161911
-0.4594842
-0.2326104
-0.2388527
-0.3408443
-0.3452116
-0.03845561
0.5018186
0.3678343
-0.4245125
-0.3452472
-0.4319938
0.2083167
0.05682742
-0.07696292
0.2027829
-0.09484781
-0.2653983
-0.1940457
-0.3179244
0.152167
0.2340931
-0.09603103
0.04612783
0.2885983
-0.1131236
0.04564577
0.3240795
0.005147305
0.116869
0.1676294
-0.3344977
-0.179675
-0.244447
0.1539397
-0.0324342
-0.3245566
0.1985772
0.3906104
0.1346171
-0.02978112
0.2436238
-0.1638248
0.1819701
0.3243895
0.5345031
0.2469154
-0.1170075
-0.006470305
0.2086926
0.2429854
0.05124019
0.04699067
0.1097606
-0.3665859
-0.09131207
-0.2182254
-0.183407
0.1436556
-0.1279817
0.2123668
0.2774077
-0.3558804
-0.2952857
0.3123346
0.3180932
0.06159448
-0.1301363
-0.2844904
0.04549974
0.06768401
0.1512628
0.2869699
0.06685823
-0.08996657
0.02874588
-0.3009952
0.03225265
-0.4094617
-0.3441378
0.0009664592
-0.3477734
-0.2343697
0.149408
0.1506023
0.171463
-0.1720726
-0.361435
-0.3227006
0.449854
0.2051905
-0.3387776
-0.1282953
-0.2635944
-0.2186862
-0.0468387
-0.3138834
0.1870869
0.1111743
-0.1220969
-0.2801256
-0.1108826
-0.1102675
-0.1842965
0.1579693
0.465505
0.3129318
-0.09222762
-0.2908332
-0.2917476
-0.4071462
-0.100255
-0.2498981
-0.2815762
-0.1868372
0.4580792
-0.1126063
0.02097978
0.2073423
0.01631549
0.1521181
0.1555089
0.2914348
-0.001776811
-0.0335031
-0.1215818
0.0525497
0.1012811
-0.008949455
0.06509417
0.2179044
-0.3492031
0.2798804
-0.1998233
-0.2376828
0.06612979
-0.2871084
0.373496
0.3513295
-0.09240851
0.01108264
0.04233172
0.01108567
0.1305478
0.08842893
0.05802923
0.1107432
0.06096041
0.1498878
-0.1457649
-0.09558122
-0.01617755
0.175789
-0.2697004
-0.04495293
0.1852179
-0.07471861
0.09913889
-0.1594195
-0.3410941
-0.1547978
-0.0644165
-0.1677365
-0.08819794
0.02156846
-0.2681482
-0.1516813
0.1448037
0.1069834
0.1648087
0.02892892
-0.08320099
0.03930855
0.1487652
0.3382795
-0.09757164
0.3394514
0.3816938
0.3614373
0.4725957
0.04987054
-0.2087859
-0.1168638
0.1708694
-0.122604
0.2813618
-0.07050097
0.4810485
0.5175409
0.4067745
0.3545659
-0.02550655
0.3548347
0.3662468
0.1326382
0.1215015
0.01651841
-0.2129791
-0.1742045
0.4017455
-0.1856977
0.1457154
-0.02376185
-0.04283053
0.1066017
-0.1723375
0.05641938
-0.06077442
-0.1294974
0.355323
-0.09610134
-0.1148945
0.07882672
-0.3275902
0.008018697
0.04758338
-0.2629842
-0.1606885
0.0937207
-0.004571722
0.1957782
0.3972261
0.1271655
-0.04810772
-0.3183691
0.1827898
0.2299597
0.3291223
-0.2113915
0.05079631
0.2682004
-0.3779663
0.5047856
-0.1134884
-0.1052024
-0.04067687
0.02079246
-0.1443317
0.3665869
0.4219249
-0.2154484
-0.0001885451
0.2308974
0.04193538
0.2906242
0.07973524
0.06202228
0.2617475
-0.1108896
-0.009868288
0.1293677
0.3498233
0.3412793
0.4284735
0.3932046
-0.2107673
-0.1177503
-0.2630063
0.09830407
0.1021128
0.06301604
0.291393
0.3772457
0.3982854
0.4052486
0.002136738
-0.09668152
0.1435278
0.4167416
-0.1718743
0.0686327
0.2337873
-0.1567094
-0.2512863
0.3110413
-0.05328181
0.3227796
-0.1760206
-0.2946173
0.07653565
-0.2914608
-0.2554532
-0.026842
-0.3845198
0.3972898
-0.2209681
-0.2062433
0.1323477
-0.311478
-0.02441847
0.07556481
-0.02778501
-0.1075932
-0.2469437
-0.2817831
0.6108305
0.05116873
0.1642358
-0.08196569
0.2693808
0.6124571
0.3389549
0.04937444
0.1651647
0.1635845
-0.006869799
0.5604972
0.2119338
0.1871833
-0.1372704
-0.1515958
-0.02746344
0.5954386
0.3548606
0.08555425
0.4778367
-0.01958626
-0.1878315
-0.02608403
-0.3865291
-0.544686
-0.2615745
-0.1319072
-0.04909505
-0.4200305
0.182719
0.1515765
0.05196798
0.1259238
-0.3427687
-0.214203
-0.2222338
0.1832041
-0.5468381
0.02014069
-0.1160132
0.3269117
0.3568676
0.301475
-0.141124
-0.1385365
0.09381241
0.579928
0.230253
0.2861007
0.4875861
0.1509976
-0.09872234
0.1942438
0.08315321
0.1729237
-0.04033216
0.1914829
0.2077185
0.1253852
0.1541067
-0.1391041
0.09394964
0.5463874
-0.03852062
0.2384435
0.4538088
-0.07236023
0.06851249
0.09872825
-0.3769465
-0.04555374
-0.3654207
-0.2532494
-0.01683693
0.1175548
-0.2347522
0.2189674
0.4274951
0.2817525
-0.2647218
0.02648792
0.1313791
-0.1292872
0.5007138
-0.01867112
0.3338543
0.1959454
0.01218523
-0.3245932
0.4362616
0.175712
0.2041721
0.3559337
0.04331593
-0.3083608
-0.03544723
-0.4096728
-0.4061209
-0.08174933
-0.006890525
0.08477648
-0.2625452
0.4818039
0.352421
0.3884588
0.3187394
-0.1604906
-0.08681825
-0.2576178
0.363259
-0.4200939
0.1730072
-0.1426333
0.4613086
0.3887872
0.3614194
-0.04175562
-0.1237757
0.1820196
0.5373026
0.04970885
0.1034719
0.7376528
0.103854
0.09235346
0.5303614
-0.1096062
0.2234532
0.1658648
0.0655089
0.1170848
-0.03068452
0.06279077
-0.2421481
-0.1155711
0.4745251
-0.2318033
0.291896
0.337252
-0.125964
0.113145
0.1081121
-0.3408085
-0.1573526
-0.2889757
-0.3236876
0.4244632
0.1202134
-0.2874208
-0.1731332
-0.2209765
-0.3549815
-0.2651148
0.08107695
-0.3736494
-0.1762402
-0.04083682
0.1989593
0.1616404
0.1878025
-0.104292
0.008129589
-0.2653657
0.1102334
0.2713358
0.06942464
0.06300331
-0.07111348
-0.1993952
-0.1675309
-0.1977504
0.1034377
0.169716
0.05084516
0.2047871
0.1564834
-0.0208998
0.06849015
0.006183068
0.1314166
0.215019
0.1857169
-0.1408908
-0.08404129
0.1005113
0.1850333
0.04675172
-0.1937633
0.1852099
0.2995527
-0.1334149
0.09340775
0.1932961
-0.1056166
-0.0765863
0.5649577
0.1554586
-0.002374407
-0.1319394
0.2736054
-0.04890812
0.1685104
-0.08318612
-0.1300428
-0.0363752
-0.1189872
-0.1221373
-0.08790198
-0.1785124
0.1345752
-0.05182564
0.3505458
0.2621854
-0.2227218
-0.1933382
0.003207126
0.02249372
-0.2537983
0.1696806
-0.07676582
-0.09809332
-0.2120345
-0.2184801
-0.3844685
-0.1903591
-0.0605415
-0.2916339
-0.1828055
0.05162185
0.4079615
0.4595628
-0.2423845
-0.2141137
-0.3923981
0.1393875
0.193235
-0.2219118
0.1953175
0.05330609
-0.3216057
-0.313904
-0.3160326
-0.09596502
0.1760681
-0.2709322
-0.05652874
0.2049256
-0.1353236
-0.0124646
0.09963614
-0.05841558
0.0920935
-0.02456331
-0.3250751
-0.07778346
-0.3113517
0.2567
-0.09985718
-0.3224469
0.1390209
0.3057345
-0.06613254
0.01498641
0.2694948
-0.1166932
0.2198358
0.3370046
0.5419302
0.1983558
-0.2038851
0.1313473
0.0367513
0.2928906
0.009512334
-0.07129733
0.1888866
-0.3411547
-0.006868954
-0.1844889
-0.2167673
0.1586253
-0.05317882
0.2750251
0.3095265
-0.2512425
-0.2338648
0.4166046
0.167841
0.03935843
-0.1498541
-0.1974684
-0.1402516
0.2483428
-0.1559956
-0.02811548
0.3705815
-0.1664171
0.07092718
0.155026
0.09423536
0.1737468
0.1550215
-0.01905567
-0.3060107
0.2073312
0.2247368
-0.2765283
0.03878005
-0.1568904
-0.2330601
-0.08188834
-0.1649065
-0.0214401
-0.09389052
-0.03909942
-0.1827105
-0.1934822
-0.3518118
-0.2156211
-0.1204855
0.2063793
0.3005239
-0.08420427
-0.1884984
-0.1678958
-0.1447639
-0.2321768
-0.436362
-0.3192334
-0.02062058
0.2436451
-0.2777563
-0.1979302
0.1647352
0.1369562
-0.06530185
0.06452513
0.01358835
-0.3982048
0.1106401
-0.1209236
-0.2693709
0.3208303
0.05998784
0.09694356
0.0904331
-0.009110664
0.2061289
-0.3060072
0.1432174
0.1174064
-0.01847915
0.2493251
-0.005439339
-0.0595368
-0.1047699
0.02499848
0.1110106
0.2204559
0.4700692
0.2700188
0.1208589
0.3589888
0.2327064
0.2761434
0.2074675
-0.09463168
-0.265699
-0.2767422
0.09625937
0.2633697
-0.00270284
0.2344086
0.03505859
0.1289264
-0.1245591
0.08805909
0.171284
-0.07297285
-0.1740574
-0.1184995
-0.1753361
-0.2180833
-0.1945905
-0.1129793
-0.2068635
-0.1158822
-0.2062025
-0.1724391
-0.2126396
-0.2810823
-0.2130283
0.1108765
0.1925503
-0.02610246
0.08221659
0.0001874321
0.01854876
-0.2221279
-0.1297154
0.1361457
0.02465569
0.2929317
0.1854869
0.2396635
-0.08415979
-0.09649791
0.2957214
0.2412816
0.106227
0.05575552
0.1621289
0.2183988
0.2242953
0.2911031
0.1606478
0.2001979
0.1313289
-0.0765075
-0.2281018
-0.005189173
-0.01366168
0.005558143
-0.06761084
0.0312101
-0.1286765
-0.1961268
-0.145751
0.4110002
0.09582104
0.232089
0.2789109
0.1612673
0.445348
0.04036158
0.05563378
-0.1762382
-0.07972227
0.1128709
0.3783388
0.4673862
0.04208852
0.4831009
0.00198559
0.01954247
0.1012059
-0.05565765
-0.1554906
0.004222286
-0.09532785
-0.2416802
-0.2633819
-0.04668432
-0.1268541
-0.002908829
-0.1704521
-0.3202814
-0.3158881
-0.3448942
0.01196406
-0.1884387
0.112343
-0.05185705
0.07188496
0.1068365
0.1160835
-0.3788222
-0.2578117
0.1638512
0.235123
0.04956025
0.1482314
0.390761
-0.08599544
0.05047167
0.1156957
0.1774194
0.1595066
-0.06586901
-0.03321659
0.0762687
0.09729638
0.1077868
-0.09872424
0.1476641
0.3491517
-0.1855946
0.02722697
0.1656826
-0.09331068
0.04991317
0.2101676
-0.01792814
-0.09225014
-0.3790611
-0.005750004
0.1095483
0.225287
0.4573013
-0.04643829
0.3836308
-0.150856
0.03532919
-0.1555591
-0.3052766
0.06689486
0.3220738
0.3024599
-2.243302e-05
0.2142062
0.1118399
0.02100734
0.1358341
0.02474508
-0.1291855
0.2283278
-0.1043785
-0.2199057
0.133719
0.06487367
-0.003433569
-0.13072
0.06128284
-0.3226825
-0.240423
-0.3839661
0.05961885
0.136647
0.09492389
0.5277227
0.2443904
0.2717759
0.328156
-0.03705392
-0.1739941
0.2502395
0.3170304
0.06572226
0.2942273
0.02603996
-0.1973916
-0.4256523
0.0666292
0.1371699
0.3349541
-0.1965674
-0.1500315
0.1041258
0.0902113
-0.1623577
0.0472436
-0.2820587
0.3422192
-0.1116993
-0.117751
0.2014405
-0.2798554
-0.004046818
0.2331393
-0.2299383
-0.2373657
-0.3618263
-0.244038
0.09227311
-0.07989406
0.3828952
0.01841949
0.3033562
0.08156255
-0.1369197
-0.05508812
0.4684048
0.1184085
0.2065603
0.1033961
0.01520786
-0.2581345
-0.04580062
-0.1009948
-0.1235031
-0.04386317
-0.2079948
-0.2246912
-0.4640829
-0.04754821
-0.4696747
-0.5078644
-0.5184527
-0.3851877
-0.08491463
0.03660288
-0.07262883
-0.165359
0.009426746
-0.2346221
0.06436404
-0.5298398
-0.3468925
-0.1738346
-0.2791171
0.08023804
0.04884196
-0.2170622
0.1322972
0.399835
-0.271673
-0.1180188
-0.2719063
-0.5680198
0.5557194
-0.1205823
-0.161022
0.2320516
0.2541521
0.6175544
0.3662277
0.2410431
0.2844508
-0.2083534
0.4563366
0.001356521
0.1482882
0.248994
0.0802009
-0.1155649
0.04750914
-0.04922261
0.03635956
0.2568397
0.371331
0.2886429
0.2664749
0.4473799
0.06794895
-0.2055109
-0.04817205
0.4766954
0.2286225
0.2336559
-0.2241734
0.06439158
0.2864279
-0.02661276
0.2103001
0.1422417
-0.08686286
0.1968259
-0.007076207
-0.05804973
0.04043856
0.04478599
-0.1961213
-0.03739058
-0.06884036
-0.1469204
-0.1724238
-0.1539718
0.105166
0.1525069
0.3710338
0.1947801
-0.1218595
0.2541502
0.1311317
-0.0529958
-0.3396607
0.07398763
0.05142479
-0.1514756
-0.07009731
-0.04181694
-0.01838988
-0.2402968
-0.02410023
-0.08176416
-0.04185461
0.1154239
-0.05048688
-0.1611148
0.009858316
0.1344287
0.6270896
0.0839259
0.2587785
0.3632564
0.2085843
0.08232593
-0.2366145
-0.3140393
0.3268297
0.1708394
0.02732156
-0.2088496
-0.1267828
-0.04502383
0.3021271
-0.1204398
0.001284425
-0.1912227
-0.1177852
0.2569367
0.1528913
0.09907783
0.005538759
0.1546159
0.09589011
0.2278762
0.2933965
0.06034027
-0.02318233
0.3660966
-0.0561428
-0.1128221
0.2764421
0.008626193
-0.243605
-0.1114551
-0.1208173
-0.2282133
-0.2366307
-0.172638
-0.07415479
0.2124032
0.3438327
0.4965905
0.1429519
0.358492
0.1563249
-0.001633814
-0.2517616
0.1837837
0.1792272
0.005653939
0.07619913
-0.01119195
-0.1409094
-0.3257342
0.08205478
-0.2563557
0.3776482
-0.3863034
-0.2089879
-0.2510389
-0.2093275
-0.1895405
0.2426369
-0.2852293
0.2986228
-0.2500787
-0.2031838
-0.1020838
-0.1875815
-0.07482834
0.267869
0.06749692
-0.1806664
-0.4525535
-0.144791
-0.07021825
0.3015029
-0.0720486
-0.1604765
0.1045034
0.3836403
-0.04420431
-0.01541285
0.01994548
0.03254358
-0.1418994
0.05929083
-0.2200838
-0.09256717
-0.07777231
-0.1531501
-0.1244703
-0.2064874
-0.2420183
-0.3316997
-0.3743154
-0.286698
-0.3153117
-0.08820603
-0.007160711
0.06721774
-0.201699
-0.04116571
0.09466601
-0.3344812
-0.3968895
-0.3014884
-0.2362336
-0.1971806
0.03733142
0.03193686
-0.2972694
0.1906115
0.1605765
-0.01490303
-0.05371995
0.0556337
-0.263445
0.3024218
-0.220768
0.08415294
0.3621115
0.1305177
0.3467903
0.465677
0.2310979
0.4391637
-0.1272184
0.2720809
0.1696394
0.1085426
0.1752437
0.00118813
0.1303995
0.1610661
0.1131148
0.1095151
0.2754392
0.2571754
0.002676545
-0.2060592
-0.1703188
0.03405569
0.7787003
0.6961455
-0.2013579
0.1101756
0.1248991
-0.1919601
0.06298935
-0.09218307
-0.174981
0.09637157
-0.1560643
-0.07719397
-0.2207656
0.4348697
0.2509897
0.3647572
0.3518504
-0.3394005
-0.2477778
-0.3973744
0.2713869
-0.2593415
0.1750209
0.001870226
0.2163681
0.4510664
0.6681056
-0.2046052
-0.4004338
0.06592857
0.5320015
-0.1163916
0.2453062
0.3685773
-0.07745642
-0.358133
0.1391557
0.1039982
0.1083577
-0.0490679
-0.05082793
0.2365515
-0.02942738
-0.1316606
-0.04021261
-0.09003859
0.7642797
0.03826596
0.08306498
0.5851229
-0.373569
-0.1524266
0.201678
-0.1384399
-0.1276376
-0.3447259
-0.2286028
0.3173986
-0.05291052
-0.06855875
0.544986
0.5033546
0.269469
-0.2497792
0.09393354
0.1759925
-0.373679
-0.05226821
-0.2217316
-0.3369901
-0.2184481
-0.2521981
-0.2186843
-0.2741263
0.02283231
-0.01640794
0.03062489
0.07203103
-0.1789925
0.009454234
0.02371517
0.2046101
-0.1738069
0.1164729
-0.1759615
-0.1815752
0.04458407
0.08400195
-0.01952109
-0.1981687
-0.1045424
-0.01489683
-0.1826056
-0.02567584
-0.09828707
0.2636533
-0.08868266
-0.2522618
0.2204917
-0.0477737
0.1953734
0.2389565
-0.05755564
0.2124223
0.2750879
0.3396923
0.3091008
0.1410523
0.7362254
0.5489891
0.4613831
0.08490835
-0.2461196
0.1420416
0.01560886
0.001906101
0.02259643
-0.1633041
0.2564909
-0.03434966
0.1397211
0.3200713
-0.2121108
0.511059
0.5440791
-0.01040538
-0.3646572
-0.1259926
-0.4316922
-0.366697
-0.1777571
-0.01040689
-0.04661638
0.07215139
0.07575006
-0.0498837
-0.1136728
-0.05450354
0.03347938
0.3352797
0.1097259
0.3296225
-0.2423734
-0.08647431
0.08634708
-0.1149101
-0.08760807
-0.154848
-0.002878454
0.1386747
-0.2651702
0.06923001
-0.02086205
-0.01274885
0.1508904
0.4116596
0.1139222
-0.1817746
-0.02630326
0.1285795
0.05277302
0.1520956
-0.1988343
0.1219471
-0.003911836
0.1034688
-0.009306526
-0.1133021
0.1255577
0.6063389
0.2436471
0.4663199
0.2679722
0.06780177
-0.2091654
-0.05021621
-0.1578602
-0.1404202
0.4047441
-0.3196106
-0.03377482
-0.2371699
0.1215799
0.08304928
0.05702928
0.01453117
-0.02453761
-0.1529817
-0.07700813
0.04015658
0.1255106
0.1732224
0.1440423
0.1101314
0.2146688
-0.00965389
-0.0286629
0.1557053
0.001587419
0.08369064
0.2473712
-0.1441583
-0.07053227
-0.09024929
0.06538822
-0.1228668
-0.3010724
0.05221993
0.03822046
0.08599115
-0.1381992
-0.3263047
-0.3878862
0.2108214
0.1877198
0.505483
0.1030464
-0.3366677
-0.09988002
0.2189851
-0.09769584
-0.2446748
-0.174459
-0.1086575
-0.2571154
-0.199572
-0.2782971
-0.06315881
0.3096188
-0.03482132
0.03158001
0.03778372
-0.08722589
-0.08584661
0.3220615
0.2806401
0.09441282
0.03377653
-0.1588127
-0.2330928
-0.008792451
-0.02640587
-0.1817613
0.2546232
0.1675725
-0.1326535
0.04433935
-0.1794219
-0.02718803
-0.01460447
-0.03961851
-0.06665518
-0.06755044
-0.14612
-0.207484
0.01978868
-0.08657326
-0.04769103
0.03060694
0.01164528
0.1085493
-0.2605406
-0.09287946
-0.2890235
-0.3466485
-0.09956535
0.05705519
-0.01363816
-0.1464371
-0.08002404
-0.1613304
-0.002120678
0.1843016
0.4497426
0.05813623
-0.109781
0.05686826
0.249154
0.08629355
-0.07840422
-0.09095584
0.2392996
-0.07741604
0.08251432
-0.2524874
-0.02839338
0.03277771
-0.02616989
0.1995708
0.1615775
-0.277433
0.1250183
0.2771337
0.311648
0.3375266
0.146555
0.1417108
-0.1268267
0.0924679
-0.05902658
-0.00252853
0.2535859
0.009261713
-0.08542011
-0.04444762
-0.3108615
-0.4881462
-0.004595714
-0.4601789
-0.5400412
-0.4356954
-0.395337
-0.279168
-0.0792915
-0.04467557
-0.2561507
0.3237304
0.219587
0.1379786
-0.3872167
-0.2561798
-0.231839
-0.2431988
-0.1186377
-0.163195
-0.3115431
0.00843632
0.1260734
-0.4460497
0.06202829
-0.2618646
-0.4166484
0.2601833
0.02781306
-0.1860895
0.1032833
-0.17405
0.2374233
0.265334
0.504147
0.3211734
-0.165384
0.4404932
-0.005257854
0.08936098
0.2656442
-0.2034427
-0.01569512
0.2715686
-0.1121931
-0.1338127
0.0491696
0.6183983
-0.1568712
0.2853463
0.1458337
-0.3193387
-0.01204182
-0.2754074
-0.3877111
-0.1075705
-0.2201029
-0.2236952
-0.1768356
0.3968745
0.1810484
0.2254402
0.2683887
-0.332231
-0.1761978
-0.2363594
0.3693971
-0.3202948
0.1085489
0.04578999
0.180602
0.2920942
0.4777726
-0.1002125
-0.3930476
-0.005649518
0.4111142
-0.1789306
0.185288
0.2362938
0.1527734
-0.2548641
-0.06216555
0.2081925
0.1558049
0.01685861
0.0597556
0.2043437
0.08142337
-0.1170072
-0.001334906
-0.01718519
0.540268
0.2563557
0.3124664
0.7417895
-0.1460505
-0.08926993
0.1602813
-0.2544872
-0.03219642
-0.2331149
-0.172547
-0.3573777
-0.05836488
0.1785231
-0.1324245
0.1076446
0.1721473
0.06380318
0.1123554
-0.2083836
-0.173858
-0.136022
0.2627118
0.1364981
0.3468706
0.2550512
-0.2946525
-0.2442944
-0.4510107
0.04632471
-0.01066999
0.1474287
0.01803644
0.07096108
0.331599
0.5426392
-0.217809
-0.5002637
0.07013977
0.2607019
-0.217857
0.2400663
0.09964459
-0.2851644
-0.3849392
0.04087232
0.2458052
-0.04741619
-0.02783185
-0.08865175
0.3944808
0.07074502
-0.07636809
0.04827722
0.02757389
0.5791747
0.1292317
-0.135601
0.5130292
-0.3342766
-0.1923666
0.1683673
0.004944715
-0.1043107
-0.2159637
-0.1177726
0.456635
-0.1759621
-0.0647817
-0.2355141
-0.3230139
-0.175911
-0.2188034
0.1408585
0.1687902
0.09485389
-0.1348676
-0.2060968
-0.3016356
-0.2159985
0.3071946
0.4898852
0.1480286
0.04441112
-0.1708728
-0.3138717
0.06433834
-0.1847629
-0.232213
-0.2799834
-0.08422661
0.4552904
-0.1829165
-0.03357632
0.3859148
0.158816
0.1053712
0.1456828
0.1199421
-0.05370776
0.04703116
0.02130413
-0.03113543
0.2212117
-0.0232622
0.2375572
0.09179998
-0.1345304
0.1094012
-0.2323264
-0.246022
0.1714864
-0.1049834
0.6421211
0.4973638
0.07821682
-0.07469557
-0.02556412
-0.207672
-0.04283081
-0.009408425
-0.09659801
-0.1096623
-0.3683611
-0.4392186
-0.1869423
-0.10775
-0.08848985
-0.2484222
-0.02677983
-0.03708073
-0.2230398
-0.2113205
-0.1692102
0.1184325
0.1562451
0.09743513
-0.3322206
-0.05316833
-0.01320819
0.1238566
-0.09825578
-0.1808892
-0.1180007
0.1671296
-0.07582806
0.1805884
0.1707052
0.0636034
0.3585625
0.3511373
0.166894
-0.04444755
0.1453983
0.194337
0.01088834
0.1453475
-0.01964988
0.1289272
0.09402707
-0.1880931
0.09432024
-0.001449581
-0.08915574
0.3570688
0.0686335
0.3741011
0.2928935
0.1486059
-0.1913959
-0.05545209
-0.3504687
-0.2200979
0.3133302
0.09626569
0.4285364
0.1964868
0.5017406
0.1497929
0.286045
0.1443008
0.2814999
0.3264717
0.3246286
0.2225325
-0.1279992
-0.08477542
-0.180396
0.320513
0.1770821
-0.04116473
0.2940706
0.05624524
0.1997353
0.1596466
-0.05812201
-0.289249
0.185781
-0.0234779
-0.4578587
-0.4645506
0.06554524
-0.08315619
-0.09606586
0.03686854
-0.2326766
-0.1620109
0.05722223
-0.3204959
-0.2234484
-0.3760318
-0.2083942
0.01575349
-0.5058605
0.1835126
0.03786302
0.1786556
-0.07625932
-0.3196354
-0.3269015
0.5073032
0.2222914
-0.105784
-0.2874652
-0.3464202
0.2238024
0.5409411
0.4135415
0.4422584
-0.01992079
0.06696564
0.2397611
-0.2645011
-0.09043106
-0.1545563
-0.2341933
-0.06192812
-0.2037209
-0.2154358
-0.2171719
0.3803866
-0.1552685
0.2729518
-0.1524395
-0.2373027
-0.2952684
-0.2442262
0.003702301
0.06730212
-0.3253648
-0.1697541
-0.3599288
-0.09114041
-0.2806734
0.05929219
-0.07518275
-0.1813596
-0.06681508
-0.2736961
-0.3171754
-0.2726517
-0.3150467
-0.05794945
-0.08356392
-0.3690057
-0.250989
-0.3708402
-0.3597123
-0.4473533
-0.1132839
-0.1513374
0.1319437
0.4654442
0.1281748
-0.1429414
0.03853186
0.2307943
0.1963387
0.2490625
0.01966585
-0.06706889
0.1246196
0.04901322
-0.1151031
0.0489012
-0.1702059
-0.09221242
-0.3613116
-0.1402181
-0.0336126
0.3194922
0.2560948
0.2224527
0.1718378
0.05213609
0.01557408
0.0727877
-0.3324738
-0.0152097
-0.02597796
-0.2043712
-0.09930332
-0.08503983
-0.1949005
-0.02373297
0.1952455
-0.2157824
0.2073228
-0.1471734
-0.2743789
-0.1707456
-0.3017765
0.003206881
0.2719386
-0.2274609
-0.0422432
-0.0366618
-0.3200616
-0.1624737
-0.2329328
-0.2404959
0.01869139
0.182037
0.01479243
-0.009241592
0.1613626
0.8272767
0.7352467
0.02439374
0.04456632
0.3093422
-0.148514
-0.04878813
0.1154481
-0.06984902
-0.1766568
-0.186169
-0.2396909
-0.1519891
0.6884975
0.02178695
0.3687053
-0.2706188
-0.0703403
-0.003776041
-0.2596944
-0.287774
0.001591541
-0.3341285
-0.4122971
-0.3676951
-0.2822133
-0.5272174
-0.218578
-0.1000312
-0.2256567
-0.2697149
-0.2733356
-0.5492476
-0.2600947
-0.4488777
-0.2685609
0.08680504
-0.2822222
-0.1006903
-0.179399
-0.442033
-0.414439
-0.4052048
-0.3988937
0.2932791
0.6303975
-0.05574594
-0.1498997
0.02567617
0.5992516
0.0455955
-0.04073949
0.3269788
-0.1583056
-0.1409678
0.06398704
-0.1712058
-0.03966223
-0.06000529
-0.1454256
-0.1779517
0.6508682
-0.05688646
0.2361433
-0.3722007
-0.2244687
-0.1353035
-0.289895
-0.1630615
-0.1294977
-0.4089388
-0.396905
-0.2403244
-0.3070996
-0.5366895
-0.1149985
-0.2015102
-0.1759149
-0.3148816
-0.234087
-0.4646188
-0.2065608
-0.3934181
-0.2611965
0.02565829
-0.1864486
-0.254232
-0.2051025
-0.4704912
-0.4407535
-0.238129
-0.2705374
0.1109841
0.5804292
-0.06906312
-0.001081333
0.2059553
-0.008718107
0.1460532
0.4372951
-0.02074186
0.02087305
0.1674994
0.0189811
-0.2705036
-0.1575622
-0.2517272
-0.07941252
0.5171078
0.1123344
0.5266444
-0.08761
0.09203881
0.09366051
-0.2600185
-0.3819578
0.04227145
-0.1387354
-0.5357317
-0.4324428
-0.0413342
-0.4935989
-0.2347929
-0.0383281
-0.439824
-0.1449241
-0.3942564
-0.6995179
-0.3970245
-0.577969
-0.460294
0.02661877
-0.5712289
0.06568076
-0.3003429
-0.2697031
-0.3739526
-0.5043233
-0.3788164
0.5030478
0.5461168
-0.08645608
-0.4164067
-0.1240942
0.5295368
0.1947212
0.2278161
0.06991733
0.2037606
0.05419629
0.4031359
0.207587
0.3642987
0.2674058
-0.181802
-0.1359601
-0.1035364
0.02011322
0.1018591
-0.01548209
0.292686
0.20345
0.02936647
0.1787112
0.02005602
0.02893052
0.1003971
0.03379372
0.1536599
0.05594562
-0.2005274
-0.1304005
0.1352912
-0.08571763
-0.04905454
-0.03370804
-0.07060059
0.08394482
-0.1328557
0.06926287
-0.1283551
0.05683715
-0.2060333
-0.1802488
0.09376781
0.02164471
-0.08347553
0.1444955
0.2905986
0.1101792
0.1551508
0.4342345
0.4401338
0.4526951
0.4310556
0.3730007
0.2292956
0.1664531
0.201178
-0.250309
-0.09197346
-0.1248319
0.2650298
0.3350505
0.1885994
0.3846999
0.1850963
0.08131749
0.2597636
-0.06420918
-0.2013983
0.1909951
-0.06412704
0.08272908
0.2801131
-0.4442477
-0.1857363
0.1154604
-0.133831
-0.01542955
-0.3905538
-0.2261953
-0.0831975
-0.2977768
0.2345495
-0.2368235
0.08948589
-0.1510917
-0.1357487
0.1210307
0.3140369
-0.1442444
0.1725611
0.07003222
-0.09877905
-0.01262117
-0.2021846
-0.06264852
-0.05563594
0.113289
0.1365446
-0.06540343
-0.01309003
0.3933963
-0.2631994
0.6063333
-0.1485765
-0.03894013
-0.1472704
0.04040375
0.06866757
-0.09973056
-0.1583395
-0.308439
-0.1293179
-0.3698024
-0.1954458
-0.1741374
-0.1532873
-0.3101421
-0.1029568
-0.2591296
-0.4843686
-0.4024034
-0.2380812
-0.4745827
0.2626338
-0.4687049
-0.2335328
-0.2306325
-0.2633306
-0.277231
-0.06289809
-0.1231108
0.07786911
0.1585263
-0.02901098
-0.1240704
-0.06170212
0.6285358
0.6760012
0.6572591
0.08540848
-0.01898987
-0.07914871
0.6184219
-0.2927209
0.1473303
-0.05599395
0.5126826
0.5609621
0.5761432
0.4071514
-0.1623148
0.1126416
0.5310575
-0.09131798
0.004325985
0.4043946
0.05929333
-0.1281819
0.4639382
-0.181266
0.1587025
0.2759144
0.0269409
0.2538706
-0.2462271
-0.1815007
-0.07495084
-0.2876303
0.5253245
-0.05257575
0.1991698
0.4116781
-0.2948881
0.01472553
0.05198506
-0.4742733
-0.08170804
0.08594848
-0.3084487
0.6893195
0.8416081
0.02855658
0.07210422
0.00831962
0.3841178
-0.2885486
0.1001746
-0.1892049
0.5896294
0.4981818
0.4750236
0.3645516
0.04098427
0.1670399
0.4494067
-0.07273801
-0.1671221
0.4125363
0.005681992
-0.02552521
0.5267862
-0.1604291
0.08290792
0.2018809
0.01943384
0.2325521
-0.3035774
-0.1799991
-0.3033121
-0.2351616
0.4252808
-0.0198383
0.243001
0.297463
-0.3209284
0.08461627
0.04840871
-0.3761933
-0.04973515
0.1694414
-0.3011896
0.7559481
0.1063395
0.08141883
-0.04871876
0.3201347
-0.1775804
0.2016447
-0.2425715
0.4623751
0.5708479
0.6129587
0.270117
-0.1687677
0.08738343
0.4045611
-0.2712152
-0.1346131
0.4120663
-0.2021438
-0.1031127
0.5430335
-0.2262984
-0.02443523
0.1408531
-0.1958134
0.1148296
-0.3740182
-0.176092
-0.08050595
-0.1951943
0.5345816
-0.09629204
0.07232494
0.2154141
-0.4445103
-0.09379935
0.1989719
-0.09180121
-0.1369746
0.03513103
-0.2107195
0.08900934
0.1855111
-0.05278868
0.3764266
-0.2764006
0.1436359
-0.08698338
0.5080215
0.680901
0.6836679
0.4114627
0.04900147
0.1535196
0.5752805
-0.003591317
0.02056787
0.2706451
-0.1275675
-0.3487109
0.488458
-0.1333191
0.1230389
0.04571566
-0.002206369
0.2490752
-0.21429
-0.1897696
-0.09156084
-0.1806581
0.5738571
0.02930137
0.1480861
0.396388
-0.3352857
0.06492899
0.1068219
-0.4060962
-0.1344424
0.07649009
-0.3124239
0.3677282
0.390071
-0.01715155
-0.132366
-0.1558619
-0.2078282
0.06038862
0.02973523
-0.08260668
0.5320685
0.3685431
-0.07516253
-0.1009674
0.1172462
0.07841077
-0.05708249
0.01304166
0.2566177
0.02706234
-0.004291497
-0.01947003
0.3185851
0.01034689
-0.02920078
0.1397464
-0.02178014
0.07424678
0.02571009
-0.1671932
-0.02099131
0.07488447
-0.1313921
0.2006542
0.2838366
-0.1412982
-0.0741205
0.3064057
0.3976109
0.1730825
0.525532
0.09604421
-0.1222187
-0.2549382
-0.07232742
-0.1524488
-0.04821397
-0.03455523
0.1316582
0.62816
-0.2871564
0.0344485
0.1096037
0.02541191
-0.005878364
0.01576764
-0.1400238
-0.05297819
0.04213299
0.05763484
-0.1119381
0.05669967
0.05151781
0.06162621
-0.04539818
-0.02445199
0.0329041
-0.1108751
-0.02102437
0.1551161
-0.1234237
0.3469324
0.2652004
0.1155674
0.01107832
-0.04518224
-0.00899696
-0.1933597
-0.02023416
-0.2051711
-0.08265132
-0.2788744
0.02808958
-0.1067278
-0.2373826
0.459126
0.5446782
-0.1400446
0.02319636
0.1637458
-0.01223917
-0.007978801
0.147647
0.1489952
-0.1160004
0.03720911
0.08361926
0.02627674
0.04951068
-0.05945651
0.03317612
-0.0101732
0.001872416
0.1433624
-0.2436798
0.1277753
0.1046061
-0.2483618
0.2008894
0.1970238
-0.07583351
-0.04462987
0.2550101
0.3277585
0.1301288
-0.3433076
-0.02753405
-0.03305956
0.05579866
0.3479885
0.1960532
0.1119056
-0.03998611
0.07534751
0.3627399
-0.08775661
-0.1966408
0.3023017
0.2478947
-0.009712043
0.2447217
-0.140009
0.03248963
0.2575402
0.06129428
0.002798463
-0.04850065
0.02658753
-0.09100306
-0.1994175
0.2536872
0.1261615
0.4730136
0.2789677
-0.1135501
0.02638113
0.1361901
-0.3517748
0.02133523
0.0550534
-0.170603
0.187887
0.5538845
-0.242645
-0.2190275
-0.171134
-0.1473127
-0.1740697
0.0158024
-0.4871171
-0.2431773
-0.1541492
-0.5470479
-0.3928795
-0.2626258
-0.1379995
-0.05472237
0.06657404
-0.2377293
-0.3678883
-0.3032255
-0.2319438
-0.1544727
0.3255204
-0.154764
-0.3435845
-0.08474425
-0.4986471
-0.3396014
-0.06328071
-0.2539555
0.01343771
0.5553151
-0.2028524
-0.03931784
-0.008353884
-0.09900392
0.1936434
0.4062868
0.2686586
0.1757493
-0.3463564
0.2749879
0.08355602
0.04215016
-0.0004641778
0.002776478
-0.02664756
-0.05581192
0.3389485
-0.09254221
0.341283
0.1458123
0.07301586
0.09398722
-0.0921988
0.1344784
0.2411148
0.2581459
0.3073867
0.1567174
0.05962326
0.2286484
-0.1907172
0.007544594
-0.01230415
0.03106736
-0.09332403
0.1570317
0.1582167
-0.03690811
0.05506106
0.04310949
-0.08897959
-0.1276775
0.05163301
-0.06179692
-0.100675
-0.02056669
-0.410883
-0.1997371
-0.4956497
-0.154228
-0.1013878
0.2259441
-0.4559833
-0.3513494
-0.2265667
-0.1280771
-0.3471647
0.2934191
-0.5137468
-0.08235929
-0.1794689
-0.2986183
-0.174675
-0.09100613
-0.1076065
0.2043667
0.1536276
-0.2740539
-0.4238272
-0.2909564
0.4803854
0.508473
0.4760354
-0.07277196
0.1566832
0.5044199
0.06692425
0.08446489
0.3796862
0.02051246
-0.01767308
0.5979633
-0.1656699
0.4249498
0.1225387
-0.06184906
0.1424972
-0.2384524
-0.1962274
-0.1926252
-0.2509257
0.4488143
-0.2361623
-0.02346774
0.1948786
-0.3434245
0.07846962
-0.04002407
-0.4676404
-0.1152654
-0.01491605
-0.2994059
0.6765002
0.4044756
-0.1443658
0.3327924
0.6854622
0.00173633
0.09199501
0.2355298
-0.1287122
-0.3526828
0.5649943
-0.2631669
0.2816176
0.0509166
-0.1441381
0.1132109
-0.224377
-0.1643377
0.09625327
-0.1985709
0.7445252
-0.02448175
0.06910577
0.2857908
-0.4609254
0.007266614
0.2115543
-0.3170179
-0.06073555
-0.08549067
-0.2772456
0.2539388
-0.2990546
0.2144653
0.6198069
-0.0248026
0.2880008
0.2229233
-0.2524514
-0.4929691
0.3568672
0.04111417
0.2410836
0.01994906
-0.08206742
0.3984379
-0.08237087
-0.1741362
0.01277754
-0.1559637
0.8322703
0.03107746
-0.05072001
0.4909356
-0.5104968
-0.03205284
0.2176011
-0.2727437
-0.2250903
-0.1209967
-0.217394
0.254001
0.1818458
0.3007854
0.1776837
0.1921685
-0.04866146
0.09420653
0.01975787
0.2615921
0.007367918
0.3379816
0.2871557
0.1002348
0.1449575
0.008578753
-0.08611483
0.1506816
-0.05812146
0.1394119
0.1864419
0.07959952
0.1104228
-0.05590505
0.2300006
-0.1538635
-0.4577794
0.1459184
0.492635
0.003442527
-0.04384055
0.02590561
0.4459886
0.2109038
-0.04531664
0.1235112
0.05499748
-0.05151181
0.1886935
0.1209948
-0.1077934
0.2126198
0.02972694
0.2296141
0.156707
-0.02680922
0.1129976
-0.2958177
-0.07190637
0.04799131
-0.215773
0.4882164
0.3743141
-0.2770863
-0.1916839
0.06782252
0.2042582
-0.07591732
0.2441655
0.06211158
0.08764697
0.1062106
-0.1067963
-0.09514902
0.2921732
0.07869308
0.1945669
0.08434969
0.02776624
0.1651346
0.01719204
0.2574442
-0.0005246104
-0.05561955
0.2418976
0.08250497
-0.0353288
0.04157602
-0.1995888
0.03617915
0.03245809
-0.150398
-0.1422683
0.07828368
0.09637132
0.1726311
0.2915639
0.4303458
0.003406624
-0.2784926
0.4154723
-0.04753781
0.3720041
0.02453951
-0.04199213
0.2430789
-0.09087426
-0.1153602
-0.1552204
-0.1227902
0.7184111
-0.1352588
0.09111294
0.3618292
-0.3085685
0.1906687
0.07252421
-0.5155417
-0.03762622
-0.1042624
-0.2380586
0.5787447
-0.0007384224
0.2484893
-0.09772854
0.1191051
0.3692465
0.2615737
-0.03689237
0.6888924
0.4393103
0.5814162
0.4851095
0.08919211
0.4357586
0.01626986
-0.06530008
-0.03124796
0.1504417
0.4633244
0.5529245
-0.3893792
-0.3823036
-0.09968928
0.1137449
0.007259714
-0.1143224
-0.03412637
-0.3179769
-0.09738158
0.5122615
0.1551122
-0.05835043
0.4374659
0.5418289
0.5957556
0.3301342
0.2461093
0.3498747
0.2868431
0.138406
-0.1403205
0.4713939
0.2154054
0.3328191
-0.3669343
-0.3642309
-0.1670246
0.113581
0.08427319
0.06108525
0.2311405
0.4849155
-0.1581203
0.06745655
0.1485252
0.05400104
0.1160017
-0.1218287
0.08885057
-0.392447
-0.1572128
0.3713586
-0.2688255
0.3082624
0.1087884
-0.2218602
0.1026229
0.1207279
-0.2638796
0.05316358
-0.1710685
-0.2309598
0.427204
-0.04427582
0.1473369
0.1037698
0.4484064
0.4993542
0.02839741
0.3260056
0.254277
-0.04610427
0.2048113
-0.08008272
0.2039792
0.5608385
0.2168664
0.4500759
0.3238772
-0.2853432
-0.2876005
0.1073631
0.1504408
-0.1184254
0.04606101
-0.1530561
-0.1551545
0.5061147
0.09415971
-0.1978207
-0.0117218
0.1117193
-0.3262379
0.1246559
-0.3413945
-0.0988315
0.3186982
-0.1792066
0.1981649
0.1256074
-0.1949142
0.07540117
0.4699091
0.3014307
0.2756722
-0.3091948
0.3026005
0.2189729
0.02224735
0.1051369
-0.2440708
0.08501886
-0.1737571
-0.1130917
0.3730595
-0.3177368
-0.05536593
0.03220375
-0.2945337
0.06502945
0.006605372
-0.2087388
-0.08313778
0.0222128
-0.259134
0.1325906
0.1870849
0.4234443
0.5804905
0.7459008
0.3435416
0.1093739
0.4824105
-0.01240249
0.4385949
0.02927146
0.3531617
0.3248236
0.2898029
-0.2772274
-0.183433
-0.1656229
0.2023798
0.1265314
-0.05674181
0.03092047
0.06807639
0.01367707
-0.0102877
0.004457222
-0.1088066
0.1900934
-0.1512188
-0.04715033
0.1305248
0.02357991
0.3311925
-0.1259502
-0.2527367
-0.1932208
0.04298627
-0.1377505
0.2423928
0.1873082
0.2475386
0.2285868
-0.09413513
0.2754823
0.06244281
0.2982651
0.4647325
0.2499412
0.06058092
0.2249136
-0.1368519
-0.1728139
0.231044
0.4771893
0.08485926
0.5539319
0.6285188
0.6356775
0.1044462
0.578743
-0.002610135
0.3309056
0.3690888
0.4217307
0.5180933
0.4088082
-0.3364564
-0.4395315
-0.03183613
0.2866597
0.06967892
0.46538
0.2784177
-0.0790232
0.2948693
0.3617374
0.1953705
-0.0123241
0.4654975
0.04357215
0.3969595
-0.1461258
-0.4059711
-0.03134776
0.2294365
0.110467
0.5556326
0.2295338
0.5330756
-0.09570638
0.4172466
0.1899677
0.3565177
0.4476462
0.3591404
-0.3996188
-0.2717186
-0.0932672
0.221087
0.1144162
0.2660532
0.508045
-0.09325647
0.3817952
0.251849
0.1539851
0.3684791
0.214062
-0.265375
-0.001322902
-0.05322359
0.2184694
0.1425738
0.1283753
-0.008100272
0.4393949
0.0189706
0.0761862
0.01864461
-0.1582517
-0.04230404
0.119821
-0.0859867
0.07448314
0.0273523
-0.09144432
0.4159914
0.1640097
0.2628338
0.4377976
0.2241902
-0.3089878
-0.07384653
0.00448812
0.3319205
0.3599675
-0.008758894
0.1297239
0.509861
-0.4909928
0.006716796
0.2938689
-0.2646347
-0.02339125
-0.2294181
-0.2559725
0.4247854
0.3768718
0.09541456
-0.1162989
-0.0641767
-0.08402711
0.02002728
0.3138116
0.1392704
0.3967815
0.2033506
0.2342642
0.1349738
-0.2400523
0.1797011
0.1246705
-0.1117671
0.06621195
0.2097011
-0.2011616
-0.4350528
-0.0100294
0.1675385
-0.03746938
0.5066781
-0.3107051
-0.09088637
-0.0448929
0.06472987
0.08122943
-0.1918156
-0.300741
0.107055
0.2559029
0.1913259
0.2692417
0.02506164
-0.5284346
-0.1724648
0.120744
-0.2228587
0.07411671
0.2747139
0.2506946
0.4944028
