0.7554173
0.1777101
0.02207761
-0.07400609
-0.1718102
0.1248707
0.04251652
-0.1468744
-0.08096219
0.5228271
0.396926
-0.1121913
-0.0295367
-0.01130289
-0.07415722
0.561884
0.4412686
0.6095552
0.581448
0.0505362
-0.1633228
-0.04192962
0.1942667
-0.08320381
0.08338818
-0.07119765
0.05468482
0.3483609
0.1880197
0.1469495
-0.05014584
0.2018455
0.3018218
-0.309626
-0.2037748
-0.1697968
-0.2397122
-0.02063195
-0.3301043
-0.0005031585
-0.2164099
-0.2352739
-0.242632
-0.002264099
0.08032022
-0.1355665
-0.2257246
0.3786531
0.1815727
0.1287254
-0.1434861
-0.2411561
-0.2849594
-0.2467344
-0.2788222
0.7901249
0.6301386
-0.05395095
0.1006916
0.1573089
0.1963696
0.6071168
0.5208471
-0.1977596
-0.119618
-0.2539109
-0.3628339
0.2622296
0.4004651
0.1155694
0.1208927
0.220925
0.0004071713
-0.4886125
-0.1231325
-0.07882943
0.09510204
0.3754295
0.1111131
0.3256481
0.2243182
0.01551818
-0.1029359
0.02550243
-0.1543354
-0.1701316
-0.1610516
-0.2945409
-0.2067048
-0.1131338
-0.05662262
-0.1463266
-0.1297986
-0.1180752
0.001254793
-0.245277
-0.2601234
-0.1707738
-0.274997
-0.0129767
-0.1296361
-0.04559724
0.001120334
-0.3336547
-0.2530942
-0.08503366
-0.263298
0.080472
-0.09580631
-0.3028312
-0.1528564
-0.1656804
-0.1246798
-0.1682048
-0.2942183
0.0798319
0.02146234
0.03169585
-0.06645724
0.04095519
-0.07040578
-0.1668587
-0.02890037
0.3321419
0.3906217
-0.1886295
-0.0013285
0.01766514
0.01789541
0.6036157
0.5865938
0.5361332
0.6297741
0.0100911
-0.1761845
-0.1674924
0.161747
-0.1377305
-0.003367962
0.002675145
0.08655241
0.3017828
0.1799706
0.02687463
0.02587854
-0.04365268
0.2382277
-0.3145739
-0.1550724
-0.2433304
-0.1631322
0.0537633
-0.1948549
-0.0238484
-0.1403837
-0.2634511
-0.2189381
0.009759983
0.1271295
-0.1898386
-0.2247349
0.2925951
0.2843894
0.07936188
-0.1481698
-0.2522912
-0.1779579
-0.1675126
-0.3103351
0.8054662
0.791784
-0.3263064
-0.05682997
-0.03397483
0.2104112
0.4915737
0.4462156
-0.2244708
-0.2983034
-0.310696
-0.3673744
0.5304637
0.4595301
0.07540038
0.1563131
0.03319409
0.0005818308
-0.4572076
-0.1723432
-0.04667873
0.2022708
0.5033654
0.2479631
0.4533557
0.3879512
0.03181202
-0.004618373
0.08123242
-0.01045172
-0.1704854
-0.1049613
-0.3128
-0.1082243
-0.06193135
-0.1017214
-0.190743
-0.1793482
-0.3257791
0.03863891
-0.1866489
-0.3085265
-0.2083126
-0.3094531
0.1737987
-0.1684043
-0.07235385
-0.2612871
-0.3195951
-0.3217773
-0.2042305
-0.4424985
0.04862186
-0.1878656
-0.3003367
-0.2086812
-0.2862577
-0.0378388
-0.05097034
-0.2362604
0.1674767
0.4518179
-0.02042957
0.5361029
-0.2120142
0.2475439
0.08220834
0.1176789
-0.2988912
0.05409006
-0.2821778
0.09729069
-0.133795
-0.1484985
-0.1821029
0.1617776
0.03491215
0.3010734
-0.04119894
0.6496805
0.2444036
0.3359016
0.2115405
0.1621779
0.1719562
-0.2314742
-0.174324
0.3506374
0.0615263
0.5009447
0.0727667
0.4069951
0.2504559
0.1149819
-0.01594282
0.1376742
-0.0257991
0.005013049
-0.2555265
-0.1263834
-0.09233723
0.1259142
-0.09916745
-0.1514795
-0.2334615
-0.01701564
0.142434
-0.2449392
-0.3095862
-0.3025448
-0.2036767
-0.07656594
-0.3402856
0.04704101
0.1628349
0.401198
-0.1653357
0.4686706
0.05321144
0.008556916
-0.006767067
0.5096338
0.2854264
0.3558801
0.1757315
0.1746409
-0.07275683
0.1389003
0.02437581
0.09994752
-0.1797186
0.02890179
-0.03811034
-0.06491284
-0.3486094
0.09827335
-0.1927727
-0.1579365
-0.08492623
-0.1868368
-0.1797243
0.2591603
-0.1008021
-0.003517744
0.0584529
0.1568543
0.006261991
-0.06275363
0.3083486
-0.06707393
0.2958274
0.009221253
0.1557312
0.06223261
-0.006167675
-0.1911802
-0.2067172
-0.2618553
-0.03788955
-0.05141127
0.1719784
-0.1801132
-0.02984705
-0.05130124
0.07592256
-0.111355
0.05068856
-0.12077
-0.025657
-0.2822628
0.02405792
-0.1185191
-0.1081553
-0.1792016
0.2459403
0.1822282
0.6305786
-0.03158359
0.1098843
-0.08038843
0.144262
-0.1452745
0.2810186
0.1916441
0.3566524
-0.3167609
-0.2864287
0.2658674
0.357428
0.1253038
-0.03032007
0.2723756
0.5570972
-0.2986005
-0.06060778
-0.166134
0.1748459
-0.1652128
0.01700315
0.1138134
0.05102838
0.1872084
0.4053152
-0.150179
0.07334165
-0.1753037
-0.3441945
0.1044905
0.01830654
-0.1610336
-0.1263105
-0.1685589
-0.04860728
-0.1720059
0.0878368
-0.1212075
-0.2786368
-0.04192908
-0.1581432
-0.3401496
-0.2589451
-0.1974366
-0.2436519
-0.03783154
-0.1453549
-0.01956816
0.03130422
-0.007604005
0.4818681
0.06964389
0.2651706
-0.1560167
0.1199619
-0.2286073
0.1353588
-0.00249539
0.1811117
-0.03400639
0.3002471
0.2814612
0.1369519
0.1379616
0.2185007
0.1154184
-0.04396889
0.1625173
0.0133706
-0.02573717
-0.064495
-0.2338229
-0.4230477
-0.06592295
-0.2105442
-0.1275837
0.0007942587
-0.2762908
0.1224834
0.1193662
0.2933016
0.1607582
-0.1242633
0.3089945
-0.2557211
-0.2113178
-0.09156938
-0.1693357
-0.2045693
-0.0002138034
-0.2053549
0.2457028
-0.4003123
-0.09898997
-0.1013343
-0.1692735
-0.107593
-0.3167797
0.09279684
-0.1225128
-0.196566
-0.4060088
-0.29076
0.04137432
-0.02530019
-0.04566158
-0.06886471
0.03286854
0.2158969
-0.3835758
0.442808
0.1613774
0.02566922
-0.356679
0.2005356
-0.1716282
0.09292384
-0.05866515
-0.1139013
-0.05563428
-0.1583608
-0.3210072
0.02615851
-0.1015511
0.374811
-0.0546231
0.3435957
0.1926071
0.3598574
0.2071
-0.2263157
-0.2888022
0.0501001
-0.02718144
0.2267922
-0.1879447
0.4204498
0.2248417
0.2169689
0.2448839
0.1515992
0.1187911
0.2311615
0.03632209
-0.1030124
-0.1142019
0.2115103
0.006742452
-0.1469621
-0.2193871
-0.03637296
0.2471347
-0.1334478
-0.2169845
-0.277477
-0.04665399
-0.09579663
-0.2351959
-0.01543947
0.08856194
0.3170146
-0.3831314
0.243242
-0.09636222
-0.2109225
-0.2671064
0.6107825
0.2992676
0.4152443
0.1868266
0.2214635
-0.124322
0.05690307
0.03149145
-0.1290213
-0.264918
0.07013423
-0.02925834
-0.08076183
-0.3281414
0.02530815
-0.2291836
-0.07266625
0.1846752
-0.1126145
-0.04796805
0.4054365
0.201722
-0.06479942
0.2594552
0.1653454
0.1784752
-0.05560534
0.4201279
-0.1862085
0.4109936
-0.02196065
0.07458726
0.1036161
0.06088716
-0.2676025
-0.2290487
-0.2206043
0.08439373
-0.1892377
-0.1631555
-0.1040352
-0.06354904
-0.1713809
-0.1187021
0.06161635
0.1805753
0.09268279
0.1187894
-0.2728203
-0.02725871
-0.03787255
-0.07132102
0.0021686
0.3364068
0.2432815
0.6451269
-0.02583245
0.2065572
0.2955486
0.4950649
0.02789076
0.3466411
-0.01361909
-0.02531184
-0.02238066
0.007930505
0.02743319
-0.0950133
0.01708779
0.2559516
-0.04414516
0.2293995
-0.2352263
-0.2621576
0.2035491
0.1434321
-0.09572262
0.2484253
-0.1874151
0.04944645
-0.2383368
-0.124287
-0.2665223
-0.1643574
-0.146812
-0.02406602
-0.2341542
-0.02849258
-0.1509049
0.06494864
0.02981032
0.1513364
-0.08924338
-0.07690561
0.09060783
0.01545348
0.07251325
-0.1334965
0.0554834
-0.1178777
-0.1728428
0.05918379
-0.1407742
-0.1938388
-0.06491027
0.1640375
0.005920602
0.2830344
-0.1053832
0.04273642
-0.1902254
-0.04562218
-0.2633209
-0.0766391
-0.195364
-0.07613538
0.1634555
0.2143875
0.1472503
0.3071608
0.1641881
0.4022902
0.09063012
0.03938586
0.1476895
-0.1926099
0.091475
0.1348288
0.01479046
0.09259655
-0.02137539
0.2391399
-0.01114244
-0.05579062
-0.005764788
0.1830498
0.03504198
-0.04764974
0.09298557
-0.2284346
-0.06750721
0.07380912
0.05787
0.09921005
0.02772741
-0.03336195
0.1422223
-0.09356958
-0.2871586
-0.3411865
-0.2628874
-0.3084689
-0.05781982
0.05557548
0.05965084
0.2057175
-0.06796932
0.003553917
0.2059251
0.008150133
-0.03728038
-0.02091312
0.07774884
0.1358076
0.09202387
0.03232863
0.0149824
0.06637268
0.1114052
0.09147118
0.0757872
-0.114214
-0.03612488
0.2438306
0.09948269
0.2088238
-0.07058336
0.4068686
0.3085787
0.03472116
0.1110082
-0.1254248
0.1787438
0.04168565
-0.02631654
0.3720267
0.2716006
0.3752365
0.2509256
0.05127289
-0.07920739
-0.004580908
-0.01708362
0.07725713
0.005152946
0.0468514
-0.3271318
-0.08128004
-0.06258768
-0.02445744
-0.0205237
-0.1037811
-0.1224907
-0.02939178
0.2348161
-0.1870737
-0.02197934
-0.2878174
-0.1476986
-0.04093871
-0.2093787
0.09647119
0.1764941
0.3052904
0.2111451
0.6310866
0.4712087
0.1439097
0.26272
0.359136
0.381343
0.1601482
0.1961769
-0.1138806
-0.0264716
0.4385732
0.2954941
0.2828459
0.2038363
0.1029173
-0.1130781
0.01521748
-0.104751
0.001009382
0.1599896
-0.143935
0.07043088
-0.2093166
-0.09723455
0.22013
0.1051591
-0.1668698
-0.02141264
-0.003693681
-0.06864647
0.01348923
0.02995903
-0.2729144
-0.02087217
-0.05585352
-0.1211094
-0.1863809
-0.2094208
-0.1678826
-0.2717326
-0.1985149
-0.2208539
-0.2108833
-0.005849719
-0.2309864
-0.2027445
-0.1631723
-0.05935868
-0.07827137
-0.1468094
-0.1456918
-0.2488585
-0.263175
-0.2699762
-0.151547
-0.1718432
0.04836811
0.3195923
0.05797988
0.3246569
-0.06702296
0.6942989
0.3837938
0.5569837
-0.1245061
-0.1579144
0.162691
0.285243
-0.05988312
-0.07073015
-0.05766895
0.4360897
-0.4171034
0.003479318
-0.3229394
-0.0497192
0.2357562
0.3032674
0.1349924
0.1118887
0.001347382
0.533794
-0.4538999
-0.1314793
-0.2808337
-0.3580527
-0.06688145
-0.1189404
-0.1259703
-0.2171004
-0.222007
-0.1777352
-0.3155672
0.09028878
-0.2221249
-0.293505
-0.04038916
-0.1738455
-0.08220454
-0.1194037
-0.01111832
-0.2267383
-0.1058836
-0.01259481
-0.03092547
-0.08030423
-0.0688229
0.6972389
0.1443465
0.4254647
0.03140372
0.2892163
-0.5134474
0.04290375
-0.3153032
0.0321226
-0.252304
0.1920296
0.2769895
0.1968463
0.2518362
0.379205
0.1253867
0.1216113
0.1136699
0.2206772
-0.04241914
-0.05741773
-0.07155327
-0.2553858
0.08121371
-0.03724926
-0.259894
0.000275743
-0.3107939
-0.1736276
-0.0452175
0.1425732
0.05875796
-0.4679702
0.1675781
-0.5633667
-0.1401028
-0.2220605
-0.2669954
-0.2766706
-0.07307472
-0.2790133
0.2369055
-0.4292784
-0.1217954
-0.2310191
-0.195626
-0.2825168
-0.1130516
0.06047616
-0.04950612
-0.1815649
-0.4323279
-0.4381849
0.1049248
-0.1206977
-0.2169588
-0.08810039
0.475445
-0.1851159
-0.2302158
0.07910668
0.06041749
0.2264151
0.08381393
-0.3149527
-0.2333687
-0.1857229
-0.1848004
-0.08014008
0.002515439
0.2164049
0.0440249
0.2494596
0.2960271
0.2185883
0.117115
-0.2652062
-0.1468774
-0.04374484
0.01548875
0.003643718
-0.1094145
0.2546156
0.1043552
0.1781289
0.2134805
0.2301792
0.3610877
0.007192009
0.04076803
-0.1258494
-0.08346984
0.08035613
0.05899015
-0.1725279
-0.06635424
0.01250955
0.2065083
0.09870149
0.1280993
0.185103
0.2616366
0.1892865
0.1079419
-0.165208
-0.1270934
0.2605604
-0.058099
0.1442377
0.03598395
-0.09524333
-0.2383983
0.1381471
0.204054
0.06827453
0.125614
-0.05141151
-0.2710865
0.1035281
0.1441958
-0.08925789
0.1176353
0.1283589
0.2290415
-0.3168024
-0.4013566
-0.1386661
-0.3003188
-0.1924619
0.02918436
-0.123661
0.01287176
0.2115627
0.1816199
-0.03272801
0.1540476
0.3929931
0.07523425
-0.08813368
0.1420515
-0.03781649
0.228713
0.1817327
0.199984
0.2135212
0.3029526
-0.2935587
-0.2076053
-0.3323497
0.07262006
-0.2138092
-0.2077875
-0.01331472
-0.0194811
0.1499906
0.06781847
0.04248508
0.2378735
-0.000146185
-0.136808
-0.2377572
0.1217919
-0.03225144
0.005403268
-0.01866432
0.1372458
0.2912244
0.586137
0.1613673
0.5017353
0.08835971
0.09080544
0.03803422
0.05156804
-0.06419049
-0.215867
0.05722791
0.1299228
0.07831094
0.2499002
-0.2008454
-0.356318
0.2988622
0.3406077
0.1266425
0.4128977
0.02462229
0.09045786
-0.07153348
-0.3144195
-0.2530005
-0.1416852
-0.09887179
-0.1090847
-0.3117821
-0.1922638
-0.2650018
-0.09080147
0.07203266
0.1408964
-0.2179356
-0.2441548
0.1195434
0.1380452
-0.06487799
-0.2240055
0.02371266
-0.08028911
-0.3398161
-0.06796926
-0.01198903
-0.06715263
0.09143943
0.1604122
0.3113938
0.4530291
0.0704011
0.116981
-0.1221835
-0.06032925
-0.1312218
-0.03532567
-0.2370364
-0.1177904
0.1694683
0.1833569
0.07003914
0.3408665
0.2856666
0.3520334
-0.1358351
-0.09374725
0.1727467
-0.1134304
0.1426141
0.2434959
0.223886
0.214375
0.07489934
0.217031
0.130719
-0.1129723
0.05247015
-0.01856192
-0.1193171
-0.1232949
-0.03529088
-0.1171744
0.05649172
0.1818417
0.1752316
0.151611
-0.21374
-0.1938954
-0.1262423
-0.1034071
-0.301129
-0.2903976
-0.3290417
-0.3456879
0.06243106
-0.02596083
0.09604113
0.2088317
0.01129058
-0.1221357
0.04516161
-0.01942356
-0.05481527
-0.1563998
0.2394128
0.0782006
0.05774498
0.06049652
-0.07300041
0.5264298
0.3780439
0.404398
0.3651
0.08475917
-0.3164414
-0.1145055
0.0360086
-0.1111371
0.02466288
-0.1576178
-0.1325845
0.5053056
0.2166883
0.236482
0.04116218
0.2157955
0.348039
-0.2244706
-0.1441271
-0.2537457
-0.27095
-0.186612
-0.3206115
-0.03609501
-0.2159469
-0.2186985
-0.1002815
0.07226013
0.1024956
-0.1454335
-0.221077
0.2905577
0.3615592
0.1634582
-0.1393842
-0.2333355
-0.4891558
-0.4013364
-0.2865441
0.4365352
0.4037216
0.1963266
0.3060678
0.3332211
0.2207089
0.393193
0.3985859
-0.08698953
-0.1293084
-0.05007988
-0.1909327
-0.03424393
0.2773282
0.1460989
0.003248277
0.2610709
-0.02998797
-0.3565285
-0.0337856
0.1802028
0.1880556
0.369822
-0.07964151
0.3643549
0.2380866
0.03631426
-0.1158341
-0.001216069
-0.2896063
-0.2604761
-0.3202623
-0.4662231
-0.2279596
-0.3815534
-0.1774966
-0.310969
-0.3339514
-0.04372701
0.01419271
-0.3379948
-0.4275744
-0.2582656
-0.2180361
-0.2063086
-0.1123055
-0.3505401
-0.1205518
-0.4638617
-0.3037011
-0.1457243
0.00696664
0.006917678
-0.07906731
-0.3346657
-0.2015873
0.08350217
-0.292491
-0.3377788
-0.05001845
0.1866372
0.4952662
0.02053589
0.3151834
0.3112337
0.3137349
0.2279672
0.5607629
-0.08080192
-0.02639732
-0.2305521
0.182238
-0.179369
-0.02735057
-0.09799226
-0.07337625
0.3959438
0.3779946
0.08998502
0.2161969
-0.280148
0.262758
-0.4520642
-0.2245797
-0.3640005
-0.202751
-0.2475779
-0.2670504
-0.05638928
-0.0847397
-0.3507694
-0.2862322
-0.2577427
-0.06270396
-0.2668079
-0.2154718
0.07073201
0.003279231
0.2115974
0.03739219
0.033741
-0.1613122
-0.1681123
-0.02901856
0.2696345
0.1700011
-0.2297937
0.2886969
-0.04470664
0.2616028
0.3423566
0.4413135
-0.3824219
-0.2013495
-0.5098463
-0.4455271
-0.1382963
0.1864251
0.3005704
0.3305303
0.4045925
0.470001
-0.09603686
0.2376829
0.02885931
0.3809394
0.1716276
0.09019436
0.2331877
0.2618234
-0.02427085
-0.02134593
-0.07039188
0.1487903
-0.06769753
-0.07383256
-0.3568268
-0.04122481
0.1313175
-0.2750775
-0.02628407
-0.3817858
-0.1077608
-0.1437939
-0.1962318
-0.1381513
0.1056951
-0.1053392
0.3216799
-0.09056204
0.1218018
-0.1107923
-0.06713449
-0.396858
-0.1548521
-0.09214925
0.1807251
-0.06711596
-0.09390342
-0.0923416
0.08656596
0.02767794
0.05139202
-0.009432023
0.3204115
0.04487431
0.2351385
0.02291217
-0.01141669
-0.1461933
-0.2121456
0.05149142
-0.1539363
0.1927996
0.05411188
0.2421436
0.07500519
0.058476
-0.06808207
0.08260092
0.07805717
0.2169789
0.3098815
-0.05270733
-0.2446533
-0.01017071
-0.1503842
-0.06407778
-0.03238032
0.003428756
0.004594374
0.101841
0.1574879
-0.2282239
-0.196422
-0.01600919
-0.17315
-0.05110194
-0.1796036
-0.1964066
-0.1361403
-0.02538678
-0.1362023
-0.0007623962
-0.05594916
-0.06861745
0.01385711
-0.1726384
-0.1690246
0.1037702
-0.1776081
0.1179455
0.1066025
-0.02145028
-0.04861182
0.2425569
-0.1379874
-0.1487512
-0.2152351
-0.2608739
-0.2821408
0.2247561
-0.1323096
0.3307356
0.05195119
0.1236908
0.1253379
0.06105135
-0.0817174
0.059942
-0.1842596
0.006529336
0.2002216
-0.07612353
0.1291235
0.2432378
0.3432417
0.1323232
0.2487726
-0.07045842
0.2451025
0.1322444
0.2714612
-0.03987001
0.1207035
0.1736795
0.2311347
0.2239301
0.157192
0.1884099
0.02441055
0.1035054
0.1704063
-0.1114554
-0.02427171
-0.08047317
-0.2530941
-0.1184147
-0.03028301
0.1544931
0.2007527
0.2574446
0.1417065
-0.03672514
0.1490176
-0.051104
0.06464716
0.286729
0.7374539
0.08597127
0.1423721
0.04411345
0.2024556
-0.1121927
-0.2601858
-0.1528394
0.3326794
-0.3368858
0.008012231
-0.3475396
-0.1788428
0.435416
0.3862651
0.103328
0.3052427
-0.1645401
0.2624294
-0.5057154
-0.4044074
-0.3606214
-0.2397704
-0.06894296
-0.2165397
-0.106921
-0.2166424
-0.2671444
-0.2071518
-0.23497
0.09832871
-0.2469043
-0.3261529
-0.05087287
-0.03522499
-0.0530784
-0.1307188
-0.02313722
-0.1431174
-0.3038981
-0.0869532
-0.01853658
-0.05378578
-0.124029
0.4795226
0.1944324
0.572089
0.1472071
0.3457238
-0.3051165
-0.0625887
-0.4222674
-0.1831845
-0.3229372
0.07189368
0.3511274
0.2092943
0.2794973
0.4556425
0.1803362
0.1441878
0.123891
0.2757192
0.08295595
0.0429504
0.1341304
0.1345871
0.09211065
0.1178022
-0.009221871
0.2915785
-0.2266728
-0.07764053
-0.2298662
0.02643401
0.1310853
-0.3575899
-0.02010378
-0.5138622
-0.1047153
-0.1547633
-0.1422443
-0.1283034
0.02149929
-0.2148452
0.2312187
-0.3584238
-0.1946705
-0.3042754
-0.2543496
-0.4711902
-0.1553547
-0.1553082
0.1036652
-0.05840751
-0.1155298
-0.1917661
0.08206496
-0.1113866
-0.1917973
-0.03247134
0.5932161
-0.1699993
-0.1054115
-0.02389171
0.1213114
0.1544911
-0.1060613
0.1928333
0.2824933
-0.02400431
0.1992179
0.03688861
0.2087347
0.1762914
0.09645943
0.2567502
0.08642116
0.1376724
0.2242473
-0.09570085
0.09796661
0.02031041
-0.126125
0.2233767
0.1296084
0.2122503
-0.01232975
-0.2937263
-0.3904863
-0.1211935
0.03482368
-0.4810884
-0.5313693
-0.2278936
-0.08492354
-0.2650418
-0.3220584
-0.2480899
-0.2374283
-0.02299828
-0.3370066
-0.08458479
-0.03713286
0.1384613
0.1356107
0.171194
0.1630173
0.1976269
0.07691982
0.04505575
-0.09098421
0.01388853
0.02860927
0.05020833
0.04310108
0.2026119
0.02600824
0.3218797
0.2267026
0.1852685
0.05516021
0.3280936
0.1896751
-0.03350944
-0.01990458
-0.06811467
-0.09341308
0.2735991
0.1477244
0.3334085
0.01546767
-0.1572334
0.1638224
0.1139454
0.09737819
0.01952784
-0.1541626
-0.112128
-0.1739654
0.04027683
-0.1756818
-0.1010062
-0.287519
-0.2391532
-0.4927034
0.1131058
-0.2632892
-0.001823915
-0.2007818
-0.2700431
-0.1087418
-0.06516206
-0.1550935
0.1733176
-0.2322258
-0.1735825
-0.3529672
-0.3585118
0.09034112
-0.2223057
-0.1069358
-0.02456207
0.1044117
0.02254734
0.2108998
0.01403074
-0.1861949
0.01728789
0.3683608
-0.2040901
0.02916189
-0.1931846
-0.01897709
0.2988272
0.3398272
0.2297346
0.3289656
-0.03272453
0.2545509
-0.3010783
-0.290415
-0.1669122
-0.1996874
0.1134552
-0.08737223
-0.05743798
-0.09270155
-0.2021097
-0.165796
-0.06628565
0.1989081
-0.2658287
-0.3892717
-0.09741835
-0.1088086
-0.3027529
-0.3689968
-0.1578769
-0.179316
-0.1920485
-0.2350249
-0.05169178
-0.0180402
-0.1667046
0.241246
0.1719684
0.50248
0.1148847
0.2612071
-0.1030002
-0.1287732
-0.2258144
-0.07403217
-0.2119111
0.1280488
0.3381746
0.2052149
0.2958091
0.4180772
0.2621059
0.03501869
0.2160249
0.2808904
0.1162987
0.08265969
0.04962763
0.05836843
0.270192
0.1794753
0.1756177
0.2900455
-0.1082313
0.1150467
-0.02943748
0.1228493
0.1388373
-0.2653042
-0.0171199
-0.3607154
-0.08286249
-0.08801155
0.04780258
-0.1075022
-0.02019638
-0.3249717
0.2197478
-0.392633
-0.1095818
-0.3008349
-0.251492
-0.3309932
-0.214993
-0.2040322
0.1795189
-0.1293857
-0.1123585
-0.1964389
-0.1775361
0.04150888
-0.2094265
-0.1882326
0.7817104
0.4152861
0.3621297
-0.1337851
-0.2740572
-0.3361792
-0.1855512
-0.2143264
-0.0333594
-0.2351751
-0.1537097
0.6166069
0.5295791
0.06737488
0.1361875
0.0005617258
0.2074098
-0.397798
-0.3380311
-0.2517059
-0.1162597
-0.1092649
-0.3660895
-0.01719724
-0.08758023
-0.04143808
-0.01136057
0.2118219
0.2593008
0.05534361
-0.03333246
0.3557846
0.3223881
0.0974634
-0.1511303
-0.2173448
-0.256395
-0.3508838
-0.2132761
0.6902947
0.5988527
-0.2989781
-0.05236495
0.0449527
0.2065126
0.5940536
0.5961114
-0.2268771
-0.3575658
-0.3369884
-0.4041181
0.1168871
0.3275482
-0.07887415
-0.1313933
0.08048085
0.03332184
-0.3782338
-0.03220119
0.01799616
0.2617559
0.6223725
0.3099661
0.8145214
0.6084041
0.2929483
0.2436813
-0.003302697
0.03063397
-0.07058368
-0.2765234
-0.5352179
-0.2651732
-0.2451851
-0.2265536
-0.2729863
-0.2131193
-0.1313601
0.02895607
-0.1208628
-0.1196066
-0.1442897
-0.1242201
-0.1233187
-0.05254537
-0.1380765
-0.1928756
-0.276456
-0.1799314
-0.03173142
-0.4093404
0.06037835
-0.02392889
-0.1317699
-0.05807642
0.0007318578
-0.1519
-0.1008503
-0.06822482
0.3844942
0.299855
-0.252665
-0.3567307
-0.3768543
-0.2088707
-0.2831576
-0.1251211
-0.3174307
-0.1900513
0.4703122
0.462828
0.01256301
0.1571328
-0.111862
0.1456397
-0.4239007
-0.352813
-0.277208
-0.1634615
-0.171155
-0.3513275
-0.08423319
-0.007390251
-0.1230554
-0.01198042
0.09015095
0.2238834
0.01997021
-0.03866417
0.1720776
0.2495475
-0.1017179
-0.2622689
-0.2946581
-0.2301368
-0.4203931
-0.281138
0.6504723
0.6156658
-0.3932294
-0.1281176
0.03128179
0.2404642
0.574949
0.492856
-0.08962513
-0.3165335
-0.3356591
-0.3945587
0.1674725
0.3227939
0.001242746
-0.08576546
0.02485763
-0.04418078
-0.2635237
-0.06787583
0.1584657
0.2504743
0.5557163
0.3914682
0.6839953
0.6333238
0.243803
0.06684903
-0.08548968
0.04569433
-0.04419398
-0.2376737
-0.4918389
-0.3284123
-0.2605241
-0.2745945
-0.268759
-0.2307404
-0.09085462
0.05576529
-0.137452
-0.2046231
-0.1981513
-0.1211262
-0.06160555
-0.03683534
-0.1773297
-0.2671153
-0.3256654
-0.236555
-0.1537377
-0.3663397
0.1068651
-0.03595512
-0.08537594
-0.1004431
-0.01921805
-0.2137483
-0.08946715
0.01446561
0.6341126
0.2098956
-0.2588529
-0.1022472
0.1727887
-0.2106775
0.0911881
-0.1317116
-0.1110591
0.3862601
0.3921484
0.1439616
0.09952608
0.2960097
0.3684436
-0.2978996
-0.167695
-0.2494947
-0.2739823
0.02064202
-0.2530344
-0.1292911
-0.2005862
-0.2438029
-0.2310346
0.05486454
0.2212643
-0.1614661
-0.2568667
0.3207383
0.1418878
-0.2038038
-0.3312605
-0.4153168
-0.3784367
-0.2510481
-0.4874634
0.5971778
0.5761235
-0.08489273
0.2042746
0.2746921
0.3472909
0.5686611
0.5783377
-0.2015494
-0.1317928
-0.08423394
-0.06186713
0.09235808
0.4876647
0.1410011
-0.1101374
0.1789093
-0.04618331
-0.2651617
-0.1594453
0.1452156
0.1726014
0.390267
0.3271358
0.2450075
0.0001704571
0.03621146
-0.01515079
-0.008437066
-0.1548811
-0.1763441
-0.05297171
-0.2427404
-0.0975726
-0.06610082
-0.1484767
-0.1115714
-0.1959217
-0.03563883
0.07224493
-0.186274
-0.3278512
-0.2420363
-0.37575
-0.01251636
-0.3156011
-0.1976425
-0.005464539
-0.3104846
-0.2116759
-0.0635643
-0.3197005
-0.00529636
-0.1409409
-0.4041574
-0.3678539
-0.154158
-0.178727
-0.08995834
-0.1919334
0.1705893
-0.08877726
-0.17437
0.2165472
-0.3245037
-0.1244364
-0.2114817
-0.05292676
0.3274721
0.4022477
0.0779319
0.05115032
0.03468797
0.4728037
-0.3364819
-0.1193057
-0.440189
-0.4061288
-0.07048598
-0.3144884
-0.1862879
-0.2813256
-0.2009069
-0.1169954
0.01925107
0.2454313
-0.2043944
-0.242465
0.3769048
0.1733768
0.01762815
-0.2048665
-0.1611257
-0.3276335
-0.2508732
-0.3357721
0.5151015
0.5498072
-0.2341002
0.3572002
0.0420401
0.3195015
0.4911661
0.5911197
-0.4018374
-0.2473555
-0.2800591
-0.2152513
0.1228675
0.6070312
0.1300208
0.1283352
0.2711907
0.1894161
-0.2159494
0.02238351
0.02244979
0.2503742
0.3511508
0.1782912
0.2667821
0.04541693
0.09474368
-0.03877728
-0.1057457
-0.1676777
-0.1749574
-0.1957707
-0.3061465
-0.2606466
-0.05612176
-0.3199694
-0.1199521
-0.3533628
-0.1283306
0.04134434
-0.1852707
-0.3243895
-0.1264536
-0.3219878
0.1438799
-0.3044424
-0.01931827
-0.1137108
-0.2603602
-0.2384942
-0.07683187
-0.1905256
-0.04096819
-0.2689163
-0.486575
-0.3201931
-0.1653154
-0.004230065
-0.002239576
-0.1603851
0.02499097
0.2531419
0.1846653
0.179433
0.1869597
0.212137
0.08831683
0.1160454
0.02790064
0.1803218
0.05794886
0.2142478
-0.07450378
0.07037808
0.04079814
-0.0373175
-0.007187644
0.08184627
0.1106567
0.1533331
-0.003956005
0.06941178
-0.09405055
0.1621243
-0.04044072
-0.1559803
-0.2652125
0.03817725
-0.03690458
-0.103832
-0.1859641
-0.1635122
-0.2772448
0.04848583
-0.3049655
0.002892313
-0.03309586
0.2118833
0.0471148
0.1898685
0.006738412
-0.01166386
-0.01920128
0.1840343
-0.2523651
0.1761635
0.1215749
0.05820071
-0.08967318
0.1755807
0.008223749
0.2181644
0.01241281
-0.05520694
-0.1576406
0.1031421
0.04460725
0.08855032
-0.02499929
-0.1152802
-0.2200079
-0.1299737
0.3009534
0.3627664
-0.009317364
-0.1580379
0.186444
0.071526
0.06743454
0.1645427
0.2221218
-0.1710536
0.0550495
0.09583941
0.07073065
-0.07172025
-0.1920479
0.05101737
-0.152802
-0.07718644
-0.1888559
-0.1036855
0.1501252
-0.2332018
0.04875884
-0.02432765
-0.1953693
0.1176663
-0.1510673
-0.1723149
-0.05626131
-0.2469613
0.009350327
0.002591395
-0.06187005
0.1314349
0.03049826
0.324644
0.2990668
0.3196715
0.04083745
-0.3892871
-0.1297833
0.08678711
0.07944261
-0.004022846
-0.01197442
0.335732
0.3088863
0.2155873
0.1318308
-0.1537726
-0.01607112
0.01298641
-0.05794294
0.1109503
0.09849985
-0.1448808
-0.3156883
0.1326476
0.2700698
-0.2160702
-0.3046787
0.04531819
0.2128042
0.3096329
0.252265
0.2184778
0.3384108
-0.2908001
-0.2583837
-0.1381099
-0.1679939
-0.28553
-0.3267755
-0.3509647
-0.2059653
-0.01926019
0.1699605
0.09140199
0.1081402
0.0404141
0.02089991
-0.1524718
0.09725701
-0.02099459
0.0379514
0.1474066
0.08126194
-0.2055057
-0.02595196
-0.2660388
-0.20736
-0.353666
-0.1859858
-0.121008
-0.1737021
-0.2360748
-0.03194625
0.2970015
-0.2330139
0.2101589
-0.09824654
-0.004346538
-0.04325279
0.2050024
0.1699002
0.05444672
-0.06096038
0.06420118
0.2548084
0.07606735
0.2563761
0.1824579
0.3884916
0.4391878
0.1441406
0.5064159
0.3546053
0.2387712
0.3190218
-0.1838092
0.06363431
0.03778464
0.1177318
0.1883073
0.2087016
0.1937236
-0.2049479
0.4178431
0.4637957
0.2759885
0.1147693
0.1726671
-0.285219
-0.1828887
0.4811111
0.1689479
0.5310274
0.09717368
0.4763579
0.3030018
0.3044585
-0.01396887
-0.01784481
0.02891005
0.224494
-0.05847529
-0.07562309
-0.1128053
-0.02885344
-0.2427708
-0.08206778
-0.1822534
-0.2784688
-0.068672
-0.3079258
-0.1948004
-0.1807076
-0.1225273
0.03576559
-0.0892191
-0.1992056
-0.156251
0.3076494
-0.1972985
0.2740151
-0.1357881
-0.2504997
-0.1983684
0.4705578
0.3613649
0.3734188
0.1845972
0.1163442
-0.2072369
0.1926585
0.101707
0.2625633
0.02749125
0.1110303
0.02744192
0.1178147
-0.1797015
-0.06762527
-0.2307455
-0.3122039
-0.1287677
0.02442295
-0.164423
0.2529524
0.04363902
0.08818799
0.1938827
0.3310702
0.1654258
0.1099946
0.3995829
0.1342486
0.359006
0.1035143
-0.04364735
-0.01905253
0.1160513
-0.09262673
-0.07254615
-0.2276564
0.09995981
0.1027504
0.08904896
-0.006916082
0.1166083
-0.02245887
0.125946
0.01678718
0.03868599
-0.03705573
-0.01879574
-0.1945194
0.02312344
-0.1563341
-0.02945812
0.01638699
0.1885249
-0.08919943
0.272819
0.1007353
-0.07450813
0.350759
0.2228848
0.2087267
0.247565
-0.1917735
-0.1056582
0.06150153
-0.1400183
0.1030623
-0.006054142
0.1245704
-0.02288054
-0.2622214
-0.1941737
-0.2527351
-0.144515
-0.2511399
-0.2997241
-0.1641212
-0.1199375
-0.1001011
-0.1413633
-0.128811
-0.1411071
0.02640284
-0.06857094
0.09450156
0.04692061
-0.04654742
0.2463382
0.1849145
0.3374152
-0.02139057
0.1068069
-0.09860559
0.1886133
-0.1774112
-0.1015715
0.1134723
0.05836494
0.258593
0.2970225
0.3336367
0.2588072
-0.1053919
-0.1482198
0.06277299
0.05145489
0.01677268
-0.1197013
-0.1875833
-0.02457454
0.03689418
-0.2004746
0.1814111
0.2062436
-0.2640602
0.02808326
0.08083005
0.1855476
0.150321
-0.01977312
-0.01026654
-0.2444642
-0.1952702
-0.1688691
-0.2527787
-0.2009713
-0.100573
-0.2072743
0.06129406
-0.3445443
-0.2025735
-0.1171906
-0.2803554
-0.2744011
-0.3458553
-0.04680682
0.07756404
-0.2279218
-0.1999407
-0.2091615
-0.1484683
-0.02738594
-0.2425127
-0.1352122
0.5582014
0.4956544
0.01549332
-0.2446748
-0.2912542
0.2349688
0.1294341
0.1461289
-0.2930999
0.6127316
0.3133227
0.3310795
0.3196569
0.05646668
0.2461658
0.0761894
0.06485729
-0.1383289
-0.191725
0.1299984
-0.3808043
-0.1311411
-0.0134498
-0.1152958
0.006258518
0.1462297
0.09625554
0.1795359
0.2071822
0.1497083
0.1547819
-0.2513004
-0.2794688
0.3637289
-0.3955816
0.06250602
-0.3535247
-0.2021066
-0.3450825
0.3823886
0.2025381
0.4254782
0.2830934
0.09257472
-0.4183413
-0.03900654
0.08406021
0.08012006
-0.001504952
0.08221405
0.07844617
-0.137717
-0.1327458
-0.1496703
-0.2594435
-0.3690074
0.02953063
-0.1269437
0.01318518
0.287236
0.1475203
0.3433321
0.184681
0.4192548
0.08193168
-0.008175122
0.3487717
-0.1178871
0.4364649
0.1476604
0.235812
0.2168785
0.2565264
-0.03135695
0.1345247
-0.2492573
0.3329469
0.09472099
0.2110843
0.1601259
0.2157865
0.241196
0.1048003
-0.01181105
0.3257476
0.2708393
0.1755944
-0.1787711
0.1259932
0.01041511
-0.01546627
0.2893803
0.1464973
0.04786272
-0.01895078
0.2965007
0.19521
0.1548429
-0.05421115
0.2319127
0.1311304
0.1694471
0.1776742
0.04245259
0.1596335
0.1177042
-0.1750349
-0.1129444
-0.1839916
0.146214
-0.115138
-0.1476752
-0.1009535
-0.005153803
0.08667446
0.05708427
0.05598425
0.06809522
0.1314387
0.05708589
0.04193513
-0.06929789
-0.1573231
0.2850861
-0.1006826
0.1349644
-0.111865
0.009688488
-0.05843041
0.05975807
0.1544607
0.1302085
0.1991384
0.005168759
-0.2605912
0.08117317
0.08736605
0.3042238
0.1214849
0.1658285
0.1595406
0.1239891
0.1014932
0.008883659
-0.2687776
-0.2069429
0.004546404
-0.1365811
0.04135617
0.2972701
0.1818619
-0.01371486
-0.01662432
0.2236711
0.1405354
0.01815505
0.09249818
-0.08141976
0.1544555
0.02765312
-0.1381801
-0.04977241
0.01872657
-0.1661028
-0.1108472
-0.1131852
0.00192737
-0.08659582
0.05702989
-0.0145162
0.1119038
0.02785612
-0.1080522
-0.1052236
0.1729682
0.01325215
0.008972053
-0.1157265
-0.04906114
-0.08551568
-0.1468274
0.4225226
-0.3437717
-0.3073394
-0.08654819
-0.1784077
-0.05557279
-0.423018
0.43225
0.3414791
0.2973583
0.4366273
0.2946689
0.4284435
0.1829577
0.1822892
-0.008434191
-0.2066094
0.06122095
-0.2768466
-0.160289
-0.02520765
-0.1198566
-0.08865442
0.2015349
0.2371086
0.1560723
0.3360619
0.3999631
0.1289365
-0.2235032
-0.1637664
0.1808838
-0.3191196
-0.193018
-0.4570529
-0.2482195
-0.322316
0.2698362
0.07521849
0.1636539
0.1257068
0.1541708
-0.2435011
-0.007827178
0.0002545072
-0.08332206
-0.03631439
0.02379951
-0.1256166
-0.3192781
-0.07178434
-0.2736322
-0.1563755
-0.2439972
-0.1252899
-0.2316563
0.04515432
0.3049652
0.1168483
0.07806814
0.4149959
0.2466686
0.1757797
0.2736492
0.3116997
0.02471882
0.3856751
0.09078159
0.2328843
0.2347706
0.2380489
0.09033504
0.06962336
0.105095
0.1120871
0.3086365
0.2451815
0.3330279
0.0740195
0.06850885
-0.05253487
0.1078997
0.2455234
0.2434073
0.1948804
-0.1684294
0.4384451
0.2333662
0.07705171
-0.2481672
-0.3095206
-0.04363212
-0.236665
-0.0657774
-0.1871062
0.005142944
0.09399367
0.3048332
0.3692552
0.4720672
0.4602049
0.4576967
0.1376445
0.05491382
-0.1288665
0.03721788
-0.00443711
-0.04854761
-0.05083444
-0.184077
0.05988441
-0.001451554
0.1792257
-0.06779194
0.2277774
0.4650948
0.004212202
-0.01327761
0.003234757
0.1052041
-0.04665448
-0.09999135
-0.1969291
-0.08742412
-0.1360156
0.1195331
0.1409454
-0.01152152
0.03372862
0.2057326
-0.1698841
0.2250636
0.1117189
0.142638
0.06940106
-0.02209109
-0.3123339
-0.1024556
-0.09699985
-0.1191029
-0.1177038
-0.08864751
-0.006274608
-0.1477806
-0.1027618
0.3974262
0.19334
-0.4025059
0.3877492
0.1466769
0.3008332
0.221514
0.1383783
-0.1026388
0.1073846
-0.0767568
-0.1859942
0.008799722
-0.04030219
0.02627868
-0.1067663
-0.04867529
-0.2753358
-0.05823813
-0.00161999
0.02557355
0.02664085
-0.4628614
-0.2300198
0.1294966
-0.113302
0.01688048
0.01382165
-0.2913876
0.151978
-0.08149773
-0.004529525
0.5471208
0.1869191
0.2918387
0.05033732
0.2243886
-0.5162651
-0.4725301
-0.2015768
-0.1063954
-0.1232515
-0.3057907
0.07952981
-0.0849515
-0.04767322
-0.1498535
0.08172686
0.2655056
-0.1339871
-0.1796491
0.2778195
0.1972935
0.1181577
-0.1570814
-0.1658301
-0.3239542
-0.3286469
-0.2518547
0.4156738
0.2750893
-0.07029385
0.248253
0.2885635
0.4440093
0.5586983
0.5361053
-0.2528026
-0.218271
-0.3665275
-0.3606704
-0.05777584
0.1406675
0.09330349
0.05282483
0.3027174
0.2869844
-0.1297812
0.008608191
0.2322562
0.4359465
0.371541
0.2958924
0.5552785
0.4354688
0.4488026
0.3603058
0.2037771
0.04684087
-0.1968895
-0.2627599
-0.4200206
-0.2416181
-0.08819259
-0.2888085
-0.3649626
-0.4470204
0.005793017
-0.1352504
-0.2024416
-0.2129177
-0.1146633
-0.2221247
-0.1059536
-0.2864718
-0.2763023
-0.1155934
-0.472041
-0.4274839
0.05741681
-0.3856274
0.3579514
-0.1821897
-0.0267463
-0.1216841
-0.01231817
-0.1445445
-0.2111993
-0.1777504
0.2859595
0.4491684
0.08574242
0.3998129
-0.3417447
-0.2437922
-0.2804106
-0.2366978
-0.2345434
-0.3917819
-0.1376746
-0.1363546
-0.1623626
-0.1294829
0.01788178
0.2554596
-0.05162292
-0.1624857
0.1798603
0.06193322
-0.199414
-0.3409953
-0.1974315
-0.3827948
-0.3883511
-0.2996051
0.2966505
0.318295
-0.2600411
0.1788113
0.1989008
0.3182036
0.4252237
0.5199357
-0.3311209
-0.2978694
-0.2410367
-0.1577805
-0.1958002
0.2883932
0.1811651
-0.026795
0.2989914
0.2733679
-0.01124903
0.2232455
0.1492153
0.3692885
0.4991433
0.2911812
0.5502679
0.3486979
0.3122198
0.3388804
-0.08006575
0.1100268
0.07793184
-0.2679467
-0.2523351
-0.215725
-0.1769834
-0.4058108
-0.1651296
-0.3173429
-0.01187215
-0.0324757
-0.08107408
-0.03691609
-0.1512184
-0.2092032
-0.04693699
-0.1631731
-0.007779283
-0.136742
-0.1849894
-0.142437
0.06570792
-0.2156976
0.07570679
-0.05752031
-0.1790921
-0.278772
0.001795143
-0.08481311
-0.04324301
-0.112515
0.6302528
0.5529362
0.4246634
0.168893
-0.08284331
0.05214349
-0.2102074
-0.1548564
-0.2322181
0.0467443
-0.1346464
-0.305691
-0.3142771
0.01377217
-0.155442
-0.2656855
-0.3822312
-0.1882486
-0.0612177
-0.3269357
-0.3185248
-0.293691
-0.3408832
-0.2565768
-0.2579492
0.06474253
0.1506427
0.0985948
0.03741179
0.480269
0.3175533
0.1030695
0.2380037
0.1604427
0.08963801
0.1665348
0.02979182
-0.1414467
-0.01420898
0.2238625
0.05160278
0.3815728
0.0829255
0.04711415
-0.03367017
0.1710224
0.09838502
0.3381152
0.028705
0.01678191
0.1162609
0.1168419
0.03882175
0.2155122
0.1996522
0.05753466
-0.1217955
-0.08763173
0.1056863
-0.1273056
-0.06620895
-0.1788407
-0.06461278
-0.1118476
-0.1483305
-0.2611642
-0.1736485
-0.1523477
-0.338807
-0.1479737
-0.07985773
0.01147999
0.09093117
-0.1448859
-0.1159426
-0.1014196
0.05949694
0.000427037
-0.2785257
-0.1946802
-0.2515483
-0.2417322
-0.1304715
-0.16599
-0.1415442
0.1717284
0.275808
-0.0241264
-0.2644674
-0.07524492
-0.1076196
-0.1270155
-0.1803381
-0.05526933
-0.06453023
-0.2385652
-0.1186338
0.02531136
-0.06877161
-0.09031165
-0.1182968
-0.1237792
0.05820991
-0.2062878
-0.1749481
-0.1249189
-0.1731462
-0.219072
-0.04144265
0.08531599
0.1139101
-0.1178438
-0.03237946
0.3176168
0.4078876
0.02932268
0.2019087
0.02498922
-0.07232025
-0.037871
-0.02137205
-0.2516997
-0.02078501
0.2798794
0.1754332
0.3596148
0.2630038
0.2229416
0.1654487
0.1255266
0.1317603
0.3369427
0.07413368
0.1305598
0.4059613
0.2097701
0.2576078
0.1340976
0.3963798
0.172638
-0.1358415
-0.1150388
0.03735192
-0.1158019
-0.1269425
-0.2683605
-0.1354803
-0.1498613
-0.1303242
-0.08527781
0.03006724
-0.0853748
-0.1758002
-0.04021486
-0.01383502
-0.1428415
-0.1660937
-0.2245264
-0.1165162
-0.04861583
-0.04540851
0.04568248
-0.1995097
-0.01431401
-0.1474819
-0.1143477
-0.1082114
-0.100205
-0.3112078
0.4477907
0.3785171
0.1296791
0.1145138
-0.2396433
-0.06892118
-0.3071563
-0.06622393
-0.261486
-0.1192825
-0.03821519
0.2129398
0.1306405
-0.1636098
-0.2787299
0.1195695
0.07257495
-0.4011562
-0.3412036
-0.4141762
-0.4385158
-0.3175475
-0.3682002
0.1081457
0.1488172
0.3945756
0.03617475
0.5949376
0.20096
0.1504849
0.2085261
0.3346889
0.2438012
0.5486332
0.3805937
-0.003830891
0.1901347
0.0605145
-0.1426285
0.1470517
-0.08231926
-0.01189517
-0.1139164
0.1311792
-0.1003875
0.1556424
0.07962627
-0.06622521
-0.1808731
0.1296481
-0.05151691
0.06540795
-0.2041055
0.1131934
-0.02268101
-0.03019891
-0.0739214
-0.3195786
0.02737676
-0.122934
0.06545707
0.04949533
0.04258047
-0.0845232
-0.1318328
-0.3443541
-0.3259261
-0.3219962
-0.1413892
-0.06316615
0.1416874
-0.163757
0.09276779
0.08529306
0.08885417
-0.06359698
-0.1234978
-0.2290845
-0.2146263
-0.2439311
-0.2378112
-0.1668472
-0.1910284
-0.15358
0.06153368
-0.253299
-0.4124463
-0.3080459
-0.3786135
-0.2015336
-0.3453983
-0.2515719
-0.04149281
-0.07411574
0.2935959
-0.1684807
-0.233983
0.1643693
0.1963253
-0.2035417
-0.2664797
-0.3076622
-0.5089224
-0.3293303
-0.2143574
0.331891
0.3626395
-0.1115282
0.4263325
0.3795001
0.4730429
0.2416683
0.4712744
-0.2600466
0.06746361
0.03371202
0.1842105
-0.07590945
0.4695998
0.238498
0.184374
0.2703169
0.1828752
-0.1525455
0.1613607
0.1661196
0.2155479
0.3386994
0.126542
0.2028385
-0.04736738
0.1084561
-0.119903
-0.3246806
-0.1895676
-0.1097328
-0.3016603
-0.2876001
-0.03761029
-0.4042679
-0.4818808
-0.1344418
-0.478321
-0.3099684
-0.2408863
-0.3727839
-0.3891404
-0.3747435
-0.4311949
-0.06560489
-0.2656257
-0.1224523
-0.2736738
-0.1759278
-0.1247935
-0.07900729
0.1387642
-0.1465672
-0.3472889
-0.6671922
-0.6171622
-0.1554133
-0.3525178
-0.3035652
-0.2022158
0.52555
0.2879151
0.2404689
-0.01090289
0.2113534
-0.03946405
-0.0819084
0.1216324
0.1427602
0.2818712
-0.1670221
0.03905461
0.1127254
-0.03696372
-0.01072846
-0.02011692
0.1120775
0.1984935
0.2462642
0.1573979
0.138271
-0.4281917
-0.2630748
0.3363359
-0.3666746
0.1138009
-0.3581216
-0.4040577
-0.4276478
0.4910785
0.335398
0.6581846
0.5257304
0.02947378
-0.2238428
-0.1780171
-0.1206206
-0.1763978
-0.2081252
0.262349
0.08538071
-0.06417981
-0.1870308
-0.1944189
-0.2305252
-0.4500454
-0.2803665
-0.1499479
-0.07626602
0.08606502
-0.07921173
0.3883909
0.09806089
0.3371313
0.05708348
-0.06864617
0.2768166
0.001004295
0.4505304
0.1308047
0.1177395
0.2271352
0.2335397
-0.08742417
0.06922301
-0.2487612
0.2153238
0.2257263
0.3128274
0.342365
0.3118887
0.3000213
0.3098893
-0.188549
0.1723807
0.2306133
0.1786072
-0.1457533
0.1726093
0.2364523
-0.004063797
0.09703745
0.01504559
-0.04764467
0.1906804
0.1017698
0.02847929
-0.0003303863
0.02755409
0.05497019
-0.1243215
-0.0757063
-0.01376819
-0.06197007
-0.0323648
-0.05012107
-0.01840277
0.02645326
-0.01951582
0.1835186
0.0301031
-0.2499807
-0.09166776
0.203162
-0.1270246
-0.06776502
-0.408556
-0.3457726
-0.3257257
0.2414253
0.301267
0.4570828
0.5164235
0.2428365
-0.03489436
-0.1783785
-0.09901957
0.04208695
-0.2188217
0.04254798
0.09592887
0.08384822
0.02998605
-0.2363291
-0.2526451
-0.3251778
-0.3460896
-0.2008031
-0.1933261
-0.1157243
-0.1014598
0.0274452
0.1031538
0.2634715
0.1902232
-0.006942382
0.06234518
0.08593882
0.1714996
0.04241481
0.004205523
0.004886317
-0.04016211
-0.1148276
-0.0633872
0.03534267
0.1226591
0.2796443
0.08617071
0.3035762
0.2944508
0.1502234
0.227468
-0.2086518
0.03592865
-0.05661232
-0.05445993
-0.117423
0.1755831
0.2683089
0.2393418
0.6489457
0.3812282
0.3985985
0.5346929
0.3865219
0.1738004
-0.03133854
-0.02532459
-0.09305413
0.1357419
0.2284398
-0.2252664
-0.05840921
0.1114454
0.2443262
0.2356066
0.4297507
0.4745256
0.1653091
-0.2251055
-0.191527
0.1834227
-0.3564091
0.07188121
-0.3232452
-0.1457546
-0.3149554
0.3818724
0.3922164
0.1819907
0.006035407
0.05064042
-0.369901
-0.003733482
-0.03142488
-0.08540273
-0.01473058
0.0003783892
-0.1069818
-0.05684602
-0.132101
-0.1679132
-0.1323156
-0.2705196
-0.03019037
0.03138519
0.05334393
0.4162951
0.2127947
0.07987387
0.1948836
0.4588437
0.2479224
0.0843048
0.4003543
0.07426136
0.4973423
0.09042923
-0.08854699
0.1884188
0.3391673
0.1441922
0.2158305
-0.2595365
0.2524361
0.103861
0.2310886
0.3046382
0.4187071
0.2072676
-0.02720432
0.132929
0.07483881
0.3946137
0.2244275
-0.2311403
0.1510932
-0.1538396
-0.01749437
0.4354693
0.5112552
0.4535633
0.2607642
0.2662431
0.006939972
0.1417989
0.05581406
0.1538183
0.3055445
-0.03732176
0.1510138
0.272666
0.3861051
0.3083625
0.5652428
0.5440603
0.2530017
-0.1825182
-0.2458908
0.03459569
-0.3743836
-0.08950878
-0.2965858
-0.1040893
-0.3206133
0.2272363
0.1605013
0.01465978
-0.004925545
0.008101744
-0.4705862
-0.04231318
0.05945464
-0.1723182
0.0601588
0.01165041
-0.03099042
-0.205883
-0.1012662
-0.1781047
-0.07039608
-0.09072728
0.1376266
-0.1375441
0.2551124
0.4514641
0.3364378
-0.03321922
0.2441214
0.3035207
0.1680772
0.172555
0.3096745
-0.06545513
0.3754161
0.03312619
-0.06661945
0.2788317
0.3937347
0.1314671
0.1971282
-0.2628401
0.1807415
-0.02297565
0.1726099
0.2767963
0.1752468
0.1494521
-0.1959591
0.1851936
0.2043789
0.4516413
0.255507
-0.1544896
0.2242728
0.02935399
-0.03756071
0.5462141
0.3283653
0.09422826
0.0623346
-0.1394713
0.1163651
0.1456104
0.02098745
-0.08744427
0.09734267
0.1406211
-0.01388432
0.1087318
0.02310816
0.3109901
0.4460751
-0.04120389
0.0417973
0.07274961
0.1939884
-0.05266189
0.03596477
0.04590434
0.07224513
-0.04169351
0.07868577
0.05343386
0.03832537
0.05889933
0.02728398
-0.06593804
0.09015878
0.007672323
-0.1188413
0.08805815
-0.014693
-0.3645254
-0.07513837
-0.1384916
-0.04202532
0.04979539
-0.1302714
-0.02962409
-0.1009112
0.2186791
0.5714875
0.3191487
-0.2311079
0.4014988
0.2895554
0.2906534
0.3486489
0.294314
-0.06319168
0.1887252
0.08041528
0.1119212
0.3082649
0.1491563
0.1722401
-0.1557289
-0.02940344
-0.174531
-0.106555
0.08416389
-0.02352663
0.1061696
0.003005847
-0.2779759
0.03690113
0.05593275
0.1813693
0.09716852
-0.3468319
0.3526437
0.01361472
-0.07846347
0.2370678
0.3628363
0.132685
-0.03329602
-0.008922329
-0.0717598
0.001585083
0.1444629
-0.100676
0.01504452
0.2857489
0.4257693
0.3080589
0.4747619
0.6827996
0.3159824
-0.2792164
-0.228053
0.1977399
-0.05595782
-0.08070479
-0.2224092
-0.2659792
-0.4507492
0.1294845
0.1200376
0.01480067
0.2040731
0.01730041
-0.491993
0.07221095
0.07522799
-0.08888793
0.1617181
0.1162195
-0.08062218
-0.09891821
-0.07058147
-0.1881587
-0.1545921
-0.2362078
-0.1085554
-0.1858858
0.1852525
0.4313636
0.3178771
-0.1247637
0.4920745
0.5114253
0.4281459
0.3219715
0.3488308
0.01639313
0.3405842
0.07523875
0.0452779
0.1843917
0.1683505
0.214095
0.1237075
-0.05276556
-0.0463012
-0.1446575
0.04196322
0.1379744
0.1725196
-0.007565547
-0.07234277
0.06122311
0.09701366
0.2790381
0.06621026
-0.2069138
0.329263
0.1222456
0.1981534
0.3413611
0.08377706
-0.2692919
-0.1077581
-0.1592099
-0.02592914
-0.1074844
-0.3073138
0.008873561
-0.009836507
0.0371997
-0.04056945
0.148741
0.4587065
-0.055884
0.03864794
0.006142609
0.07241469
-0.2587651
0.01436765
-0.2166796
-0.05362345
-0.1194689
0.238806
0.1365759
-0.07544604
-0.2176757
0.1712503
-0.2511796
0.004903113
-0.0403917
0.1420619
-0.08685781
-0.1078114
-0.1651885
0.139998
0.03571106
-0.1073471
-0.1239021
-0.05494467
0.1178739
0.07121017
0.1618578
0.4695389
0.1914859
-0.2439243
0.187003
0.1824126
0.2758841
0.2305461
0.2497125
-0.1089092
0.1934644
0.01658739
-0.4403643
-0.110769
-0.09432552
-0.07814101
-0.2041145
-0.09007663
0.06081974
0.002545728
-0.03912698
0.02063005
0.04617115
-0.06999109
-0.2620401
0.3110373
-0.2776911
0.1640818
-0.006577719
-0.3057833
0.07941381
-0.08756654
0.01621795
0.05549486
-0.1097317
-0.1023153
-0.1504445
-0.1024116
0.0705122
-0.3036905
-0.2334812
0.08645613
0.04793371
0.0598547
0.1984055
0.3480357
0.1040824
-0.16888
-0.1506541
-0.1448532
-0.3250772
-0.2921451
-0.3008655
-0.1197163
-0.25412
0.1509096
-0.1662713
-0.107008
-0.2178337
0.1885089
-0.2545541
-0.2274938
-0.2065806
-0.01091962
-0.01985965
-0.07877032
0.02108471
0.05543601
-0.03515529
-0.1160341
0.06435497
0.0845131
0.1619193
0.1836443
0.2723622
0.2033922
0.2509208
-0.02068242
0.4498552
0.260309
0.3411247
0.1230343
0.225228
0.02639378
0.2466914
-0.00914811
0.06986495
0.05012582
0.1200834
0.1451558
0.1453082
0.01465148
0.2622867
0.05274967
-0.0006296207
0.1183711
0.09710631
-0.07794285
-0.09045962
0.3178682
-0.142253
0.2644188
0.08514299
-0.1669988
0.24994
0.1571203
0.3858093
0.711758
0.3509917
0.2732156
0.7441091
0.7118981
0.27667
0.06872579
0.2060429
0.3572731
0.2776573
0.3798438
0.3023809
0.3644161
-0.1387894
-0.221049
-0.137625
-0.1660506
-0.2435781
-0.2437668
-0.2210496
-0.1833489
0.04747065
0.03431355
-0.05336287
0.09633407
-0.02541014
-0.0741826
-0.2829053
-0.04892693
-0.1446825
-0.05036192
0.09906186
-0.04946436
-0.03262299
-0.03809381
-0.2318254
0.05236655
0.04729681
-0.1072594
0.1485602
0.1354239
-0.07075478
-0.1392519
-0.1254498
-0.04361144
-0.04763466
-0.2354609
0.1803191
0.147837
0.08720393
0.1617403
0.08429235
-0.04663592
0.1887054
0.2856968
0.2604577
0.4311529
-0.146861
0.025996
0.0308051
0.120177
0.1977043
0.2438892
0.1330066
-0.08896863
-0.08432893
-0.002695836
0.2685724
0.401808
0.09779212
0.1082301
0.113056
0.04307446
0.3706033
0.3602606
0.6981285
0.7093423
0.3323916
0.1925747
0.1552813
0.2981431
0.2877421
0.2177102
0.06833396
0.4280634
-0.07429832
-0.1330737
-0.1501038
-0.03914594
-0.1603466
-0.05816236
-0.2926989
-0.1217525
0.03100519
0.06798637
0.006973981
0.1795203
-0.1086487
0.04378275
-0.2800868
-0.01237125
-0.1690144
-0.03390268
0.06246434
0.01411319
-0.008306554
-0.05479636
-0.08447215
-0.03490195
0.00440959
-0.03019474
0.05476903
-0.1056589
-0.3363806
-0.1471442
0.04181476
-0.268283
-0.1554101
-0.2591681
-0.1646444
0.01536316
0.03754838
0.005513241
-0.008446257
0.07913892
0.1757724
0.2459125
0.1487875
0.4195923
-0.1618322
-0.02317201
-0.1093372
-0.06961362
0.09249197
0.2343243
0.05225465
0.1407065
-0.3493124
0.09472407
0.07028529
0.2907828
0.2348435
-0.1106328
0.09081709
0.01889334
0.6005908
0.1799958
0.1108987
0.5094693
0.3850878
-0.01357207
-0.07490217
-0.1569966
-0.05090848
-0.173852
-0.1283683
0.0918449
0.07769464
0.09340478
-0.215624
0.081528
-0.07431964
0.1706657
0.1607253
0.2173623
-0.1038359
0.3033723
0.3162089
-0.1183224
-0.00739048
-0.1479456
-0.221777
-0.02747763
-0.1548982
0.2060807
-0.0145171
-0.02297515
-0.1493414
0.2368276
-0.03508456
0.2066058
0.1073089
0.1017169
0.2602529
0.2175811
0.1167755
-0.05526799
0.1106877
-0.2103623
-0.1013807
-0.1558264
0.02158459
-0.2829257
0.124377
-0.03382078
0.123022
0.1407941
0.09609976
-0.04655959
-0.1532211
-0.3144291
-0.1279636
-0.09850615
0.1186377
-0.08192127
0.1372061
-0.05679739
-0.1725482
-0.1146412
0.01503145
-0.02962722
0.1606949
-0.2419577
-0.03139118
0.0411185
-0.08449475
0.2241809
0.046276
0.6018054
0.4129979
-0.1074622
-0.1857286
-0.219759
-0.1918511
-0.1967076
-0.2321456
0.2605176
0.2429477
-0.08290245
0.1023149
0.108114
0.2899228
0.3284566
0.3285809
-0.1422573
-0.119313
0.01633924
0.1603051
-0.04189081
0.3049675
0.03698885
0.01256511
-0.09499498
0.0848384
-0.04231271
0.09677333
0.1100799
0.06808728
0.2567211
0.1986439
0.3670578
0.06744759
0.1641554
0.1938917
0.03994289
0.02119718
-0.228333
0.002611721
-0.2255498
-0.05814414
-0.2008734
-0.1258643
-0.1511934
-0.1821139
-0.1422116
0.01566848
0.1499584
0.005649479
-0.0907791
-0.2607252
-0.1738233
-0.2624082
-0.2566112
-0.1562015
-0.1743833
-0.01740057
-0.0784178
-0.1685636
-0.05419973
-0.08048468
-0.2126098
-0.1156826
-0.2168589
0.02108346
-0.1115324
-0.146171
0.7877064
0.2925917
0.1089349
0.1396956
0.3039574
0.3387726
0.3521269
0.2340195
0.4835878
0.02923299
-0.1021084
-0.2194748
-0.1693498
-0.2803548
-0.165063
-0.2427307
-0.2307793
-0.09824518
0.06729544
-0.118172
-0.007230182
-0.03928277
0.02713084
-0.118295
0.05825511
-0.1806891
-0.1493787
-0.07979854
-0.1352002
-0.01058453
-0.02155498
-0.09590659
0.06323025
0.01871429
0.01025643
0.04412095
-0.1010058
-0.2264287
-0.1345863
0.03470077
-0.2148779
-0.04177779
-0.1576763
0.07963642
0.1927083
0.1723823
0.119059
0.08490529
0.002599146
0.3236168
0.3569748
0.2681392
0.5588497
-0.110428
0.1720486
-0.08239123
0.02427186
0.1621823
0.276306
0.1166554
0.09628247
-0.1755072
0.2293802
0.2291711
0.3570732
0.3169807
0.01934836
-0.02755488
-0.06943447
0.1781705
0.1185333
0.4298212
0.6302345
0.5728717
0.5806065
0.3845609
0.6977867
-0.1204702
-0.2187664
-0.2106029
-0.1850705
-0.3369591
-0.3067096
-0.2499926
-0.2939429
-0.03901841
0.1165013
-0.1419086
0.02819649
-0.04640324
-0.1327498
-0.2452409
0.0789041
-0.1491004
-0.04502909
0.0005781903
-0.02705573
-0.1592483
-0.01697122
-0.2327023
0.02510703
-0.04434761
0.05769136
0.02315943
-0.08722176
-0.2774276
-0.1500746
0.1564429
-0.1958976
0.03557754
-0.2687483
-0.008710747
0.07656929
0.09352161
0.1542752
0.1390644
0.08500201
0.3089142
0.4518781
0.2257366
0.7097539
-0.111265
0.2547959
0.002027826
0.09106216
0.3061872
0.2817405
0.2376863
0.135969
-0.09971579
0.2806469
0.3120346
0.4020177
0.2884674
-0.0154637
0.05318447
0.03807887
0.5051769
0.2973913
0.05537829
0.01943455
-0.1089982
-0.1550075
-0.03208728
0.4228714
0.3012708
0.113916
0.206298
0.1199175
0.1850746
0.3055102
0.2558822
-0.2423502
-0.07351555
0.01507992
0.1494833
0.006071893
0.3088532
0.04278944
0.1765826
-0.05125276
0.05551342
-0.2237225
-0.02144111
-0.1234703
0.03184335
0.2466144
-0.008691304
0.2877373
0.1268718
0.03498576
0.1937044
-0.000495382
-0.1239341
-0.08998718
-0.1766721
-0.1135916
-0.2368816
-0.1686269
-0.002141043
-0.1220734
-0.04437663
-0.03168241
0.1700366
0.1729775
0.02168845
-0.02014226
-0.03438734
-0.1694654
-0.1873363
-0.2240021
-0.04044349
-0.1374015
-0.01224073
0.1636227
-0.1567182
-0.1539347
0.1322939
-0.06953217
0.08288596
-0.003853759
-0.03645675
0.003404801
-0.2374143
0.2570682
0.2336947
-0.06887202
0.006952568
-0.002634217
-0.03594922
0.3754673
0.4000457
0.3099175
0.1624795
0.3099503
0.2322895
0.1708117
0.2080522
0.03890646
0.09078009
0.1644581
0.1807486
0.08152027
0.1192293
0.1926977
0.2308517
0.05577305
0.0629556
-0.2422636
-0.08788693
0.009005731
0.04392988
0.1566502
-0.006256717
0.2347176
0.3848807
-0.01748048
0.1398471
0.161075
-0.05836298
-0.1699498
-0.1114827
-0.1134024
-0.1669811
-0.4119836
-0.1137193
-0.4796016
-0.1039842
-0.242377
-0.06747051
-0.05579001
-0.147801
-0.3978896
-0.2064005
-0.4286065
-0.06982117
-0.4263806
-0.2527657
-0.2560071
-0.06730115
-0.04465771
-0.06414686
-0.1460416
-0.07456648
-0.1893569
-0.2005008
-0.1962076
-0.3312387
-0.3413976
-0.1422935
0.7450687
0.6784247
0.4920151
0.3567237
0.5824264
-0.02079647
-0.07604667
0.09886303
0.1231623
-0.1392873
-0.1961488
-0.01391085
-0.14969
-0.2086612
0.07245196
-0.2951892
-0.176232
-0.05071375
-0.1963089
-0.07039658
0.244352
0.04326063
0.1618714
-0.2090426
0.1328236
-0.2572761
0.1302992
-0.1368071
-0.2351424
-0.02525207
0.1013802
-0.1389294
0.1525048
0.007024204
-0.01398241
0.001121847
-0.1608025
0.01109877
-0.1302367
0.0003219574
0.02682261
-0.1904538
-0.01014137
-0.04422818
0.06168803
0.03191939
0.1218032
0.1518692
0.3812658
-0.07920396
0.1189879
-0.05425961
0.09925756
0.0757407
-0.01269028
0.272693
0.08490702
-0.07245956
0.1257209
0.2334204
0.2351333
0.08589011
0.05682091
-0.06468637
0.08561359
0.7276234
0.7236517
0.5880046
0.7485955
-0.2251824
-0.2601925
0.09703812
0.1072577
-0.216339
-0.2356301
-0.2252303
-0.2743684
-0.1603853
0.1807981
-0.1571678
0.007870031
-0.107071
-0.3041467
-0.03664624
0.2283934
-0.01856082
0.2326907
-0.02723333
-0.01977929
-0.2226592
0.08083035
-0.3719163
-0.08499172
-0.2240961
-0.02325549
-0.2223618
0.01320823
-0.03156661
-0.01235548
0.01317725
-0.03057352
0.1092862
-0.0689837
0.1332588
0.06160747
-0.0264816
0.05611624
0.02815469
-0.06247164
0.05277098
0.2636534
0.2232828
0.4948493
-0.05909008
0.1543457
0.03204984
0.1353024
0.3159147
0.153743
0.2189359
0.1211962
-0.1492714
0.1008642
0.3049428
0.2408986
0.1503918
0.02237428
0.05076003
0.1263072
0.7440304
0.5093186
0.7898931
-0.360364
-0.4020503
-0.05737669
0.01061808
-0.3142032
-0.2602887
-0.3110103
-0.4223376
-0.2512375
0.1120633
-0.275037
-0.1073435
-0.1260029
-0.3278765
-0.2127856
0.1647731
-0.1059345
0.1688607
0.0513798
0.1416526
-0.2018331
0.1158669
-0.3179102
-0.1960114
-0.3185254
-0.1360689
-0.1081339
0.00430096
-0.1076815
0.02208785
0.1451727
-0.1881222
0.2833762
-0.02356103
0.143671
0.09433229
0.1701533
0.06623573
0.1379004
0.09396526
0.2784122
0.3798931
0.2719522
0.569694
0.005948878
0.1898047
0.05484839
0.1026446
0.2994506
0.1709011
0.4233218
0.1872135
-0.1201947
0.2473576
0.3821348
0.3544721
0.2468807
0.2126671
0.1794199
0.1315525
0.6871387
0.673501
-0.3255366
-0.3297622
-0.1034414
-0.2441913
-0.3710056
-0.3315696
-0.2829146
-0.4208921
-0.04678875
0.204421
-0.1789205
-0.06108995
0.0264945
-0.3441494
-0.2228882
0.05314403
-0.2191882
0.03197422
0.09557713
-0.08746334
-0.2426365
-0.02860174
-0.4100573
-0.08112767
-0.3535613
-0.09815085
-0.1434886
0.06290924
0.07283706
0.1349884
0.1100512
0.09222766
0.3568676
0.05919383
0.3145722
0.1882362
0.1407926
0.2743659
0.07150483
0.02942518
0.3596245
0.4453998
0.2554936
0.4745274
0.02344927
0.2222777
0.1102709
0.1577034
0.4168736
0.2288579
0.2826379
0.02512597
-0.08837823
0.1828661
0.4789198
0.3615383
-0.01566029
0.2783679
0.1270165
0.1100327
0.5129446
-0.2412977
-0.2404915
0.007680344
-0.1639814
-0.2589498
-0.308647
-0.336134
-0.4533874
-0.0465862
0.07835834
-0.1476757
0.005352788
0.1730324
-0.3512316
-0.04845007
0.1033705
-0.06330344
0.05708263
-0.07543088
-0.1831367
-0.1281909
0.007712521
-0.3699187
-0.1186759
-0.3564074
-0.2047571
-0.1802728
0.137062
0.1865974
0.02256528
-0.01080261
0.287276
0.4465002
0.3342825
0.3362604
0.2604186
0.1176907
0.2251927
0.06818374
-0.07915583
0.2839647
0.2368002
0.1434443
0.2250213
0.03072772
0.1235402
0.003644866
0.04985548
0.3039606
0.1731413
0.1580037
-0.002713203
0.0440313
-0.04127159
0.2462804
0.05653891
-0.1827606
0.3301736
0.05074147
0.07394182
-0.2815806
-0.4278468
-0.1310936
-0.02473842
-0.4004522
-0.3105916
-0.4266632
-0.4565004
-0.2226443
0.1964263
-0.2638562
-0.01253266
-0.1360427
-0.331303
-0.1993046
0.1966146
-0.08079764
0.1195774
0.04910792
0.07003212
-0.2143981
0.0004894323
-0.3377643
-0.1950111
-0.2483462
-0.04102598
-0.03600182
-0.1115163
-0.2262052
0.04366468
0.1465809
-0.1249473
0.2002843
0.001972079
0.1146406
0.09434048
0.1662367
0.07189485
0.06261206
-0.0009030879
0.1612943
0.3979525
0.2324741
0.6059692
0.02151013
0.2562716
0.06950421
0.05334462
0.354605
0.1829935
0.2391271
0.2770359
-0.1159711
0.2266325
0.3008262
0.2988106
0.32716
0.1052713
0.1110314
0.1643452
0.8092092
-0.2459102
0.005570229
0.1631722
0.3431232
0.5690454
0.468052
-0.1882544
-0.247525
-0.293761
-0.3211648
0.3362712
0.4292119
0.04107455
0.07162588
0.02602679
-0.1238459
-0.5671761
-0.2920209
-0.08620953
0.05186147
0.5298693
0.232355
0.5524412
0.446498
0.14536
-0.006564209
0.04753922
-0.03661688
-0.2309436
-0.215082
-0.3670986
-0.1835147
-0.2350128
-0.1316156
-0.2722286
-0.2137176
-0.1702942
-0.03776929
-0.1966111
-0.2698712
-0.3418896
-0.3428885
-0.09144921
-0.1725114
-0.2652121
-0.2542605
-0.4220743
-0.2838152
-0.1706708
-0.3780818
0.1221345
-0.1533603
-0.3256844
-0.271969
-0.1839628
-0.2333909
-0.1400294
-0.2683778
-0.1823538
0.05655111
0.2777438
0.3471263
0.4342286
0.4866936
-0.0535921
-0.1459123
-0.09079844
-0.1905018
0.375216
0.5934449
0.09554948
0.01599041
0.002149819
-0.1478956
-0.4227753
-0.2815999
0.0007346776
0.1541299
0.5588245
0.2528796
0.4629103
0.3708881
0.0280984
0.04042552
0.0218116
0.001100364
-0.1013578
-0.2238451
-0.3190924
-0.1229935
-0.2905381
-0.235104
-0.3772744
-0.2141341
-0.2598673
0.02499132
-0.2125989
-0.3584539
-0.3711016
-0.4090537
-0.05347814
-0.1783181
-0.2033058
-0.2295807
-0.391111
-0.2681133
-0.1720569
-0.2927459
-0.06551109
-0.3072951
-0.3250071
-0.3569834
-0.3092114
-0.1879482
-0.1480442
-0.2234329
0.3032755
0.5453037
-0.02198655
-0.1115309
-0.1148838
0.3807077
0.3826343
0.5829566
0.4490759
-0.107057
-0.2748314
0.252882
0.08201194
0.1421258
0.05907147
0.1344272
-0.006429588
0.05131624
-0.1462126
-0.2518601
-0.2738525
-0.3828801
-0.1951642
-0.2065147
0.04699419
0.2763455
-0.1695999
0.0211382
0.1055546
0.3178934
0.08976981
-0.172806
0.176203
-0.2105034
0.2237196
0.1685879
0.08262961
0.04186801
-0.1153821
-0.1293112
-0.09867792
-0.3235214
0.0162285
-0.1711806
0.2376132
-0.1399737
0.1207504
0.108992
0.2323382
-0.07707175
0.1264652
0.0695583
-0.006916763
-0.1179491
-0.1711411
-0.2071362
0.0128748
0.3026827
0.4474782
0.01534543
0.3512389
-0.400027
0.1462865
-0.04101708
0.1851304
-0.2631258
0.2426937
0.333185
0.286631
0.2181984
0.4298328
-0.03549713
-0.03499718
0.04987552
0.2705697
-0.08615115
-0.06045537
-0.0718164
-0.2170136
-0.1032208
-0.05250502
-0.2427383
-0.1413672
-0.2685294
-0.3116631
-0.0716656
-0.02268092
-0.1104152
-0.4814272
-0.03960981
-0.5217637
-0.0820386
-0.09249234
-0.3028685
-0.3455427
-0.03330812
-0.1295664
0.03215792
-0.3741993
-0.233885
-0.07940255
-0.2334435
-0.1984611
-0.08089756
0.1553995
-0.1758724
-0.1435364
-0.3776434
-0.3415211
0.1877384
-0.2924419
-0.2207222
0.01443695
0.565022
0.2226862
0.2780756
0.3630789
0.2714456
0.3420263
0.27624
-0.2122753
-0.04338578
0.3359868
0.1319825
0.268765
0.1373996
0.08279839
-0.06082369
0.07259736
-0.01503083
0.2121268
-0.04425987
-0.02321706
0.07092317
-0.02556463
0.1138767
0.2331133
0.05007149
-0.03140653
-0.1352915
-0.05021126
-0.003707566
-0.3256316
-0.1289783
-0.4486156
-0.1227641
-0.01529084
-0.09395651
-0.1627042
-0.2957056
-0.3620627
-0.4230989
-0.4275052
-0.2870177
-0.3717338
0.003693407
-0.4141026
-0.2302034
-0.007795257
0.0458652
-0.03816931
-0.1788181
-0.09905909
-0.3179147
-0.2932325
-0.3642584
-0.3156746
-0.1924533
0.3130945
0.4874431
-0.1269321
-0.007762753
-0.1721778
-0.05551639
-0.2105344
0.2392809
0.343479
0.2734796
0.1538455
0.3063316
-0.1314203
-0.08596962
0.03567764
0.1145068
0.2462576
0.2830248
0.1982783
0.1943937
0.05499511
0.05929092
0.05380925
0.1800624
-0.2024689
-0.2058488
-0.2921464
-0.00720616
-0.1485604
-0.3050155
-0.2706847
-0.5228105
-0.2163012
-0.08702654
-0.1424271
-0.2785319
-0.2137691
-0.4472098
-0.02892372
-0.423663
-0.4070397
-0.2749964
-0.421226
-0.5154382
-0.1274424
-0.05552963
0.02009368
-0.2821648
-0.2445179
-0.4056559
-0.112083
-0.2226362
-0.1509248
-0.2802382
0.6368782
-0.1214045
-0.2728842
-0.2832369
-0.3240079
-0.01735942
0.270266
0.08402573
-0.161087
0.1932756
0.1022526
-0.2577059
0.02495366
0.0766605
0.09033898
0.4259159
0.3595687
0.5160422
0.2621951
0.2212873
0.1366645
0.1794985
-0.0668854
-0.1373651
-0.03846096
-0.3765339
-0.3706915
-0.1563553
-0.2032484
-0.2421696
-0.1868428
0.05842505
0.047598
-0.1281183
-0.1633203
-0.1730603
-0.3546495
-0.08215351
-0.1508104
-0.04496787
0.0537708
-0.2360308
-0.1885303
0.06062699
-0.3673435
0.2119312
-0.09967722
-0.1436196
-0.2148549
-0.2666424
-0.06349418
-0.1687377
-0.08205897
-0.1783624
-0.1016318
-0.214003
-0.1805998
-0.1460217
0.4696307
0.1455133
-0.08164051
0.2495482
0.2906672
-0.137739
0.05507035
0.07782471
0.2360187
0.3718133
0.3654176
0.4705932
0.2794331
0.1619484
0.1339607
-0.07003914
0.04112801
-0.1481336
-0.231943
-0.5087238
-0.2550998
-0.1592507
-0.4563332
-0.2258452
-0.3676417
-0.1829184
-0.06156209
-0.3123732
-0.2533646
-0.1010474
-0.4439127
0.000776616
-0.2868319
0.02616263
-0.02838159
-0.1957986
-0.2367515
-0.05537417
-0.2845268
-0.04478139
-0.2240137
-0.4105933
-0.2989321
-0.1883996
-0.1457561
-0.1123293
-0.1889863
0.3497434
0.4892618
0.2231014
0.02799483
-0.2859391
0.04351021
-0.1463597
0.004676244
-0.2338103
0.1575919
-0.1462665
-0.001381382
-0.266497
-0.1121305
-0.1160658
-0.187989
0.04664903
-0.1060751
-0.04850347
0.385268
0.1535809
0.1191419
0.2996459
0.1298335
0.01228852
-0.03258962
0.3952399
-0.167703
0.5068129
0.1640351
0.06777652
0.08241335
0.1290029
-0.06036893
-0.03319305
-0.2454729
0.1561019
0.08599025
0.2062623
0.08867571
0.1354607
0.0215087
-0.01646061
0.1208479
0.08414344
0.2641548
0.2232857
-0.2935448
-0.05681946
-0.02167105
0.07592014
0.2884035
0.3228181
-0.1122249
-0.1307691
0.05224969
0.1253585
-0.04588548
-0.03664197
0.1217974
-0.05320903
-0.03841614
-0.140351
-0.2877497
-0.1583258
-0.4301219
-0.1691947
-0.08075978
-0.3568048
0.05976368
0.1137325
-0.03599778
-0.07173365
0.3388704
0.04952893
0.006175712
0.1216157
0.0184064
0.1858084
-0.03824906
-0.1989595
-0.1466159
0.1059122
-0.05260954
0.0570745
-0.1858743
-0.04400128
0.07739808
0.1674975
0.2490601
0.1275168
0.1439524
0.2428987
-0.1204436
0.05712373
0.120344
0.07663642
0.02704348
-0.1353118
-0.07636159
0.0003873228
0.7622954
0.03739102
0.02896129
0.02653173
-0.0672681
-0.07697443
-0.2106996
0.1957787
-0.0865105
0.1287237
-0.1205789
-0.1406349
-0.07692115
-0.399136
-0.3035368
-0.1783995
-0.03476319
0.05322341
-0.1613281
0.2352696
0.1323311
0.2697325
0.08460437
-0.237388
0.1054335
-0.1808236
0.2501201
0.04344576
0.06432913
0.05741337
-0.1048672
-0.2104066
-0.1178148
-0.2998881
0.1091874
0.03646858
0.2475763
0.07647544
0.4046327
0.08055925
0.274469
-0.2468455
0.01581169
-0.03153052
-0.04498314
-0.1865305
-0.2104124
-0.04793192
-0.03612748
-0.08819628
-0.01241239
0.07083923
-0.01006638
-0.05489206
-0.05134084
0.3021412
-0.004275689
0.07654354
-0.05922918
-0.1820733
-0.08299008
-0.3910729
-0.39244
-0.1967484
-0.0244235
-0.104557
-0.1116973
0.05353242
0.1229611
0.2677053
0.1124667
-0.1873977
-0.1124453
-0.1476313
0.04005315
-0.07858718
0.0227102
0.012991
-0.1444204
-0.2026955
-0.119149
-0.1626307
-0.1697261
-0.07912636
0.07479307
0.1258099
0.3176048
0.02343251
0.1947717
-0.3503183
0.02527905
-0.1536276
-0.1701142
-0.1996501
-0.2135147
-0.003219865
0.04485532
0.2148791
-0.2054333
0.06047518
-0.1489849
-0.2109855
-0.3286059
-0.2683486
0.0783172
0.1517914
0.03012338
0.1240621
0.1058987
0.1520431
0.1108247
-0.02733906
0.03565621
-0.2205036
-0.03563855
0.01629869
0.1570986
0.01774576
0.02561593
0.1547286
0.008689007
0.09482609
-0.1628995
0.06449738
0.04637418
-0.1140837
-0.2142331
0.008113634
0.1260244
0.1596944
0.01938324
-0.1886135
-0.1397685
-0.05283173
-0.05130468
-0.2604154
0.06307067
-0.1212227
-0.06031253
-0.06464928
-0.2357238
0.1296718
-0.02333678
-0.02808995
-0.006143749
-0.0299879
-0.02857213
-0.0344831
-0.238912
-0.1106201
0.1800889
0.2670131
0.2405171
0.2836297
0.2066975
-0.04464603
0.09197415
-0.1148701
-0.3588766
-0.3071381
0.05462914
-0.2814515
-0.361483
-0.2759245
-0.1937
-0.3818214
-0.06860636
-0.3823809
-0.1431756
0.04033845
-0.1118708
-0.2559265
-0.2305243
-0.2557937
0.2424048
-0.117504
0.03898404
-0.1538225
-0.1658343
-0.1133949
-0.0313885
-0.02543744
-0.197222
-0.2008031
-0.4043716
-0.2652742
-0.005078766
-0.06348235
-0.09304456
-0.2304875
0.5308855
0.4413314
0.3948528
0.004490278
0.01228974
0.04071113
0.09684033
0.1475887
-0.06061243
-0.06219656
0.07648062
-0.3054339
-0.02511634
0.1845533
0.103071
-0.140171
0.1635155
-0.03560914
0.1253254
0.0773308
0.0292034
-0.08486988
-0.07296761
-0.03976623
-0.0806429
-0.03651232
-0.1597016
0.0878774
-0.139331
0.00948323
-0.1478428
-0.1938584
-0.09307799
-0.135998
-0.1198651
-0.2475935
-0.02070441
0.1013406
0.01773524
-0.112997
-0.199254
-0.1318768
-0.1087535
-0.4040163
-0.2212854
0.2381506
0.4907621
-0.08870299
0.04914455
-0.1783767
0.1776943
-0.1252401
-0.1102152
-0.1223862
0.1842116
-0.185659
-0.0958018
0.02692567
0.07858386
-0.1007345
-0.09375975
0.1372887
-0.02465189
0.1394638
0.0519877
-0.05673082
-0.1325281
-0.1510794
-0.1457985
0.04794588
-0.009207207
0.04455997
0.1033889
0.004354815
-0.007810019
-0.1254725
-0.22136
-0.1183168
-0.1769914
-0.1143512
0.1296502
0.04447677
0.02685767
0.02536658
0.0224836
-0.007472199
-0.01101417
-0.1565097
-0.205688
0.4121099
0.08750839
0.1557674
0.3302503
0.3745227
0.106894
-0.1124091
0.007628382
0.1452854
0.01811802
0.1220269
0.157348
0.1649784
-0.102876
0.04135366
-0.1456943
0.01211459
0.09152846
-0.08222879
-0.2293877
-0.1472163
0.05910232
-0.1757451
-0.1714233
-0.1870029
0.08254659
-0.08822954
-0.01871584
-0.1038203
-0.06521413
0.001230942
-0.2168961
-0.06785489
-0.147055
-0.1000604
0.0399218
-0.1800258
-0.08967541
-0.08633229
-0.1582157
-0.07802572
-0.2279396
-0.07542324
0.1474806
0.3372825
0.006174442
0.3552688
-0.005947499
0.07562049
0.112161
0.1909912
0.09409934
0.2156917
0.1109821
0.2650757
-0.00597876
0.008163923
0.004032427
-0.024499
0.1586466
-0.1581561
0.02066695
-0.1985477
-0.0008529034
-0.04041991
-0.009725183
0.1736004
0.2056961
0.03121737
0.01815713
-0.1264666
-0.0142679
-0.1748806
-0.06031846
-0.1497875
0.03153118
-0.1206489
0.06440822
0.04757606
0.1102925
-0.02156497
0.006608332
0.1569665
-0.0341607
-0.04672946
0.2987239
0.1398992
-0.1009267
-0.1513713
-0.1337711
-0.2582018
-0.1332142
0.1184
0.102602
0.03429218
0.1521769
0.188542
0.1501734
0.07517988
0.05283424
0.1897595
-0.02753366
0.08963198
0.1468586
0.1227273
-0.09152346
0.08609342
0.1053195
0.1825267
0.08807272
0.1520954
-0.10674
0.1761984
0.09513783
0.07340811
0.0937695
-0.07800576
0.03852325
-0.1286229
0.03729688
0.2484672
0.2245425
0.09103534
0.06838898
0.1682572
-0.06229398
0.06188139
-0.02608775
0.05248338
-0.1435153
0.1053761
0.01174409
0.003824195
0.05611384
-0.2186136
-0.0008950778
0.1882422
-0.0603676
-0.03056054
-0.01681208
-0.1126139
-0.0250405
0.1421517
0.08493848
-0.07104433
-0.02263553
-0.0617642
0.1197423
0.03702987
-0.01937287
0.03177066
0.2064333
0.1171426
-0.06779982
0.1114309
0.05650352
0.1148843
0.1456369
-0.1009155
0.08871663
-0.004304387
-0.01347218
0.06298857
0.1485238
0.1656769
0.09320119
0.5805867
0.1568252
0.2293946
-0.03948721
-0.06535939
0.1631068
0.08424922
0.08475382
-0.05293628
-0.08645273
-0.006213107
-0.06001519
0.1404337
0.02543608
-0.02973848
-0.06793428
-0.2207356
-0.157821
-0.3615044
-0.2592701
-0.4066586
-0.003481812
-0.1332895
0.1232355
-0.1143412
-0.1083771
-0.04140294
-0.2482605
0.04309301
-0.100902
-0.07047666
-0.1296681
-0.2835231
-0.1018417
-0.1101953
0.03410776
-0.1428611
-0.151535
0.04908302
0.1196438
0.3332645
0.1070299
0.09964653
0.1086731
0.2028188
-0.01922684
0.05197078
0.01676535
-0.1890076
-0.1396786
0.02199693
0.1574173
-0.2742919
-0.120977
-0.3937228
-0.1267161
-0.2384088
-0.1141803
-0.2515482
0.1060991
0.02933447
0.2141771
-0.1274111
0.02770424
0.0005092287
-0.1295449
-0.09266621
0.09739323
-0.1149064
-0.03218486
-0.1486457
-0.02027499
-0.07338941
0.08166958
0.04837434
-0.07029405
0.006405907
0.185
0.5832342
0.3888541
0.129258
0.1455966
0.1561968
0.2004407
-0.005202185
-0.1266782
-0.3740768
0.0401468
-0.2055708
-0.07204121
-0.2251349
-0.1178243
-0.1302276
0.06146333
-0.145293
-0.1813832
-0.07401102
-0.2784014
-0.08901117
-0.2148362
-0.2400919
-0.1974658
-0.3153818
-0.13178
-0.1717393
-0.2905876
0.04680994
-0.06532216
-0.26967
-0.1602411
-0.1466605
-0.1571304
-0.1281124
-0.1270202
0.3072764
0.1721303
0.181721
0.1487469
0.03094366
0.01657717
0.006844361
0.09950588
-0.2477706
-0.1200979
0.09910835
-0.1482488
-0.1769216
-0.2437606
-0.1150262
0.06701345
-0.02791745
-0.1344356
-0.0104731
-0.09043716
0.08173453
-0.1674814
0.04444476
0.03666305
-0.1181562
-0.1330929
0.04935646
-0.2442778
0.1600569
-0.12196
-0.07945775
-0.216837
-0.09594667
-0.01381868
0.161141
0.04061029
0.6461
0.4179883
0.2646956
0.06092048
0.0910826
-0.1652618
-0.1060203
-0.4918705
-0.2054131
-0.1959104
-0.1867209
-0.16153
-0.1902833
-0.126672
0.02261048
-0.1405578
0.0036649
-0.1042633
-0.1294517
-0.103628
-0.103224
-0.09810644
-0.2809454
-0.2358682
-0.2807376
-0.1652438
-0.439996
0.2561494
-0.06836248
-0.0950515
-0.07037256
0.01878801
-0.01631172
0.01313835
0.0596561
0.320713
0.2337087
0.2671739
0.3931115
0.0009544498
-0.1366652
-0.2415436
-0.1678232
-0.1895417
-0.03427354
-0.3862808
-0.03039457
-0.1262418
-0.0267863
-0.04956959
0.0875397
-0.1164407
-0.01140812
-0.1978461
0.08164152
-0.1885641
-0.3420506
-0.2991172
-0.2802016
-0.1782435
-0.3436982
0.2237427
0.05433333
0.1620854
0.06624734
-0.009907893
-0.07879049
-0.06269464
-0.1081187
0.2745288
0.06544862
-0.04971242
0.08937672
-0.09032124
-0.05328659
-0.215289
-0.155252
-0.170853
-0.07984065
-0.123256
0.09862879
-0.05536951
0.01982289
0.1048911
-0.1683593
-0.03898263
-0.1335679
-0.08734623
0.049266
-0.1534145
-0.2212292
-0.09047424
0.1409645
-0.1953755
0.344072
-0.1442965
0.09408771
-0.03195224
0.03606272
0.04878352
-0.06911889
-0.1099735
0.3229645
0.2776221
0.1277745
0.1264596
0.07857924
0.0645164
0.02776137
-0.06156409
-0.3251798
0.02188095
-0.06201042
0.03779915
0.1731587
0.07248917
0.06229375
-0.09237603
-0.1219179
-0.02401451
-0.05642948
0.004942456
-0.203791
0.06687049
0.2669287
-0.3463141
0.09115487
-0.1542591
0.1755157
-0.02075998
-0.3083204
0.09750582
-0.01909708
-0.1616264
0.522652
-0.2367433
0.4434106
0.2462308
0.3221791
0.3301151
0.4764025
-0.2317571
0.2971931
0.07291671
-0.070135
0.09554947
0.09468512
0.0969685
-0.2051195
-0.1376384
-0.1802337
-0.1160137
0.1021044
-0.1656707
-0.08727071
-0.1368336
-0.4384816
0.3378246
-0.0009605843
0.3026496
0.1805212
-0.37647
0.1745493
-0.01507112
-0.05191486
-0.1488048
0.2634606
0.1178652
0.4116792
0.3149151
0.1977209
-0.1283663
0.1262739
-0.1363308
-0.08042768
-0.0001884876
0.227407
0.2914038
-0.07532947
0.009116086
-0.1607343
-0.04022542
-0.04906275
0.02127197
-0.03464006
-0.1730719
-0.3214157
0.06447047
0.02479652
0.2848324
0.1882838
-0.1390607
0.1468078
0.2175352
0.004782454
-0.1392336
0.1400261
-0.1527196
-0.1570434
-0.001696388
0.08931279
0.2699874
0.2741373
0.2951375
0.4031257
0.3651538
0.03453311
0.2877725
0.07972114
0.4414472
0.3255908
0.1875508
0.2271475
0.1773254
0.4490929
0.3475446
-0.05405155
0.2994025
0.3020114
0.1219473
0.1385939
0.1319035
0.06898067
-0.1713633
0.2339154
0.425815
0.433998
0.4671621
0.109751
0.3680521
0.0242963
0.1196867
0.1705934
0.1219388
0.2045835
-0.07176719
0.1360567
-0.08062214
0.06075881
0.09443156
0.1362335
0.0454127
-0.2563261
-0.2301243
0.3247382
0.0279457
0.1626565
0.108255
-0.3354649
0.271987
0.1225914
0.2492138
0.3377893
0.1438653
0.3598129
0.257635
0.4571233
0.07960023
0.05245276
0.2704671
0.2277191
0.03597847
0.1562466
-0.0637836
0.1744612
0.03178936
0.04603156
0.2173456
0.3501173
0.2191625
0.1223831
-0.01076691
0.1462459
0.2248684
0.03803082
-0.0997538
0.1585738
0.06204525
0.02537789
0.287325
0.269585
0.1648513
0.09935045
-0.1694388
-0.1123538
0.08890489
-0.07552611
0.1989398
-0.15941
0.1752119
-0.1481919
-0.1291345
-0.07296146
0.03321377
0.01212885
-0.3184693
-0.005851839
0.0161306
-0.04292194
-0.03335198
-0.104239
-0.1673562
0.1182221
0.08819646
0.07209834
0.5089757
0.4581902
0.2509065
0.1770438
-0.04663692
0.1719506
0.2274004
0.6272508
0.2296498
0.4614607
-0.008487555
0.3386317
0.2840274
0.2461382
-0.01340328
-0.05030636
-0.2544601
0.1273314
0.1404258
0.3096971
0.4237133
0.05563707
0.5236812
0.345369
0.1487862
0.3814019
0.7501624
0.1803458
0.1509194
0.2947381
0.3577953
0.4304933
0.315131
0.0462809
0.304217
0.0904325
0.2064564
0.1968215
0.2552708
0.02603336
-0.1476623
0.05293677
0.2838043
0.395655
0.5317908
-0.006823707
0.3343989
0.1860812
0.08326907
0.369673
0.1400688
0.04410176
0.162197
0.3539973
0.4377435
0.3596499
0.4489886
0.2820659
0.3902307
0.07231231
0.4714351
0.1903957
0.06925782
0.05662264
-0.08453033
0.291787
0.119403
0.3180068
0.4402912
0.330467
0.2662449
0.1504472
0.2445039
0.1853798
0.3103834
0.4527336
0.3224206
0.3079236
-0.08950236
0.4658399
0.2883411
0.2720258
0.4482379
0.5188512
0.1792003
-0.09030235
-0.04527326
0.3331987
0.4063499
0.4839346
-0.1014875
0.2895189
0.2050141
0.08884905
0.4195719
0.5031082
0.4347216
0.1645217
0.2277036
-0.1499808
0.1818068
0.06396985
0.2801852
0.1134432
0.1644158
0.3845627
0.08140135
0.338854
0.5391138
0.2897496
0.2678211
0.1534074
0.2756691
0.1663745
0.04872058
0.5960761
0.3425351
0.1417388
0.2650522
-0.01733055
0.1642668
-0.05847486
0.1522619
-0.05510151
0.02515789
0.2013491
0.04978963
0.04530625
0.5356571
0.03779412
0.1322846
-0.02517327
0.2558674
0.123016
0.1200853
0.5956005
0.2708469
0.3683731
0.03448789
0.2147839
-0.03179575
0.1256465
0.1214724
0.1882606
0.3015456
0.0818926
0.1180932
0.584544
0.3790076
0.3560266
-0.03170182
0.4423669
0.08071351
-0.1320452
0.3843133
0.5138889
-0.08844378
0.3733802
0.2655288
0.1968013
0.4419739
0.2310947
0.3980496
-0.009768239
0.1615072
0.5772131
0.5146939
0.5487832
0.1665906
0.4253951
0.1833638
-0.000525902
0.5634309
0.3629117
0.1028624
0.336319
0.3348798
0.3597547
0.2850974
0.05861609
-0.03392687
-0.07617627
0.2491045
0.4023521
0.6368688
0.237847
0.4227068
0.2275601
0.1061607
0.1073515
0.3861991
0.1619069
0.225698
0.3106062
0.3406198
0.1822089
0.1539885
-0.1083914
0.4495598
0.5140593
0.6552823
0.5106226
0.09219741
0.03864622
0.1947028
-0.02352804
0.38465
-0.030519
0.1916636
-0.1684689
-0.1787126
-0.04914342
-0.03610998
-0.03409007
0.02822654
0.1376206
0.1665844
0.2654424
0.2344944
0.005342784
0.3219835
0.2037134
0.3775365
0.3347681
0.3450037
0.3065404
-0.04225417
0.2540428
0.2253406
0.2294517
0.172467
0.2454627
0.03744503
0.1097055
0.452318
0.6552055
0.2576348
0.2779078
0.120954
-0.04703157
0.0179796
0.1859595
0.2475287
0.09179383
0.3981812
0.3803474
0.1188724
0.3530865
0.2927927
0.2862146
0.208028
0.02783817
0.1519949
0.231623
0.3212432
0.07464517
0.2821901
0.200975
0.05964589
0.472463
0.2975791
0.1777351
-0.120924
0.155548
0.2503927
0.3081196
0.099045
0.334476
0.3358415
0.2318636
0.319781
0.1310371
-0.3766296
0.127334
0.07786905
0.2507721
-0.04056019
0.02627491
0.0206813
0.07220596
0.1900049
0.006143309
0.233867
0.2430375
0.1012313
0.0564404
0.2485786
0.1209058
-0.09806599
-0.1748228
0.06230172
-0.0803158
-0.1154651
0.3151054
0.02273666
-0.07656475
0.03751278
0.08704803
0.1989964
0.02864963
-0.09179275
0.1712875
0.01314235
-0.03059637
0.25224
0.4106873
0.3284143
0.1978179
0.09862475
0.07276988
0.6928955
0.1740729
0.3167617
0.2529598
0.08754113
0.2997689
0.2907135
0.2679075
0.1032978
-0.04402594
0.1641108
0.02683476
0.4529655
0.0681903
0.2387661
