0.4106988
0.1017695
-0.07379993
-0.1167871
0.02554486
0.1506861
0.01280033
-0.0185489
0.03921473
0.224922
0.03695856
0.2242885
-0.01707125
-0.04491788
-0.2867835
0.1342389
-0.08356791
0.09662541
0.01226567
-0.1472371
0.05603323
-0.0665176
-0.1577924
0.02997536
-0.006613259
-0.05349077
0.159688
-0.07249043
0.06400556
-0.1437493
-0.2350002
0.08096742
0.04795736
0.341756
0.04331077
-0.05606817
0.02600045
-0.04234939
-0.146848
-0.08455865
0.003027307
-0.04837159
-0.1200685
-0.04095239
0.1298304
-0.06469868
-0.2173448
0.01843581
0.2079099
0.07738318
-0.02011887
0.08858964
-0.0717282
-0.006091722
-0.03795708
0.2491107
0.3287048
0.310922
0.1364274
0.3768097
0.04674816
0.003384076
0.06275411
-0.02802814
-0.1822394
0.1267794
-0.04042488
0.2404981
0.1827107
-0.004002296
-0.07822967
0.1202256
0.0507416
-0.01517181
0.163225
-0.002132226
0.07063027
0.02510713
0.06749719
0.09884624
-0.03954697
-0.09376683
-0.1006029
0.1315018
-0.2987441
-0.2873134
-0.1890809
-0.1019547
-0.1036794
-0.1340967
0.144255
0.04498147
0.06528561
0.04968777
-0.05472446
0.0447588
-0.06476907
-0.1475041
0.1019161
0.1692829
0.1166571
-0.1135111
0.09742309
-0.3289889
-0.1957399
0.007091082
-0.04689961
0.0496793
-0.05336238
0.09772803
-0.01821834
-0.0863848
0.1116947
-0.1181717
0.00437628
-0.238195
-0.2451091
-0.3031157
-0.119627
-0.316785
-0.2467123
-0.2531531
-0.1933282
-0.1894499
-0.2375627
-0.2739938
-0.207103
-0.4609968
-0.3789464
0.363758
0.2062497
0.1037112
0.2109995
0.1347824
0.3414959
-0.2619857
-0.2227552
-0.1020298
0.1462114
0.1002131
0.2984378
0.005566963
-0.0132505
-0.3615634
-0.3597893
-0.2427212
-0.08108772
-0.06584411
0.1984385
0.1800994
0.1596879
0.1324566
0.2150888
0.09018969
0.06816946
-0.1026138
-0.1301182
0.2112928
0.2973546
-0.04479184
-0.05065955
0.1473126
0.3317648
0.2079801
0.1747918
0.1190519
0.2246467
0.01114381
-0.006635795
0.7563712
0.7905696
0.120202
0.366262
-0.11051
-0.2135753
-0.1794881
-0.06447745
-0.3218865
-0.3351941
-0.2850062
-0.01229028
0.6311598
0.5448048
-0.2047081
-0.2341453
0.05944444
-0.09991062
-0.1793524
-0.07296227
0.2200755
0.02393748
-0.005333009
-0.001576332
0.2058876
0.007775752
0.01882951
-0.1063421
-0.0998812
-0.09401022
-0.1594927
0.04984373
-0.1950605
0.0755148
-0.4001634
-0.145195
-0.1322554
-0.163011
0.3619442
0.1360072
0.06530723
0.06562871
-0.2654289
-0.07710045
0.2294112
-0.1183994
0.02611316
0.2314703
-0.2724634
-0.1631829
0.2416295
0.1691814
0.1079763
0.123852
-0.0563973
0.06940843
-0.05651528
0.1584045
-0.1873372
-0.01794791
0.7031425
0.4231533
0.3261918
0.7399736
0.5247643
0.3794753
0.356926
0.09685618
-0.1832251
0.1613717
-0.1483967
0.3199305
0.08203858
-0.2101868
-0.2253858
0.1174916
0.09409065
0.02860179
0.0946358
0.7745428
0.6338911
0.4656806
0.08825933
-0.0481444
0.04764745
-0.3896091
-0.1415974
0.4998517
0.3271976
0.2692487
0.0159807
0.08422959
-0.1294476
-0.4315152
-0.5615117
-0.05144249
-0.2569716
-0.371482
-0.2206223
-0.4930562
-0.470527
-0.2024502
-0.3154052
-0.4938751
-0.4152079
-0.3962306
-0.4986347
-0.6081463
-0.5910526
-0.5546764
-0.6368972
-0.4811789
-0.6021142
-0.282353
-0.1257932
0.0559887
-0.3746882
0.2028589
0.1136065
-0.008044667
-0.0002634729
0.6459931
0.3641237
0.3448218
-0.1965477
-0.3011532
-0.3069987
0.1541562
0.4082829
-0.2987444
-0.1928971
0.06067881
-0.1228662
-0.2923961
-0.3129824
-0.1429116
-0.2505794
-0.1025317
-0.3078189
-0.1757265
-0.3419077
0.129587
-0.2492135
-0.03566744
-0.3187746
0.1519509
-0.1985147
0.1593411
0.4397616
0.407837
0.2077596
-0.1004634
-0.1475134
-0.1197049
-0.4735712
-0.3010369
-0.3165349
0.03283412
0.3403476
0.04643105
-0.1016103
-0.08689873
-0.1454785
-0.1813752
-0.07930773
0.1907164
-0.1056696
-0.3845712
-0.3126341
-0.2877781
-0.06469884
-0.3318509
-0.02279461
0.1477438
0.03133458
0.7315409
0.7120405
0.1375074
0.2584947
0.159542
-0.1470002
0.01519132
-0.1007232
0.2210483
0.01381885
-0.1011054
-0.07961508
0.1602743
0.1819223
-0.1266107
-0.1651554
0.6702978
0.496676
0.102554
-0.04919411
-0.4625314
-0.2515292
-0.1849705
-0.1221111
0.2802792
0.3230403
0.2544786
0.08131389
-0.1393286
-0.1298517
-0.4597584
-0.3931048
-0.2698011
-0.1245333
-0.4602759
-0.2603414
-0.2765385
-0.2727385
-0.1766521
-0.03583807
-0.2436574
-0.3149521
-0.1596418
-0.4069243
-0.5691649
-0.5647452
-0.5436277
-0.4016001
-0.5130947
-0.5513899
-0.2523656
-0.06103683
0.05632632
-0.1544876
0.08968501
0.2974394
0.01501628
0.2618283
0.354271
0.3084107
0.04779471
-0.1532328
-0.3915292
-0.2714723
0.01780567
0.2003055
-0.1936441
-0.120516
0.1286118
-0.02973266
-0.3224071
-0.2421884
-0.1295913
-0.06600732
-0.06304934
-0.2056404
-0.1102101
-0.5357159
-0.1642857
-0.3286189
-0.0602362
-0.4849639
0.09300082
-0.01183436
0.2692712
0.08295567
0.2276289
-0.01492513
-0.09256588
0.005792804
-0.01819435
-0.439728
-0.082154
-0.2895292
0.06185871
0.1986572
0.03510139
-0.144812
0.007355317
-0.2447946
-0.2327475
0.02351211
0.07500661
0.1256219
-0.384963
-0.4032422
-0.04700554
0.02064741
-0.458923
-0.07210266
0.6184556
0.2900314
0.2313285
0.5565598
0.5398349
-0.01483046
0.1801021
0.2393491
0.2114264
0.1964222
0.2525181
-0.1883612
-0.2223318
0.05055379
0.02208648
0.1048198
0.2006081
0.2364251
0.4769048
0.2594638
-0.05063483
0.2397792
0.2145239
-0.3568284
-0.2414058
0.03350634
0.181196
-0.04899605
-0.05914276
-0.1842191
-0.3110407
-0.2892244
-0.3952774
0.09715527
-0.1665723
-0.1081381
-0.01444887
-0.3507419
-0.1145187
-0.2891738
-0.5190254
-0.4570173
-0.1217122
-0.2177153
-0.511481
-0.08717857
-0.155442
-0.06130183
-0.2364442
0.0202147
-0.116248
-0.2216426
-0.3288539
-0.1639862
-0.3437216
0.1802455
0.1244822
-0.2417959
-0.07364349
0.4566068
0.3807883
0.05615186
-0.2649986
-0.117523
-0.2002434
0.08633585
0.3008837
-0.4967847
-0.3947457
0.0596913
-0.3455392
-0.1839719
-0.06910566
-0.02065125
-0.3148082
-0.1293369
-0.4099683
-0.221453
0.0190556
0.2572687
0.1501364
-0.1033915
-0.1505961
0.182792
-0.05316077
0.03022322
0.2260118
0.399584
0.4514904
-0.109246
-0.3221158
-0.2661918
-0.1499748
-0.3387362
-0.1244418
0.002494286
0.2000438
-0.09214593
-0.2304777
-0.1724217
-0.03994449
0.03084221
-0.09859798
0.1031236
-0.2166598
-0.1069119
-0.2984112
-0.2411896
-0.3467083
0.003734506
0.1213676
0.252762
0.2860849
0.4382595
0.6885724
0.05239878
0.4285293
0.3619398
0.3937672
0.1950581
0.2655701
-0.131209
-0.2172402
0.05621349
0.1660286
-0.03042668
0.08383945
0.112053
0.4249338
0.08243438
-0.1970647
0.1678676
0.2559922
-0.3012711
-0.1004499
-0.03376835
0.191975
-0.09175016
-0.06869315
0.07345833
-0.402157
-0.168406
-0.4102629
0.04144803
-0.1985178
0.04990816
0.0254351
-0.4332759
-0.09009821
-0.5177629
-0.6246362
-0.5270728
-0.1612885
-0.3950619
-0.3823004
-0.05477023
-0.06053779
0.006345972
-0.1882537
0.1123999
0.02018875
-0.2605565
-0.2745676
-0.1441739
-0.3973895
0.2994035
0.3999956
-0.1501057
-0.1538749
0.443327
0.4466249
-0.129893
-0.387614
-0.09529077
-0.2345768
0.1866675
0.3074583
-0.3427769
-0.1570525
0.00353741
-0.1477977
-0.09561661
0.003674447
0.1304966
-0.1723317
-0.1473866
-0.1533576
-0.220972
0.02541694
0.2000937
0.1361888
-0.0388689
-0.1900596
0.296458
-0.04540137
-0.04596151
0.2833969
0.4311018
0.3363951
-0.1026985
-0.3847139
-0.2467156
-0.2392223
-0.5759183
-0.2712771
-0.1687393
0.1680578
-0.1943451
-0.1953111
-0.3257052
-0.07228699
0.05357476
0.05947087
0.2298211
-0.2106211
-0.07292034
-0.2805617
-0.260219
-0.3493692
0.03150738
0.08617565
0.6888622
0.2973216
0.4221237
0.4414024
0.09467899
0.3320652
0.05973201
0.410422
0.07378797
-0.2448084
-0.07601537
0.1342287
0.1118594
-0.1683868
-0.01199511
0.6163639
0.4185445
0.1794676
-0.04832815
-0.2275165
-0.1295521
-0.05169578
-0.02987651
0.3524818
0.4201812
0.4773227
0.2871891
0.03245887
-0.2683855
-0.406088
-0.3819047
-0.3066495
-0.3046766
-0.3622844
-0.1626164
-0.3600339
-0.333119
-0.2475867
-0.1557839
-0.3128969
-0.3700608
-0.1201987
-0.3824946
-0.4128345
-0.5275572
-0.5736251
-0.586865
-0.4689476
-0.5231436
-0.3120306
-0.170124
0.3377432
-0.1292409
0.4092662
0.3678552
0.1573106
0.3470166
0.4166046
0.2058108
0.210098
-0.2363073
-0.4453315
-0.3621991
0.1532161
0.3569658
-0.2243723
-0.1622496
0.1173087
0.009529255
-0.3347479
-0.2281987
-0.1066836
-0.087424
0.004020057
-0.0893363
-0.08034605
-0.2752451
0.01695596
-0.3702361
-0.01690057
-0.4120852
0.1374155
-0.1486077
0.2081232
0.1696963
0.2302294
0.09136898
-0.1184593
-0.166122
-0.1151247
-0.5578382
-0.1943978
-0.2571714
0.01947907
0.1805404
-0.074515
-0.2270535
-0.111675
-0.2394587
-0.2538331
-0.1959076
0.03502779
-0.0869251
-0.3217658
-0.335462
-0.2649718
-0.1029955
-0.4674773
-0.0197506
0.2187797
0.4676195
0.2704502
0.3281927
0.286199
0.3522656
0.1652255
-0.03553832
-0.2949437
-0.1608092
0.1335883
0.2626242
-0.4103064
-0.2818209
0.361606
0.4443807
-0.09361201
-0.2748229
-0.4796386
-0.3478346
-0.1173518
-0.08151921
0.1275044
0.3802467
0.2138704
0.2073114
0.01301638
-0.3064344
-0.4309857
-0.4171015
-0.290722
-0.2192646
-0.3432709
-0.2281998
-0.2266562
-0.07720351
-0.5161221
-0.2513928
-0.1973551
-0.2042447
-0.1974386
-0.4819113
-0.4129688
-0.413521
-0.2578017
-0.1469137
-0.1615984
-0.1983708
-0.3929199
-0.1958956
-0.0241514
-0.2781535
0.2538131
0.6319254
-0.1471963
0.116157
0.2789152
0.3385897
-0.06969688
-0.1850694
-0.3246595
-0.2500685
0.07931943
0.2157059
-0.2771738
-0.1417834
0.07289265
0.06751206
-0.1391219
0.07931558
0.0288418
0.03534198
-0.1871634
-0.1377648
-0.2192199
-0.3017308
-0.09609822
-0.3506965
-0.09098131
-0.5748811
0.2519967
0.1910805
0.1685486
0.05170682
0.2509294
0.02207078
-0.1036596
-0.171081
-0.05781892
-0.3376045
-0.1407241
-0.2396408
-0.0653449
0.1803894
0.0800516
-0.2529106
-0.02284762
-0.09896237
-0.06744362
-0.05530759
0.08727496
0.0142184
-0.2543058
-0.3228073
-0.1467391
-0.1788979
-0.2655126
0.1376897
0.3753349
0.1111601
0.2820503
0.2764705
0.1967746
0.2830919
0.1822117
-0.1247953
-0.2232108
-0.03559162
-0.03366397
0.1312082
0.2658307
0.1465158
0.4265294
0.1673975
-0.1932889
0.0670104
0.01437052
-0.2290658
-0.1013104
0.1087832
0.1868186
-0.0400922
0.02755251
-0.03431915
-0.2483243
-0.04385536
-0.4466064
0.1267752
-0.2170436
-0.2670535
0.08206702
-0.2678052
-0.08989891
-0.2873662
-0.327886
-0.2995062
-0.09422225
-0.2565557
-0.318718
-0.06989384
-0.09357746
-0.0202627
-0.2205697
0.0725783
-0.1206812
-0.3525141
-0.338325
-0.03192886
-0.3205509
0.2445186
0.07239699
-0.008604936
-0.1219808
0.4530034
0.2200065
0.1187198
-0.2294213
-0.3462706
-0.4165291
0.01361272
0.1372442
-0.4108189
-0.3249278
0.1586655
0.06870171
-0.1393662
-0.223624
-0.06435612
-0.3913818
-0.19553
-0.3386064
-0.251186
0.001726688
0.05669542
0.07792597
-0.3034126
-0.1706501
0.1231011
-0.2352771
0.007425781
0.4643781
0.3884767
0.3642101
-0.00907418
-0.4658071
-0.2709611
-0.1997665
-0.180015
-0.03339445
-0.09862242
0.1865513
0.1088488
0.08753833
-0.2417201
0.03213257
0.07797552
-0.2151139
0.2409796
-0.00555018
-0.1242128
-0.2229061
-0.2401878
-0.1897651
-0.01178546
0.2844094
0.282803
0.3775825
0.4737824
0.3053363
0.3444988
0.3973209
-0.1304437
-0.1918119
0.1210463
0.09938934
-0.08607341
-0.06284943
0.1929353
0.3458914
0.0601553
-0.1073342
0.07920513
0.07303821
-0.1722983
-0.07728796
0.04921247
0.2717402
0.02003357
0.08846021
-0.08329759
-0.4179848
-0.2693688
-0.2169665
-0.05791426
-0.1479797
-0.1904651
0.09861335
-0.4114877
-0.1599655
-0.4885277
-0.5239393
-0.3877281
-0.278551
-0.2566418
-0.4724318
-0.1621782
-0.2504898
-0.08678795
-0.1456616
-0.05373021
-0.05652252
-0.244014
-0.1880629
-0.09440897
-0.3010826
0.3372413
0.6225652
-0.1494028
-0.03970885
0.3878058
0.392205
-0.2656016
-0.4718437
-0.1185454
-0.1630181
0.07326795
0.2873697
-0.1788105
-0.09500763
0.07312062
-0.2085453
-0.1553273
-0.0003815747
0.03789437
0.02014457
-0.1189333
-0.1078428
-0.008355166
0.09624241
0.2096432
-0.03052218
0.04703147
-0.2114288
0.3169697
0.2014772
0.1532493
0.1076563
0.4141812
0.3254687
-0.04424836
-0.3304412
-0.176634
-0.2697384
-0.4106291
-0.24007
-0.1007208
0.211949
-0.1796593
-0.472777
-0.28283
-0.1741353
0.08126688
-0.1749494
0.0615092
-0.1128195
0.01514985
-0.145632
-0.1933263
-0.4695356
-0.1421309
0.2002928
0.3942624
0.6109928
0.2617782
0.3913841
0.2241151
0.03376758
0.0762452
0.02158208
0.0425871
-0.07404894
0.004081332
0.09124331
-0.09765663
0.003772804
-0.06396679
-0.0813509
-0.1578396
0.2031566
0.1921377
0.09793779
0.3060267
0.2624626
0.1377368
0.07575014
-0.1942447
0.01919654
0.05649319
-0.3125327
-0.3660853
-0.1627044
0.1278489
-0.1922117
-0.2043882
-0.1686625
-0.09184173
-0.1034448
-0.1658137
0.06982532
-0.06761836
0.02440463
-0.1020172
-0.230096
-0.2807677
-0.1996716
-0.1050401
-0.1631341
-0.1108849
0.3064614
0.16201
0.2664538
0.3565377
0.2707321
0.2610503
0.07474572
-0.1857911
-0.03525979
-0.2823125
-0.1921864
-0.2451599
0.07501392
0.001382868
-0.05616007
0.0130666
0.1423055
0.1766746
-0.07610922
0.1235349
0.1241222
0.1944364
0.1497675
0.2591605
0.2220655
0.2416281
0.102848
-0.2573179
-0.04124407
-0.1421644
-0.06000352
-0.1032288
0.08396096
0.09846359
0.03344819
0.04443074
-0.03413314
-0.2173822
-0.1162647
-0.2947915
-0.08741457
0.04078165
-0.1192414
0.1189419
0.0944406
-0.253296
-0.04913219
0.1415333
0.02754664
-0.3551735
-0.1253578
0.02208919
0.01662551
0.01419957
-0.1240158
-0.08747385
-0.09609107
-0.03472973
0.5173965
0.7427873
0.1042999
0.2142793
-0.1733562
-0.02190256
0.1472661
0.3065355
-0.2670024
-0.1860318
-0.2782336
0.000644299
-0.3935293
-0.4537634
-0.09914309
-0.168022
0.1364903
0.001286716
-0.136269
0.2475162
0.1811368
0.2467852
0.1309219
-0.3938209
-0.03068604
-0.1137101
-0.2658406
-0.3008251
0.02911557
0.08223344
-0.004238151
0.1941158
-0.5184861
-0.4073401
0.03190687
0.0661723
-0.04909931
-0.1796596
0.1999331
0.128654
0.1851773
0.1727361
0.357569
0.3143758
-0.3385564
-0.3841083
0.001043506
-0.08816047
0.3106372
0.5232268
-0.06629845
0.03608668
0.02406721
0.1243106
-0.1886921
-0.2263823
-0.2682205
-0.2925692
0.1636083
0.09107802
-0.06328522
0.06601503
0.1442337
0.2394961
-0.03534496
0.2705711
0.199049
-0.01996318
-0.1557758
0.06606505
-0.07353763
0.2121714
-0.06031246
-0.01409638
-0.04027175
-0.1712022
0.08279776
0.1072602
0.02397158
-0.1077003
0.07076322
0.06907364
-0.06605212
-0.2585537
-0.08558448
0.08476409
-0.09072106
0.07919111
-0.1245256
-0.1291771
0.004864631
-0.3063036
-0.1728399
0.1268848
0.1082513
-0.1151896
0.05478414
-0.08190836
0.2077809
0.0308095
-0.1498845
-0.4063431
0.2111105
0.1666452
0.47691
0.5152971
0.4100069
-0.1293188
-0.07750435
0.1080224
0.05102832
0.01249401
-0.05637274
0.07229634
0.1015172
-0.06687857
-0.128806
-0.0005216474
-0.03373903
0.1402925
0.1244283
0.1300057
0.3090717
0.160571
0.1061234
0.2012482
-0.2210194
-0.09207282
-0.1436492
-0.1519271
-0.3395112
-0.02679866
0.02485313
-0.2983702
-0.1277889
-0.3461369
-0.3482363
-0.1354443
-0.1580331
-0.1616668
-0.1785378
-0.006927676
-0.03131458
-0.04560931
-0.2022424
-0.0001789894
0.0733554
-0.3846033
-0.2306242
0.1452903
-0.2362963
0.5572418
0.5385797
0.1751184
0.131576
0.4783145
0.2756591
0.03075628
-0.369406
-0.2749516
-0.3189708
0.1584447
0.180305
-0.1774905
-0.1249215
0.08822558
0.09894643
-0.07850007
0.06987349
0.2940506
0.07870486
-0.04339847
0.01493699
0.1927773
0.2129016
0.4567535
-0.1673536
0.2505902
-0.03149238
0.225674
-0.0371278
-0.06215185
0.07750534
-0.001807588
0.1765438
-0.1172831
-0.3059203
-0.1784759
-0.3005918
-0.4204172
-0.298391
-0.2548543
0.05786708
-0.01894453
-0.3104409
-0.2448036
-0.003764776
-0.04014936
-0.218853
-0.1092802
-0.06499667
0.007101156
-0.1685413
-0.2141597
-0.3872059
0.08576818
-0.1015754
-0.004127618
0.1366461
-0.2474251
-0.1158509
-0.09638462
0.1264709
-0.2067064
-0.1441008
-0.1632556
0.2656274
-0.2968659
-0.4130498
-0.1575719
-0.1745644
-0.02749175
-0.06952806
-0.2001698
0.1749954
-0.06857457
0.1152513
0.1384695
-0.2621485
0.06963958
-0.02847779
-0.09076137
-0.1239865
0.08145386
0.08477759
-0.01222311
0.1900364
-0.4540636
-0.3085434
-0.08656731
0.01482149
-0.04462989
-0.2058039
0.2333106
0.03812454
0.1617865
0.1497196
0.3369853
0.3257447
-0.3319844
-0.3156355
-0.01838973
-0.1678282
0.2737504
0.430913
-0.1574608
0.1014923
0.1106153
0.2204295
-0.1532022
-0.02738764
-0.1836379
-0.218141
0.0334314
-0.02287729
-0.23244
0.0389839
0.005192668
0.1905855
-0.05131406
0.3037437
0.1627995
0.00240444
-0.2325683
-0.04240503
-0.1424135
0.04524237
0.200119
0.1014516
0.0803629
-0.1817867
0.1275015
0.2024289
-0.1339435
-0.09975537
0.1082808
0.06762695
-0.137976
-0.3667756
-0.246003
-0.06472878
-0.248405
-0.1179649
-0.1196575
-0.1094608
-0.0006796121
-0.3067641
-0.1361006
0.1711147
0.06513276
-0.08945286
-0.03179395
-0.1292433
0.06868163
-0.09495208
-0.1486461
-0.2397252
0.236379
0.1113223
0.5814327
-0.006949794
-0.04130386
0.005182962
-0.1992051
0.1646808
0.05110757
0.3301722
0.1600986
0.3206079
0.2214168
0.05847718
-0.06949139
0.1920544
0.2183648
0.3732901
0.4194272
0.1242771
-0.03488221
0.07288436
-0.131635
-0.2196026
-0.1116116
-0.1193582
-0.1944715
-0.09951133
0.07532487
-0.3689928
-0.2638334
-0.07382227
-0.1940191
-0.102084
-0.3257242
-0.1454107
-0.1809497
-0.1605977
-0.1537444
-0.3146255
-0.4130841
-0.2979013
-0.2797644
-0.3307513
-0.1998775
-0.03720395
-0.2461886
0.2751677
0.2791215
0.1985581
0.1479129
0.3952287
0.3002544
0.03940003
-0.3027613
-0.3208047
-0.2827987
0.06113807
0.2403417
-0.003634615
0.0115221
0.006199916
0.01451743
-0.1963983
-0.1140556
0.1703168
0.1634217
0.2169047
0.2207027
0.321673
0.2696775
0.2871789
0.09260499
0.21855
0.1296651
0.1183342
-0.08357224
0.2642976
0.190346
0.0007523172
0.1803309
-0.2335466
-0.1518274
-0.2663761
-0.2392726
-0.1755697
-0.2374103
-0.2462185
0.0442669
-0.1449342
-0.2553315
-0.1144315
-0.1937416
-0.2526681
-0.2424106
-0.1970282
-0.2242489
-0.04874905
-0.07438047
-0.05864595
-0.2731745
-0.1573058
-0.08399234
0.06926324
-0.04889837
-0.1623312
-0.2372029
0.2858214
-0.0004616127
0.1826674
0.258828
0.1868333
0.1580099
0.1670171
-0.01014239
0.08680869
0.1245208
0.1866208
0.376581
-0.02272028
0.07293511
-0.1400813
-0.1007602
-0.06683341
-0.124379
-0.0741721
-0.09062351
-0.1864084
0.2754971
-0.3112358
-0.1511265
-0.1532165
-0.2834745
-0.1118779
-0.09347846
-0.2100265
-0.129005
-0.01931179
0.1366717
-0.06721355
-0.03992328
-0.06617546
-0.05365733
-0.2736368
-0.2136702
-0.2587027
-0.1764023
0.09449136
0.2184885
0.1315404
-0.02018127
0.3873816
0.3740279
-0.2251799
-0.3332316
-0.2394205
-0.3268298
0.162713
0.3191568
-0.04762158
0.01325985
-0.07017389
-0.001254288
-0.2419457
-0.09498303
-0.07934748
-0.004854762
-0.05852431
0.150059
0.2585197
0.31507
0.2616958
0.3426542
0.2567356
0.1448773
0.09276746
-0.09975784
0.2007153
0.09431571
0.009502344
0.135963
-0.2605403
-0.2671243
-0.3549648
-0.285776
-0.2140339
-0.2938255
-0.2842148
0.1046756
-0.09890289
-0.4656037
-0.05493741
-0.1118162
-0.1046385
-0.2162539
-0.2811485
-0.1371566
0.05809025
-0.02314704
0.07429786
-0.3153548
0.01396198
0.08464136
0.4991902
0.06415915
0.01324187
0.2520702
0.2528027
-0.05600692
-0.2404713
0.1126896
0.2752912
-0.003023565
0.0953882
0.2560636
0.3390581
0.002788767
0.002768387
-0.04364874
-0.04728416
-0.1740341
0.04814243
0.04030748
0.08558642
-0.06519601
0.1013222
0.08692498
0.1549639
-0.1455076
-0.09358302
0.252771
0.1725712
0.03047457
0.00587481
0.1141419
0.1368268
0.002691902
0.06303156
-0.06246858
0.07656312
-0.1460418
-0.1760685
0.5418167
0.4418271
-0.05571276
0.2111099
-0.1431457
-0.171585
0.1367711
0.148106
-0.1359365
-0.2058999
-0.1940279
-0.07792433
0.3364725
0.2701674
-0.1472519
-0.1789417
0.1049491
0.06909157
-0.125381
-0.2544058
0.1048309
-0.1026522
0.1850936
0.2195208
0.4819982
0.2680478
0.3319824
0.1447156
-0.1772321
-0.0917935
-0.1665122
-0.1048935
-0.2503318
-0.2313862
-0.1760547
-0.1059126
-0.05577601
-0.09033014
0.2513872
0.1900709
0.03613365
0.08719619
-0.04539199
0.08811029
0.09712779
-0.1060605
-0.03236389
0.0772828
-0.2027981
-0.1447758
-0.09639394
-0.03828017
-0.003342394
0.124043
0.06478294
0.005376033
0.1196339
0.1732749
-0.1805794
-0.03952778
0.09709418
0.1928879
0.1656761
0.1090564
-0.016986
-0.2564552
-0.08963841
0.1525384
0.02459834
0.01954889
0.4887467
0.4637724
0.09227671
0.02276253
0.2027917
0.09480426
-0.03632062
-0.01606008
0.1133477
0.1560644
-0.1144591
-0.007315686
0.2941731
0.1468463
-0.09529068
-0.286144
0.1767745
0.2446518
0.04403244
-0.1782286
0.2744872
-0.06245351
-0.03575138
-0.2298719
-0.2690093
-0.08849099
-0.2909035
-0.2594465
0.5196105
0.4479552
0.2623547
0.2791962
0.02027614
-0.08871092
0.1907638
0.4153826
-0.1188269
-0.1373852
-0.01445911
0.2074078
0.2627322
0.1493382
-0.1790445
-0.2124433
0.2048671
0.2437986
0.02792268
-0.2747955
0.1779126
0.1327831
0.3046719
0.1347546
0.4398768
0.3014819
0.5979431
0.1049247
-0.1587348
-0.2109174
0.1103198
-0.004546004
-0.3637301
-0.1284895
-0.2905144
-0.362965
-0.2691035
-0.3047681
0.3337068
0.3665196
0.1446478
0.08481006
-0.01127307
0.1172048
0.0787655
-0.2051829
-0.1152268
-0.07598702
0.1052106
-0.136889
-0.02396538
-0.08159558
0.1605826
0.04238319
-0.1188297
0.05425621
-0.1438959
0.007386806
-0.2339054
-0.2177048
0.5447406
-0.02672144
0.1014244
0.1460417
-0.07263126
-0.2095612
0.140471
0.1398073
0.2603106
0.14021
-0.2786652
0.1635381
0.1203317
0.2243821
0.204321
-0.0874411
-0.1782358
-0.2921315
0.08466345
0.0227607
0.1479602
0.01474649
-0.1354955
0.02881301
0.009935595
-0.01276808
-0.1051661
0.187095
0.04211998
0.1152694
-0.08489777
-0.1069199
-0.08809579
-0.05174147
-0.07799664
0.001540458
-0.0845698
0.1223815
0.06797374
0.06991739
0.1385123
0.1889305
0.1148131
0.002456877
0.06722115
-0.1036256
-0.07690179
-0.03911497
-0.1789335
0.02091046
0.2615818
0.1332962
0.1522353
0.1412919
-0.03635034
0.08801982
-0.1776298
0.1389116
-0.1099972
0.1150983
-0.1718965
0.05819508
-0.1565156
0.07462924
-0.04305231
-0.1835713
-0.2894474
0.03692566
0.04963981
-0.01692254
0.03569037
-0.04526139
-0.377734
-0.1312632
0.1211224
-0.005455034
0.1746772
0.1561969
0.1460548
0.0009870848
0.03182727
0.2443865
-0.1602192
-0.0262361
-0.05633042
-0.2649955
-0.2484369
0.07802245
-0.07125654
-0.06145352
0.02598305
0.0848127
-0.05000048
-0.176398
-0.3964661
-0.02341627
0.05628453
-0.1518475
0.008418551
0.03606803
-0.08082135
-0.2348127
-0.1415894
-0.09160834
0.07194818
-0.1068706
-0.1080292
-0.06123179
0.03509804
0.1590593
-0.004174791
0.009519531
-0.1736653
-0.1671445
-0.07212192
-0.2383149
-0.08951941
0.0516908
-0.2623422
-0.06647592
-0.01452378
-0.1328558
-0.1433756
-0.0741737
-0.107218
-0.0005417744
-0.2332497
-0.1240678
-0.1853622
-0.1633515
-0.02629177
-0.05933564
-0.06472215
0.1039169
0.08615268
0.03726075
-0.04878688
0.04038586
0.1193858
-0.05076539
0.01990562
0.006475991
0.02880606
-0.04737115
-0.1355704
0.01790441
0.06513419
-0.04687782
0.05557635
-0.09393335
-0.07215814
0.08264516
-0.06918979
0.1425547
0.1482962
0.1182262
-0.1140325
0.01500931
-0.1130561
-0.02007955
-0.1806397
-0.1650921
-0.2309482
0.008025853
-0.1261371
-0.09653145
0.1246833
-0.07936679
-0.2925095
0.06473217
-0.1898203
0.03502759
0.2063084
0.1188542
0.0976303
-0.1449483
-0.1010309
0.1021838
-0.06959776
0.05835509
0.05738898
-0.03984747
0.03966363
-0.02812207
0.1787689
0.2788326
0.006809705
-0.1710896
-0.168176
-0.2080815
-0.2680676
-0.1456738
-0.1231684
0.4890725
0.1417812
0.1215121
0.3454523
0.5002613
0.4454253
0.3560222
0.03289116
-0.06700208
0.1600213
0.07919946
-0.1587916
-0.1900942
-0.294215
0.2665691
0.007892011
0.008254778
0.1679153
0.0530515
-0.07811937
-0.05033387
-0.1972522
-0.2741465
0.4079088
0.05070165
-0.1406839
-0.09312472
-0.03897687
0.06192431
0.08264832
0.1042593
-0.1169997
-0.2014503
-0.2253052
-0.3080947
0.2075237
0.2158472
-0.0141479
0.05436163
-0.1457681
-0.3179094
0.1579404
0.05248792
0.2057899
0.07937489
-0.08087745
-0.05285989
0.0577173
0.02276157
-0.06265776
-0.02765025
-0.2104044
-0.1166751
-0.01422824
-0.2167779
-0.1038751
-0.3113867
0.006667167
-0.2277532
0.109739
-0.1453936
0.2113824
0.03284274
0.1754224
-0.002254659
0.1572933
0.2623556
-0.07496353
-0.2254018
-0.2577841
0.03652984
0.02170455
-0.03002785
-0.1067864
0.04855529
-0.05182039
-0.1739162
-0.262836
-0.3732996
-0.1593088
-0.07197625
0.01498087
-0.04258722
-0.05808703
0.02023845
0.1045096
-0.3302004
-0.001395569
-0.08976858
-0.179704
-0.1139233
0.002581196
-0.05577131
0.006367275
-0.08484973
0.1566615
0.1723053
0.4101867
0.4958098
0.5649614
0.5637642
-0.06167975
-0.1123415
0.02586791
-0.0713166
-0.1040039
-0.03781907
-0.1493156
0.1063344
0.09788076
0.03086145
0.2555319
0.1685631
-0.0155408
0.06193525
-0.2081329
-0.3172252
0.380789
0.1201844
-0.1263114
-0.1009071
0.2030698
0.1067905
0.1565652
0.07214279
-0.1179678
-0.2610491
-0.141351
-0.2554577
0.361994
0.287467
0.221744
0.224307
-0.08627993
-0.3918474
0.03758857
0.04950685
0.008276981
-0.1768495
0.01048036
-0.0251517
0.1193912
0.08423527
-0.0965095
-0.06693174
-0.1708983
-0.2238771
-0.1459027
-0.3090953
-0.09038968
-0.3092994
0.02019223
-0.209131
0.1630721
0.0130307
0.1819403
0.1869182
0.0483929
0.05639012
-0.02296674
0.3029556
-0.1814437
-0.1343739
-0.298356
0.04725106
0.03481466
0.1925473
-0.00488552
-0.05463977
-0.2056391
-0.1822023
-0.3222076
-0.1389179
0.1207123
-0.1487815
-0.006559985
0.1245337
-0.2552221
-0.1215103
0.121251
-0.3080193
-0.1277493
-0.2360821
-0.1334398
-0.08502922
-0.2664567
-0.07517763
-0.1395092
0.04806503
0.6159622
0.5321626
0.3166458
0.02301674
0.07542731
-0.1912319
-0.09501269
0.5285946
0.3856914
0.2746441
0.1027845
-0.05111571
-0.1060557
-0.5004346
-0.3565387
-0.08597431
-0.0945005
-0.258868
-0.204254
-0.3672486
-0.4429857
0.09102933
-0.1083212
-0.2971665
-0.3280388
-0.1343299
-0.4093282
-0.5846601
-0.4780578
-0.6362306
-0.5348292
-0.5767648
-0.6474931
-0.1784507
-0.02483583
0.1111782
-0.1590866
-0.01307839
-0.03524988
0.1441665
0.1424752
0.4755739
0.2956762
0.2699363
-0.1167248
-0.2832894
-0.1800845
0.03663283
0.2588635
-0.1723136
-0.07872501
0.01509224
-0.2200027
-0.3115379
-0.3564814
-0.0899732
-0.2479305
0.04214111
-0.1986446
0.06070137
-0.3118778
0.06780698
-0.1504706
0.1179402
-0.2221827
0.03580079
-0.2262981
0.1095863
0.1423286
0.1579556
0.07473373
-0.1028851
0.05067771
-0.0982388
-0.4324475
-0.2927031
-0.3665845
0.08149807
0.1959899
0.07866533
-0.1663708
-0.003056677
-0.1368251
-0.3673554
-0.09053924
0.08037641
-0.1030506
-0.378182
-0.2971059
-0.3010749
-0.07415525
-0.32728
-0.1430529
0.3360216
-0.02656583
-0.0330654
0.06544489
-0.4199474
-0.268574
0.2349909
0.3628531
-0.03054527
0.05559632
-0.03510889
-0.2014049
-0.2602043
-0.544687
0.203178
-0.04954922
-0.3444483
-0.02502797
-0.3443745
-0.2643525
-0.2840021
-0.3739589
-0.410634
-0.1295692
-0.3028321
-0.4715302
-0.4228937
-0.3256044
-0.2670316
-0.2855627
-0.1446321
-0.313558
-0.3475912
-0.2052476
-0.1666394
-0.376222
0.04085804
0.1065539
-0.2573047
-0.1116293
0.5390557
0.4370766
0.0007845917
-0.1396176
-0.2812208
-0.3717811
0.04796756
0.2782247
-0.4843529
-0.2127895
-0.04513846
-0.1504635
-0.257434
-0.207725
-0.1669374
-0.3066791
-0.3094295
-0.3950024
-0.2425393
-0.3379249
0.1404326
0.115031
-0.08468117
-0.2592484
0.1450836
-0.119677
0.05433874
0.3298545
0.4188347
0.2639438
-0.1340041
-0.4126166
-0.3716846
-0.4501463
-0.3525224
-0.3627312
-0.1092229
0.2554563
-0.04533942
-0.143823
-0.195978
-0.07379184
-0.04917925
-0.09735431
0.1275071
-0.1078742
-0.2996421
-0.3064185
-0.1698543
-0.0774009
-0.08524773
0.2177324
0.5705729
0.4208592
0.2941279
-0.3075136
0.0299395
0.4468307
0.1042027
-0.05265228
-0.190045
0.08891273
0.1080265
-0.168114
-0.1792462
0.1241917
-0.04562773
-0.06447252
-0.09046859
-0.2925617
-0.3448918
0.3361993
-0.0822321
-0.299686
-0.3003972
-0.1845986
-0.2060591
-0.2965491
-0.252789
-0.3485646
-0.4896051
-0.4033754
-0.4229358
0.02834013
0.06087666
-0.08545288
-0.2134218
-0.2111954
-0.342902
0.0713275
-0.1730936
0.3281308
0.141657
0.3401729
0.05766192
0.001971726
-0.06151957
0.08914033
0.1832595
-0.06075838
-0.0324047
-0.08517661
-0.3115213
-0.1272134
-0.1686375
-0.004927158
-0.01899099
0.1652362
0.01737968
0.09148502
0.1851277
0.2752106
0.1558279
-0.02484082
0.07001638
-0.04934349
-0.2140147
0.04374869
0.3474839
0.1611675
0.1995151
-0.2502075
-0.06080314
-0.1766658
-0.1582012
-0.2103788
-0.1269659
-0.0363795
0.1887194
-0.0566715
0.01930052
0.02060426
-0.008254833
-0.1954217
-0.2943272
-0.07296741
-0.2731109
-0.1001987
-0.05293011
-0.1176681
0.09037422
-0.1060665
-0.001708928
0.4838768
0.4135294
0.08761474
-0.1141592
0.2811488
0.005405448
-0.04550277
-0.09438008
-0.01590196
0.240089
-0.1842668
0.1157546
0.1284407
0.1227056
-0.05891716
-0.1696558
-0.1802456
-0.3051298
0.5060073
0.1573363
0.01636508
-0.2258406
0.05609014
0.1156169
-0.09830336
-0.001361435
-0.253502
-0.2345526
-0.4079281
-0.44085
0.3576997
0.3625959
-0.002469088
0.2091772
-0.1790764
-0.2677266
0.1590186
0.05373815
-0.06245568
0.06666805
0.00528193
0.06906869
0.2207874
0.338585
-0.05090009
1.324642e-05
0.2114387
0.01528943
-0.045394
-0.3717644
0.03870552
-0.1660452
0.1224521
0.05150746
0.2697338
0.1106642
0.3715772
0.1989636
0.111198
-0.1090843
0.2492424
0.375624
-0.06070188
0.04258433
0.06581011
-0.1276216
-0.1441584
-0.008781356
-0.1229316
0.2503003
0.05949049
-0.0249711
-0.07987168
-0.1473889
0.09480835
-0.1431477
-0.007797404
-0.02825704
0.07470155
-0.196626
0.03548841
-0.3744834
-0.3169541
-0.208654
0.004678853
0.0007231585
0.02250952
-0.1291751
-0.1473679
-0.09541906
0.6131291
-0.03489401
-0.1504742
0.1454476
-0.1161709
-0.1296451
-0.06254903
-0.01635263
0.05588592
0.08209654
0.1814677
0.3340445
0.1543902
0.3023475
0.0133942
-0.06023847
-0.1595118
0.3323377
-0.02976905
-0.02841981
-0.05601584
0.08808448
0.09953777
0.2108631
0.172959
0.09437705
-0.1389599
0.03830744
-0.00168834
0.2364093
0.09177658
0.01545589
0.1127328
-0.09914121
-0.3076247
-0.02096954
-0.1673029
0.02785405
-0.08768339
0.06998715
0.03358095
0.1622658
0.2178041
0.02987602
0.0005953459
0.05727524
-0.01666327
-0.03496471
-0.3166984
-0.03539018
-0.1273871
0.05593925
-0.1477158
0.05784456
0.06467199
0.1809362
0.4999852
0.2513887
0.2140877
0.2199358
0.495267
-0.07120043
0.00428053
-0.3027012
-0.06034795
-0.1316415
0.2281805
-0.09029489
0.009060834
-0.05307951
0.06591037
-0.2139333
-0.02718266
0.1009266
-0.0963856
-0.06040123
-0.1074368
-0.08681688
-0.0004621699
0.2137094
-0.2286769
-0.1624685
-0.3664942
0.08100578
0.1984206
-0.2531142
-0.2429735
0.1250507
0.02183307
-0.2062782
-0.2544964
-0.133404
-0.2825826
-0.1729655
-0.2481681
0.06789789
0.03559343
-0.04952848
0.08677599
0.3032745
0.001792796
0.1436372
-0.07127475
-0.2210307
-0.2683548
0.1991861
-0.02619656
-0.1832424
-0.1835076
-0.08118716
0.2029611
0.06032981
0.06719954
0.04459019
-0.1537194
0.0120095
-0.09618019
0.3580313
0.2628734
0.1617529
0.1383778
0.08145442
-0.2404246
0.008863711
-0.1038269
0.06138957
0.03757487
0.01089946
-0.05733267
0.2451362
0.2188037
-0.02045947
-0.06979999
-0.04561982
-0.1406637
0.02184333
-0.3837607
-0.09625791
-0.1589106
0.07272403
-0.2412324
-0.01178153
-0.07014236
0.05984742
0.05267713
0.1044727
0.08633325
0.05289795
0.3224009
-0.02693973
-0.06157172
-0.2550808
-0.01330013
-0.01284688
0.2754532
-0.1279168
0.07735198
-0.08245601
-0.0216672
-0.3134207
-0.09285378
0.2126861
0.0006725278
-0.05859039
0.1042715
-0.3137486
-0.1628941
0.2177607
-0.1033019
-0.04876389
-0.2470358
-0.0005141303
-0.06583259
-0.2013378
-0.2309795
-0.09712773
-0.1295102
0.5052325
0.09884705
0.113412
0.330216
0.3771772
-0.1430515
-0.02466696
0.1270635
0.3570892
-0.1094561
0.04850409
0.2279001
0.207159
0.1829914
0.1134305
0.223453
0.3221844
0.4465655
0.1326034
0.3660918
0.1778395
0.1279629
0.06596871
-0.05896786
0.08592692
-0.03979859
0.04569175
0.1756071
0.2066422
0.2711185
0.3332779
0.08545538
0.1177549
0.3593523
0.382432
-0.2667586
-0.2128921
-0.1269986
0.0911943
0.08029643
0.1975829
0.03126818
-0.1002637
0.3659094
0.2284254
0.00564246
0.1037194
0.03518538
0.03194775
0.3135067
0.2199679
0.4474837
0.4252063
0.5530376
0.3616174
-0.1036794
-0.09620811
0.3200228
0.245227
-0.1054952
-0.02919596
-0.2154794
-0.4030321
-0.5495026
-0.3403218
0.1629078
0.1732496
0.2138624
0.1361325
0.1231124
0.015999
-0.1425367
-0.3209924
-0.01684665
-0.2084165
0.04942051
-0.08628763
-0.1616774
-0.1478754
-0.2162604
0.08072583
0.1833559
0.2242063
-0.003402424
-0.1261574
0.0009470396
-0.08422742
0.1259182
0.06032201
0.01298557
-0.03609433
-0.08454027
-0.06239617
0.2888587
0.1634344
-0.1379607
-0.1257545
0.2289452
0.3946369
-0.1031965
-0.1578055
0.05158404
0.1718764
-0.03449558
-0.1341246
0.02648891
0.006136929
-0.07628817
-0.08359901
-0.08363305
-0.01360663
-0.1468149
-0.01611871
0.14244
0.2391091
0.1826732
0.008230107
0.006680604
0.02469948
0.356867
0.2221368
-0.007694614
-0.1534386
0.02736037
0.0391431
0.1390184
-0.02633824
-0.1019086
-0.1276907
0.1138627
0.1916798
-0.2071239
-0.07690271
-0.05242897
0.1287432
0.2824659
0.3210453
0.4303256
0.4350178
0.4740282
0.3071533
0.09475726
0.1020633
0.03920692
-0.001436805
-0.197451
-0.1594357
-0.1877042
0.06109931
-0.1701257
-0.1867079
0.1313892
0.004788157
-0.1393333
-0.02320853
-0.0979439
-0.01533957
-0.2183975
0.01294147
-0.0237612
-0.02121232
0.08577988
0.1617849
-0.233752
0.01609653
0.2041563
-0.01943591
0.09371093
0.01744416
0.01606901
0.1871282
-0.1218368
-0.1136008
0.5674114
0.4081683
0.1842366
0.09868854
-0.1024633
-0.1276342
-0.2363305
0.05251387
-0.1281033
-0.01205073
-0.1144745
-0.1543352
-0.2618972
0.04154842
-0.1826536
-0.0270047
-0.1565292
-0.1583272
-0.2250488
-0.4226
-0.3948484
-0.4406683
-0.5106496
-0.3704651
-0.4230439
-0.2385051
-0.2134737
0.01642697
-0.1773568
-0.03256077
-0.08538553
0.1280756
0.03645332
0.2969355
0.1237788
0.4422316
0.04782873
-0.2645624
-0.1830583
0.2632257
0.3838716
0.1133124
0.1726807
0.06413275
-0.03627194
-0.152668
-0.2968275
0.09038725
0.02011949
0.06733928
0.06704837
0.1544792
0.1224939
0.03753441
-0.1797773
0.2689736
0.1017917
-0.1131217
-0.1854374
0.05817497
0.119109
-0.07595856
0.01735224
-0.05346693
0.04352219
0.06899768
-0.1589342
-0.04626535
-0.03089129
-0.03247417
0.08825356
0.02553572
-0.1100184
0.1192522
0.02229331
-0.281576
-0.2160899
-0.08013468
-0.1417363
-0.08009901
-0.02580268
-0.06158964
0.000643744
0.02618679
0.008530725
0.2898375
0.2187212
-0.09382904
-0.2491919
-0.2322186
-0.4043858
-0.1681945
-0.2268603
-0.1829578
-0.003640257
-0.2573307
-0.1533057
-0.2887574
-0.4354844
-0.1894702
-0.02812974
-0.1878501
-0.2678968
-0.3301423
-0.1395463
-0.3639463
-0.294095
-0.2500694
-0.3327917
-0.2782902
-0.2792678
-0.1377228
-0.103439
0.02829769
0.2990311
-0.06402503
0.1348621
0.2173024
0.1244445
-0.0420912
-0.3076167
-0.2580534
-0.2564035
0.1394699
0.4081054
-0.2429667
-0.1026302
-0.1486944
0.03462542
-0.1835577
-0.1929827
-0.01084751
-0.02596383
0.03085114
-0.0582582
-0.01114469
0.04684349
0.04196437
-0.1824429
0.02450373
-0.2011629
-0.08913699
-0.204279
0.2058794
0.1063374
0.1152554
0.05274629
-0.08915009
-0.1662245
-0.1979959
-0.3126603
-0.1381527
-0.1757742
-0.1791846
0.0004727025
0.09006894
-0.2629206
-0.01075538
0.009361014
-0.298051
-0.2107695
0.000749535
-0.1319649
-0.09267069
-0.1263127
-0.03561202
-0.1815797
0.06970414
0.09592742
0.650816
0.2609872
-0.1373991
-0.2193832
-0.192812
-0.2477423
-0.1560998
-0.05258366
-0.06933972
0.12191
-0.008298379
0.04164721
-0.1026521
0.1602183
0.0170794
0.08493162
-0.1865816
-0.3175146
-0.4611683
-0.4676011
-0.4260767
-0.2844216
-0.2595554
-0.1052285
-0.1503383
0.2865672
0.01266177
0.2694169
0.1669669
0.2174274
0.2458374
0.07705016
0.04967014
0.4537093
0.1284786
-0.2238574
-0.1896303
0.4024046
0.4064869
0.2702094
0.2494582
0.2891325
0.1525026
-0.06202587
-0.05697855
-0.03954387
-0.0141373
0.1075432
0.1369668
0.134363
-0.03055382
-0.1888444
-0.3702301
0.2364695
-0.004469356
-0.09265078
-0.1832831
0.07575146
-0.1196401
-0.1361481
-0.2541382
0.02465506
0.1728775
0.2966098
-0.04998494
0.09531271
0.08667239
-0.004496476
-0.03624895
-0.09268702
-0.1409543
-0.01445557
-0.208125
-0.3203368
-0.1647721
-0.1075136
0.03590914
-0.08976
0.1347506
-0.0853644
-0.04848106
-0.02684474
-0.1396437
0.07725701
-0.1176132
-0.03442553
-0.01011259
-0.01146481
0.2319743
-0.1991256
0.2049668
0.2242681
0.170094
-0.04118348
-0.08942737
0.2711847
0.2102753
0.1683052
-0.1760937
-0.05202434
-0.1505621
-0.1043557
-0.02264913
0.1173396
0.02616706
-0.05769538
-0.1153798
0.08774904
0.1441792
0.1595055
0.1791931
-0.05891884
0.1494796
-0.135319
-0.05371908
0.1486589
0.1581759
-0.1553335
-0.04786232
0.3724401
0.2774617
0.222256
0.2172739
0.1365449
0.2130431
0.03927826
-0.01417262
-0.2973172
-0.09457547
-0.0664929
0.04286478
0.007402118
0.008364246
-0.1520361
-0.1926439
0.04889834
-0.05622
0.07915937
0.002679706
-0.02902673
-0.2186897
-0.1454463
-0.08706696
0.0212148
-0.1091655
0.1054307
-0.01972408
0.09635148
0.0472312
-0.04305216
-0.07807398
-0.08721973
-0.2354029
-0.1842464
-0.197363
-0.06426318
-0.2040979
-0.2981398
0.1483224
0.1666422
0.1461943
0.03312503
-0.1203307
0.06368471
0.2214641
0.1213225
0.06208042
-0.1187129
0.0840588
-0.1276733
0.1257428
-0.1721639
0.05434357
0.004046325
-0.1553783
-0.06707683
-0.006184113
-0.162657
-0.1550998
0.0938348
-0.07157425
-0.1888482
-0.01489625
-0.1925063
0.08273325
0.08891176
-0.1456512
-0.125241
0.04291228
-0.2190278
0.2893183
0.01680242
-0.01234249
-0.1303952
0.1057959
0.1282835
0.4848259
0.3410396
0.002719927
-0.1200086
0.1869456
0.04776254
0.3154776
0.3033877
0.2336359
0.3269216
0.2267538
0.2005573
0.1978518
0.112938
-0.00761287
0.1574926
-0.07167868
0.02660689
0.2306073
-0.07230986
0.04889143
0.0757929
-0.04988118
-0.007032536
0.01275941
0.1935928
-0.08786405
-0.03211375
-0.09743166
-0.04111278
0.04312723
0.006908935
-0.02540864
0.1383098
0.04927935
0.0984765
-0.1661375
0.1486673
-0.1059701
-0.1978884
-0.0163904
0.02672042
-0.05934777
-0.09655335
-0.00938239
0.03923222
-0.05503228
0.04888009
0.05727038
-0.183138
0.08875243
0.1447691
0.01369391
0.2796283
-0.06270215
-0.079616
0.2347304
0.1398404
0.4683808
0.4181675
0.2095987
0.0928959
0.2002898
0.1715572
0.1446609
0.1296841
0.121327
0.07069849
0.00986662
0.06270269
0.221525
0.2438726
-0.1584527
-0.02952008
-0.1303063
-0.3414813
0.008307085
-0.08436542
-0.06730903
-0.06971129
0.09529923
0.3702482
0.2020485
0.2173369
-0.1282205
-0.1885936
0.2206773
0.06505061
-0.06131503
0.1386816
0.08204974
-0.06573537
-0.07273932
0.02799195
0.0623855
0.04291307
0.05227212
-0.05212516
0.07078214
0.007879698
0.07208677
0.15474
-0.17719
-0.1337899
-0.01897199
0.01724329
-0.2026825
-0.1128794
-0.1425507
0.1841243
0.1525766
0.09345676
0.1132395
-0.07727235
0.03611
-0.06459281
-0.07617528
0.1458298
0.1341596
-0.07789115
-0.03315104
0.01189796
-0.09048483
0.1026711
0.05367783
0.1341932
0.1239623
0.2747874
-0.03526364
-0.166034
0.3867019
0.4299436
0.2912036
0.1963227
0.521544
0.1895262
0.06989695
0.06441845
0.1466018
0.07513192
0.07088688
0.05805492
0.3623963
0.354461
0.2129879
0.2903517
0.1423331
0.3603427
0.3303117
0.1431724
0.02979507
0.02824293
0.1192488
-0.1242443
-0.2822755
-0.07914632
-0.220515
-0.2561301
-0.4320562
-0.01350172
0.1484372
0.1857724
-0.01639835
-0.05082448
-0.2348812
0.119902
0.2343759
-0.126837
0.1169193
0.1745825
0.1222213
-0.06722938
0.08542078
0.0283123
0.2675641
0.133715
0.3059368
0.2241583
0.3236337
-0.09107451
0.331133
-0.2479981
-0.08531446
-0.2504005
0.2362887
-0.1215631
-0.01174147
0.250779
-0.351469
-0.2673151
0.08791863
0.1027266
0.2638011
-0.087923
0.1863651
-0.01112651
0.1947557
-0.1079211
0.2803398
0.2122125
-0.1049204
-0.05156545
-0.007551422
0.163891
0.3208244
0.1923579
0.3103957
0.2083843
0.1137669
0.03933476
0.3397585
0.3192289
0.1714091
0.2881224
0.1461188
0.3429324
0.4061953
0.378321
0.08871913
0.4538822
0.3360378
0.4024563
0.2123844
0.1963512
0.2565859
0.1837505
0.3251359
0.281381
0.2038654
0.1957462
0.4466801
-0.1712086
-0.1773151
0.1410493
0.1382464
-0.5336922
-0.3914844
-0.1462799
0.2533811
0.3053213
0.4479452
-0.1158672
-0.3143623
0.350648
0.3379442
-0.02742246
-0.06927429
0.1714837
0.2368082
0.01134948
0.1404913
0.1661126
0.3336258
0.3128425
0.3037898
-0.01017948
0.1912091
0.1681834
0.3638103
-0.1901357
0.1955094
-0.1684726
-0.3739528
-0.3617083
-0.08124744
0.002037719
0.151887
0.05579745
0.2865866
0.2265182
0.2078928
0.1623902
-0.1247352
-0.04458734
-0.04296039
0.02146806
0.08949459
0.1027061
-0.04924284
-0.2651633
0.0438754
0.3122465
0.2942907
0.0805237
0.01463169
-0.005218288
-0.01446534
0.4233101
0.01951933
0.3038347
0.1239223
0.09334578
0.0341891
-0.07954323
0.02708902
0.1721125
-0.1399932
0.1454638
0.09730687
0.08014396
0.364435
0.1053621
0.3918883
0.2388135
0.06791268
-0.02479836
-0.1669838
-0.1241121
-0.09518846
-0.3174871
-0.3289285
-0.3927633
-0.04490293
-0.1056084
0.08040927
0.1343869
0.1780197
0.08189354
-0.07270207
-0.2162277
-0.009520654
0.1594539
-0.03210764
-0.08206314
0.1308101
-0.1350759
-0.042967
-0.150832
-0.1447821
-0.1735677
-0.0228985
0.1280652
0.2824166
0.2989765
-0.09594451
0.3499561
0.005570997
0.08126688
-0.2468749
0.2010649
0.03646058
0.2647329
0.08415491
-0.3505293
-0.09757627
0.1487543
-0.03153395
0.1289491
-0.04763975
0.2410344
-0.06933699
0.1172442
-0.2634952
0.04214478
0.3084792
-0.1935737
-0.118033
0.000998429
0.1370742
0.126481
0.0981665
0.04548835
0.2113591
0.3309256
0.04033054
0.3079942
0.4033367
0.3542359
0.3500846
0.2376328
0.3557415
0.2364875
0.241055
0.1039341
0.1868223
0.09196917
0.2760566
0.2156101
0.3070508
0.2909115
0.2166448
0.1533607
-0.2817223
0.04986115
-0.2662539
-0.2130036
-0.2633657
-0.1823322
-0.2921744
-0.184587
-0.1737235
0.1985616
0.176881
0.29465
-0.009345296
-0.1761954
0.3261045
0.2267811
-0.2525674
-0.091486
0.2424253
-0.001226221
-0.1482964
-0.006326554
-0.02241023
0.0375182
-0.01904588
0.06997654
0.1112782
0.2888249
0.01011246
0.2218397
0.01508858
0.1531823
-0.168061
-0.1984261
-0.1433305
0.09271315
-0.06117768
-0.1028278
-0.08124925
0.205854
0.1015504
0.04677342
-0.02313597
-0.05727362
-0.202734
-0.007281273
-0.2657123
-0.1897324
0.01659358
-0.07462926
-0.3519095
0.08062562
0.1122883
0.2019387
0.2831611
0.1045152
0.08688538
0.1724904
-0.01616711
0.1494201
0.1646478
0.1534986
0.09592946
0.1255594
0.0535436
0.1557168
0.1099116
0.2469225
0.05987245
-0.007509136
0.01871208
0.04266685
0.2589168
0.1442748
0.07148253
0.1151296
-0.03572727
-0.05753571
-0.1287225
0.1549864
0.002391149
-0.1003284
-0.04292747
0.1574525
0.2347856
0.205469
0.1914534
0.07814175
0.002385046
0.1577352
0.209272
-0.0253135
-0.1007709
0.1542051
0.2436252
0.430157
0.1770864
0.144044
0.2622332
0.2718952
0.3447205
0.1142238
0.1851269
0.3976987
0.347495
-0.1026709
-0.03218915
-0.3359917
-0.2755274
-0.4163356
-0.1620174
0.1992608
0.3330321
0.2312751
0.36842
-0.07036479
0.1412002
0.03958355
-0.2953149
-0.1659653
0.01639959
0.1106003
-0.01915365
-0.1729331
0.3121511
-0.02693653
-0.1883603
0.05494558
0.2234007
-0.1898814
-0.05798388
0.1633271
-0.3715908
-0.02418744
-0.01054681
-0.07778829
-0.08190317
-0.01063721
0.09045923
0.00342172
0.04991569
0.1792827
0.08721666
0.1928823
0.08628726
0.2166564
0.2260896
0.137045
0.1269901
-0.01960258
0.1045344
-0.005864587
-0.04105669
-0.03166099
-0.05340193
-0.08695192
-0.2226928
-0.1733836
-0.08611108
0.1570826
-0.02474925
0.09421819
-0.02957928
0.1077646
0.2026903
-0.2470468
-0.01757452
0.06200682
0.1324444
-0.2565702
0.02962822
0.05274698
0.1972672
0.2421155
0.334193
0.1759585
0.4408065
-0.1853752
0.1520959
-0.07474571
-0.09793854
-0.0297968
0.1521333
0.05992063
0.1808622
0.1587006
-0.4005948
-0.3617252
0.05199766
0.03080036
0.2262016
-0.225415
0.1219972
-0.01871269
-0.1523001
-0.2160508
0.09318818
0.01319812
-0.197852
-0.1379259
0.05191716
0.3209929
0.3300021
0.158552
0.02293368
0.08792473
0.3539896
0.7519542
0.4018246
0.4158016
0.7520034
0.5963427
0.4331484
0.2627562
0.2783039
0.1888262
0.3608488
0.3335361
0.3867425
0.4280469
-0.0859845
-0.2170258
-0.04077309
0.0968242
-0.1913779
-0.2293217
-0.0286382
-0.1068568
-0.4743425
-0.3267363
0.1112294
0.4621983
-0.0200769
0.09657458
-0.0395917
-0.1842535
0.4119892
0.2599161
0.08580809
0.31816
0.214511
0.2157294
-0.007853922
0.1948603
-0.1423018
0.03188702
-0.1188704
0.06750353
-0.2041052
0.02183331
-0.005312279
0.1919215
-0.1713328
-0.0217078
-0.05660705
-0.3412829
-0.3555719
-0.1986364
-0.02325563
0.116029
0.3571377
0.4002463
0.5803089
0.3846394
-0.01199538
-0.1805991
-0.1205878
0.1312444
0.1844548
0.1246698
-0.04666122
0.01401675
-0.2155589
0.1403718
0.2245828
0.3252754
0.3055055
0.2228244
0.4941487
0.1027975
0.1354063
0.1218137
0.5491541
0.7101581
0.1922449
0.1185027
0.2808117
0.3297639
0.4495174
0.4453979
0.5321416
0.5956698
-0.2290075
-0.352378
-0.3271305
-0.1699451
-0.1601219
-0.01020455
-0.1441676
-0.2467409
-0.3448469
-0.09618936
-0.07585711
0.2393492
-0.02975064
0.03713578
0.08939991
-0.08934067
0.2332986
0.1749072
0.1280048
0.2998962
0.195843
0.198354
0.05298493
0.1516481
-0.2139462
0.01081708
-0.2830472
0.1243111
-0.1259678
0.1601126
-0.04395703
0.05599326
0.03201108
0.06327295
0.03404641
-0.2498765
-0.2155119
-0.1074324
-0.0961217
-0.05032502
0.290505
0.4452638
0.3852628
0.2644989
-0.1347364
-0.1120787
-0.09969467
0.1302106
0.04503936
0.08737796
-0.08713876
0.1535647
-0.1876748
0.1752595
0.2827317
0.1270352
0.326162
0.08641632
0.4569625
0.200897
0.6269612
0.4640685
0.1771026
0.5307141
0.3338765
0.1445114
0.0591021
-0.159986
-0.1350812
-0.2454964
-0.1692496
0.3818138
0.3731733
0.157443
0.2661368
-0.4005581
-0.6064655
0.2695216
0.0849135
-0.2476479
-0.323999
0.1715659
0.3304948
0.251828
0.3587549
-0.1332154
-0.1302083
0.3213768
0.0673328
0.02944109
-0.07350032
-0.04027541
-0.1806729
0.06538707
0.1116925
0.3802047
0.2462354
0.3466767
0.1768811
-0.02476882
0.08522489
0.2377823
0.4316013
-0.3428863
-0.2035149
-0.2103853
-0.2383214
-0.4444323
-0.3195101
0.02174941
0.3349398
0.2508439
0.1643601
0.1242959
-0.04984491
0.008156281
-0.1752795
-0.009269915
0.2170152
0.1182408
0.004219815
-0.2332488
-0.1172416
-0.1930491
-0.03916869
-0.06565389
0.1312316
0.08326808
0.308099
0.07661056
-0.2195407
0.5085857
0.06531111
0.5770405
0.4958054
0.3088274
0.1287365
0.0574155
0.1628113
-0.1184717
0.005082991
0.3150995
0.4247055
0.3788602
0.4178792
-0.1357227
-0.4249814
0.3421637
0.2706583
-0.3440796
-0.3987396
0.006581125
0.3957942
0.1339883
0.2553222
-0.2940259
-0.4092404
0.3075106
0.05986703
-0.02987116
0.1795732
-0.06516739
-0.1016535
0.1112724
0.1358634
0.3045552
0.2459091
0.2533316
-0.002834292
-0.1879667
0.002609714
0.07105072
0.1610182
-0.3304437
-0.05359478
-0.3013856
-0.3046923
-0.4875613
-0.3671649
0.1073576
0.3101214
0.2113541
-0.01747835
0.2556103
0.0418559
0.1690069
-0.1501357
0.001287445
0.1983939
0.1673623
-0.1050344
-0.1120575
0.07660781
-0.128639
0.1343999
-0.1397707
-0.01567387
-0.03491
0.387273
-0.2283091
-0.1539134
0.5114672
0.5532957
0.4055075
0.2656073
0.2542955
0.3089015
0.3606148
0.3303833
0.3707624
-0.02633571
-0.05644713
0.0003904443
0.2023318
-0.2176635
-0.1738426
0.1086874
0.002234534
-0.4108985
-0.291509
-0.03098846
0.2643833
0.003742437
0.2522022
0.003812974
-0.1257553
0.5422571
0.2890641
0.1236993
0.332903
0.08301164
0.05798346
0.1301069
0.2624574
0.02928031
0.2572219
0.1517542
0.2733178
-0.2810623
0.005661529
0.1911219
0.3524413
-0.13643
0.0312233
-0.05793338
-0.4506451
-0.541357
-0.2620413
0.07522612
0.195693
0.3841072
0.4316446
0.5282197
0.2705162
-0.1376868
-0.1945884
0.04920331
0.03385045
0.07629038
0.04985142
-0.12415
-0.06681606
-0.3997457
0.1369773
0.2690239
0.368933
0.2758618
0.06124898
0.3202612
0.1375787
0.3154021
0.2005085
0.2967321
0.4822224
0.4527876
0.4580558
0.4844312
0.5543151
-0.1481415
-0.3165649
-0.2385301
-0.03715043
-0.3180996
-0.1791671
-0.1131162
-0.2438751
-0.3275028
-0.2578757
-0.07624085
0.111475
0.07602727
0.04708612
0.1353062
-0.01347465
0.03299694
0.00456269
0.07374307
0.144957
0.1021198
-0.07424003
-0.04940677
-0.02217592
-0.1244141
-0.0005604569
-0.1391407
0.1305548
-0.2542801
0.1441649
-0.0610957
0.1188786
-0.06463195
-0.08052984
-0.000284095
-0.1971078
-0.1935148
-0.1643288
0.09466697
-0.01121912
0.2449861
0.3111724
0.3360094
0.1916366
-0.1702456
-0.05271318
0.1094228
0.1322393
0.1190249
0.2798225
-0.06847517
0.1275109
-0.1043275
0.2774155
0.2118543
0.08465341
0.2740388
0.1903978
0.5118755
0.256939
0.3083917
0.4104199
0.1670878
0.07106527
0.124771
0.004301561
0.1383598
0.2850312
0.1986156
0.3183928
0.4413752
-0.1740153
-0.2513838
0.05733699
0.3024639
-0.4486576
-0.4107994
-0.03233366
0.284064
0.1743459
0.3015424
-0.2006382
-0.1621417
0.2584482
0.00387657
0.0452658
0.03399885
-0.004865715
-0.05225797
0.1008168
0.2497545
0.3570604
0.3082638
0.3266805
0.1567788
-0.2490396
0.01670263
0.1755764
0.1715962
-0.3818226
0.005763087
-0.1450963
-0.5084086
-0.4652895
-0.2951935
0.1900621
0.2285088
0.1880901
0.08176307
0.2311458
0.1199234
0.1410558
-0.2128019
-0.1214815
-0.02600009
0.116765
-0.04562422
-0.1691606
0.01331923
-0.1474187
0.006226628
-0.09177489
0.1180375
-0.03414198
0.1006951
0.01100669
-0.05251951
0.4661353
0.5825175
0.3699388
0.2830085
0.2290377
0.2574385
0.2758393
0.251898
0.2197037
0.4795799
-0.1540799
-0.3543875
0.1605302
-0.03364152
-0.4481844
-0.4519369
-0.07680815
0.09728655
0.2440565
0.2932699
-0.08013756
-0.230289
0.2663096
0.02973258
-0.03660351
0.2607883
-0.04907586
-0.1937328
0.01067278
0.1314717
0.2085858
0.3311762
0.05905358
0.1696324
-0.06767153
0.1253196
0.01152296
0.4012004
-0.2440542
-0.01837296
-0.1158788
-0.09239285
-0.3957715
-0.1916992
0.04736167
0.07343735
0.001707186
0.008383761
0.1992835
0.111361
0.06127782
-0.07569922
0.06383391
0.3077351
-0.0613644
0.05899662
0.03840715
0.01823436
-0.243362
-0.05493086
0.05506554
0.1207481
0.2787232
0.3341285
0.0437749
-0.0894733
0.6092255
0.5397527
0.3852815
0.4492971
0.5339971
0.1274433
-0.01542201
0.1808462
0.2610113
0.01773412
-0.2052371
-0.04669242
-0.0410539
-0.3735875
-0.3074866
-0.1534902
0.1212079
0.1424382
0.1276781
-0.03347785
-0.2169953
0.04754804
0.0009968377
-0.06704866
0.2289032
0.08095764
0.05274138
0.007571341
0.04456255
0.1029431
0.1467682
0.0685422
0.2515013
0.09155041
0.2854447
0.01547029
0.3144053
-0.09683895
0.1090129
-0.2694589
-0.2555446
-0.1727241
0.008528086
0.05181893
-0.06510915
-0.009206048
0.1633119
0.06397303
0.08639071
0.09490421
-0.2208357
-0.06103535
-0.07411524
-0.03711434
0.09053406
0.1339305
-0.008321479
-0.2277207
0.03056011
0.1212828
0.04730272
-0.03516357
0.01969929
0.1924711
0.05184123
0.64959
0.6356289
0.5529664
0.5310348
0.01047737
-0.05984153
-0.1735313
0.2038923
-0.2271113
-0.2075245
-0.003725099
-0.2669396
-0.3337534
-0.2831648
-0.3666533
-0.1619402
0.1397809
0.1544385
-0.1021104
-0.2363477
-0.0556749
-0.2076561
-0.1744937
0.1170388
0.03521818
-0.05486743
-0.02858148
-0.1073657
-0.01737895
0.07346335
-0.1435859
0.216905
-0.01577673
0.3251901
-0.1315816
0.2395426
-0.003046123
0.01457082
0.01711438
-0.05617358
-0.1323036
0.02452761
-0.01056641
-0.1284649
-0.1853051
0.1286067
0.1434446
0.04228657
-0.02762463
-0.09227399
0.1478205
0.1532864
-0.01880777
0.2940214
0.1228609
0.1493402
-0.09386952
-0.05702995
0.230995
0.01371321
0.2321324
0.079544
0.2723971
0.07795137
0.761187
0.832096
0.7875077
-0.02546473
-0.1297388
-0.3124525
-0.04399648
-0.06115031
-0.01747561
-0.2703689
-0.3555965
-0.2776879
-0.2073991
-0.2981648
-0.01906559
0.1699181
0.1309976
-0.09798408
-0.4116104
0.03698266
0.02057215
-0.1432345
0.1052266
0.1283495
0.1056415
0.0607215
0.02912434
-0.1945531
-0.06042512
-0.2709338
0.197988
0.04119583
0.3109485
-0.2608203
0.08942693
0.1288497
0.2666509
-0.154501
-0.04826191
0.02202953
0.180595
-0.09596661
-0.2588326
-0.08061282
0.3186186
0.2443004
0.2490344
-0.0520047
0.03675423
0.01922349
0.0614312
-0.1165836
0.208762
0.3427014
0.01715998
-0.0940879
0.04079737
0.3890194
0.1511206
0.2702548
0.05486459
0.3424296
0.3477677
0.6442993
0.65724
0.08362071
0.02016028
-0.3554421
0.07836753
-0.2366622
-0.003109795
-0.2129769
-0.2597891
-0.4061695
-0.2430281
-0.4806103
-0.0684734
0.2411332
0.2592671
-0.2508464
-0.4358303
0.02130915
0.006416819
-0.1363592
0.05814304
0.1745894
0.1810639
0.03401131
0.002840962
-0.150718
-0.01699266
-0.1930955
0.06389984
-0.2133114
0.2039333
-0.1976234
-0.01990456
0.03074365
0.3235422
-0.06727264
-0.2426993
-0.09267434
-0.07629321
0.1133511
0.01454113
0.04417798
0.3570007
0.3035938
0.2002343
0.06524236
-0.03403484
0.1465224
0.01877911
0.04269427
0.2295884
0.2804924
0.2045378
-0.005636736
0.143315
0.3144257
0.1468607
0.2130947
0.08354084
0.1576018
0.2470241
0.8250969
-0.1512428
-0.3109284
-0.3164862
-0.1010707
-0.02294225
0.01091951
-0.3385495
-0.4466978
-0.2464956
-0.146635
-0.2088633
0.04705662
0.1049434
0.07238306
-0.03156381
-0.2515409
0.05002744
0.07343209
-0.008298914
0.1951992
0.1611591
0.1696343
-0.00939607
-0.08964149
-0.2801614
-0.09906851
-0.362309
0.1613931
0.02649612
0.3183577
-0.2366226
0.07982518
0.1527189
0.1759072
-0.1200562
0.01526937
0.02945382
0.2214045
-0.03054382
-0.3705845
-0.1070674
0.3778962
0.206266
0.2354317
-0.08812927
0.04039955
-0.03141584
0.06839092
-0.3082861
0.2415487
0.29803
0.06941137
-0.08609538
0.06805654
0.4111407
0.1861743
0.3006292
0.01101164
0.4328092
0.3147503
-0.2028171
-0.2844834
-0.2538252
-0.1357316
-0.02004949
0.06732195
-0.1559357
-0.3884268
-0.2511295
-0.1433658
-0.1548142
0.08670895
0.09726837
0.04791216
0.1066049
-0.2095174
0.1315534
0.1143366
-0.03176946
0.2200259
0.1873656
0.2100941
0.08988521
0.06361317
-0.2073981
0.10498
-0.1599356
0.2812356
0.04906355
0.3913869
0.02254218
0.1819661
0.1559618
0.2756704
-0.09967191
-0.134932
-0.1310246
0.04556703
-0.08832219
-0.1786402
0.03398596
0.4057312
0.1911302
0.2078163
-0.1982831
-0.01922471
-0.04625391
0.01384503
-0.06807072
0.2336632
0.1290989
0.1778173
-0.1742795
0.1489544
0.3730945
0.1966973
0.2552663
0.03928156
0.3992722
0.1816367
0.8261077
0.1310787
0.5402483
-0.1467093
-0.2705803
-0.1242718
0.1719618
-0.4123271
-0.3583628
-0.1925051
0.1375872
0.7346551
0.6693211
-0.2608425
-0.2390338
0.2139841
0.01386421
-0.150307
-0.3238423
0.2007603
0.06836849
0.02201638
0.113894
0.462821
0.1533641
0.2805785
0.0689896
-0.1320029
-0.1163415
-0.1018625
0.1220464
-0.3710569
0.03565207
-0.2779738
-0.3051898
-0.199221
-0.1433568
0.3059486
0.3381547
0.09585639
0.147199
-0.106005
0.09207153
0.3364035
-0.2128142
-0.08411827
0.09870034
-0.1555778
-0.2390281
0.1688808
0.0266387
0.03020555
-0.02235992
-0.01951587
0.1941714
-0.009545769
0.1320174
-0.2023447
-0.1602794
0.2298127
0.4516666
-0.07597669
-0.1320155
0.06142411
0.2294677
-0.194977
-0.195302
-0.2255519
0.09093981
0.6206311
0.5680453
-0.2955569
-0.2550193
0.1439552
-0.05222395
-0.2124926
-0.2397418
0.1008331
0.05092548
0.08518819
0.1143334
0.399461
0.1372568
0.3497409
-0.05030583
-0.01945189
-0.1023354
0.01523007
0.07538043
-0.2451616
0.07466046
-0.302431
-0.2226707
-0.2167782
-0.2304444
0.2181915
0.2546269
0.03182875
-0.04872508
-0.2277361
-0.1573062
0.1855038
-0.1925322
-0.0200528
0.07889801
-0.1453719
-0.2820533
0.07984877
0.04739118
0.05826784
-0.005352688
-0.0994007
0.08304996
-0.05264625
0.1534385
-0.3598941
-0.1748051
0.4876875
0.3503537
-0.07575139
0.470064
0.5113739
-0.05629079
-0.2233309
0.2938734
0.1330252
-0.1354605
-0.07080789
-0.0731293
-0.05740014
-0.004078331
-0.0875254
0.0643149
0.07207984
-0.1032516
-0.1173018
0.01647458
-0.04203761
0.1686964
0.02859228
0.2629465
-0.1125947
-0.01322052
-0.2598226
0.1010508
0.06244523
-0.1242236
-0.1574073
-0.258944
-0.1513347
-0.1668319
-0.05367486
0.1932018
0.1385324
0.1095731
-0.3083187
-0.1175066
-0.08299293
0.2268578
-0.2195256
0.009909885
0.02055651
-0.07496028
-0.09282324
-0.07910114
-0.06712303
0.04936763
0.07872474
-0.2133806
-0.1498125
-0.376518
-0.001342515
-0.2493123
-0.1886004
-0.07234413
-0.1375009
0.1510055
0.4222955
-0.6061864
-0.4352571
-0.2149287
0.1402819
0.2620276
0.4544809
-0.1646687
-0.2255026
0.1825884
-0.0837182
-0.04737056
0.004729093
0.0957182
0.05906819
-0.1793748
0.000798722
0.2612043
0.09926567
0.1480622
0.05892936
-0.3063857
-0.1421357
-0.1025212
0.1099127
-0.2892589
0.02353881
-0.09266116
-0.3601922
-0.291712
-0.02663428
0.1327601
0.193907
0.05495345
-0.0960738
0.1553824
0.1865732
0.312167
-0.3019365
0.0367447
0.03809024
-0.06396471
-0.06364171
0.1952139
-0.03598265
-0.16355
0.08783104
0.09874009
0.118015
0.0246651
0.06980469
-0.09652842
-0.04351113
0.4777736
0.1603768
0.2773324
0.3070155
0.3169503
0.2222903
-0.0606403
-0.2275074
-0.2302703
0.07837205
0.1350031
-0.005306338
-0.1372387
0.03442089
0.07811687
0.09555405
0.03892857
0.03903255
-0.01674818
-0.05297586
-0.1567076
-0.02293805
-0.1466994
0.1956116
-0.267913
0.06896241
-0.2252692
0.2151414
-0.09247528
-0.09727319
0.01075633
0.04668281
0.2847427
-0.1237159
-0.1271837
-0.07996891
-0.2980395
-0.2648042
-0.1594245
0.1682268
-0.1062501
-0.3293497
-0.1263719
-0.2915332
-0.411695
0.09726651
-0.1106262
-0.02028965
0.04898449
-0.0324433
-0.2000882
-0.275105
-0.2625535
-0.121101
-0.07729033
-0.0977383
0.1929566
0.1820006
0.4521452
-0.3459328
-0.3243797
-0.1845279
-0.148406
0.07522686
0.1111068
-0.05628505
-0.02413198
-0.0157787
-0.002088814
-0.0519599
0.2442495
0.1841891
0.2157256
-0.1862923
-0.04543409
-0.02424643
-0.04761678
0.04116939
-0.2978116
0.1333192
-0.3594944
0.4051594
0.3054618
0.1815509
-0.08597879
0.1537539
0.1081936
-0.1299788
-0.1747406
-0.02061149
-0.1741822
-0.1967994
-0.1977462
-0.1736525
-0.04575618
-0.1040283
-0.4292624
-0.1551783
-0.2125394
0.05837605
-0.04284522
-0.04830529
0.02798879
0.09231102
-0.04989391
0.03847709
-0.3995805
-0.01971064
0.007337042
0.3925478
0.178826
-0.03232629
0.2210489
0.004764911
-0.201895
-0.1665689
0.1777826
0.0582882
0.09628708
-0.04550531
0.0284566
0.1237244
-0.13279
-0.1228247
0.2686635
-0.08692888
0.2474262
0.2432345
0.3314717
0.1164633
-0.01710653
-0.02239131
0.2687425
0.1443881
0.06983631
-0.2611699
-0.0269801
-0.05514997
-0.212749
-0.2051612
-0.1580059
0.189195
0.06912374
-0.2349298
0.003802291
-0.1509398
-0.1708281
-0.127436
0.05394861
0.06279791
0.1714675
0.006947548
-0.2554683
-0.07651321
-0.05754311
-0.01267783
-0.07639142
-0.1646341
-0.127032
0.07989007
-0.1734259
-0.2826413
-0.04138957
0.02956916
0.05031523
0.09117767
-0.1704879
-0.007947481
-0.06821172
-0.1159068
0.0002493766
-0.03323846
-0.05949451
-0.04673581
-0.2460207
-0.03780229
0.1037143
0.07325799
0.2089944
0.07914447
0.2498247
-0.1665822
-0.1504689
-0.2793268
0.1771829
-0.1616629
-0.07351518
0.06853374
-0.1032044
-0.4207614
-0.2065485
-0.1891999
-0.09424454
0.2686983
0.04432348
-0.2752231
-0.07073693
-0.1274942
0.09419225
-0.3361951
-0.05343593
-0.1629612
0.1166733
-0.2288134
-0.2091649
-0.03403739
-0.1546388
-0.06316229
-0.1365435
-0.2497343
-0.1343687
-0.08529629
-0.2957815
-0.2298667
0.5523598
0.2648299
-0.2895077
-0.34736
-0.487108
0.1863236
0.3346084
-0.3928717
-0.2554998
-0.05771197
-0.0705934
-0.2877344
-0.2345976
0.1029189
-0.2472941
-0.1487735
-0.2652449
0.0005565412
-0.1358675
0.4150429
0.0122397
0.1908531
-0.1384496
0.2899722
-0.2811017
0.006604619
0.3696249
0.2939465
0.1634096
-0.1449145
-0.2090738
-0.2075699
-0.4162612
-0.4008418
-0.4429842
-0.2856431
0.2386024
0.02227375
-0.2577882
-0.0721418
-0.07793251
-0.2534549
-0.02579859
0.07502891
-0.09857502
-0.3268991
-0.2544174
-0.2480607
-0.2044925
-0.158512
-0.1375118
0.05781994
0.05201908
-0.2826848
-0.2493519
0.1465697
0.3009795
-0.1019891
-0.04933795
0.1363468
-0.09097481
-0.133498
0.05926369
0.08253471
-0.07877626
-0.3157566
-0.3174388
-0.06155521
-0.2250345
0.1806066
0.02921371
0.3419166
-0.1164737
0.395673
0.08243213
0.1612317
0.01665843
0.1915357
0.1116978
-0.2841396
-0.04637278
-0.04693842
-0.1472003
-0.3541251
-0.4084094
-0.166395
-0.006403225
-0.1870327
-0.2416509
0.0004211182
-0.2610876
-0.1367255
0.1280269
0.008222033
-0.04672494
-0.08808382
-0.2835592
-0.01867734
-0.4170069
-0.02663529
-0.1624916
0.4708822
-0.1938493
-0.2231448
0.321243
0.2601091
0.07525495
0.07549412
0.1706028
0.1265469
0.0333706
-0.1562991
-0.0781006
-0.1167448
0.03580683
-0.02951229
0.0006801964
-0.06908007
0.1171047
-0.07451521
0.1360888
0.106855
-0.09973194
-0.2681202
-0.07114982
0.1495019
-0.1211084
0.00631636
-0.1006031
0.1704279
0.1606515
-0.02643897
0.04477213
0.06850966
0.1395551
0.07675249
-0.03578984
0.2127948
0.1564836
-0.01427004
-0.2997622
0.009939529
-0.03593411
-0.03851326
-0.1709233
-0.08086796
-0.2102752
0.1702948
0.06665895
-0.2325218
0.1575153
0.1703051
-0.002214807
-0.1406702
0.336858
0.3145467
0.1963876
0.1342801
0.2150336
0.2406256
-0.02188817
0.09887528
-0.01011703
0.06221516
0.1107925
-0.06580198
-0.1464155
0.02718282
0.1664632
0.1773584
-0.2497014
0.05192107
-0.1572934
-0.2642933
-0.2889971
-0.203566
-0.06002619
0.2515773
0.2929515
0.2368045
0.2876738
0.2033565
0.168417
-0.1935805
-0.1829102
0.1855237
0.2558324
-0.07169921
-0.0240137
0.1214463
-0.0860133
0.06578596
0.06497482
0.1015949
0.05426749
0.2701231
0.1319943
-0.1618436
0.78116
-0.1605517
-0.1195391
0.1526826
0.03886273
-0.1278577
-0.2609673
0.2807212
0.2183999
0.1564016
0.1192103
0.4367871
0.1703759
0.2063599
0.1907167
-0.001769411
0.04722396
-0.07072661
0.2131042
-0.3282843
0.04654308
-0.2228424
-0.09962045
-0.1249931
-0.1256706
0.3210719
0.1515235
0.07502369
0.2379878
-0.1316324
0.08041255
0.1066383
0.06432621
-0.04609299
0.09934292
-0.1072822
0.006110678
0.1674111
0.09295996
0.09687661
-0.03028197
0.1060129
0.1651467
0.05264263
0.2480456
0.04274812
-0.1130963
-0.219935
-0.1828382
0.2734623
0.01595426
-0.05699191
-0.2072097
0.2516512
0.1445298
0.03974771
0.102213
0.3799231
0.09122748
0.1295683
0.1715361
-0.1468054
-0.02831462
0.04248162
0.229251
-0.2183843
0.1568928
-0.1745482
-0.3409013
-0.2790437
-0.0995756
0.2443747
0.2829223
0.1783443
0.3097075
-0.019727
0.07624962
0.231977
-0.10827
0.06530341
0.08215669
-0.07182076
-0.02244308
0.1053701
0.1479138
-0.05348625
-0.0304313
0.2214972
0.2176495
0.03087057
0.07941224
0.01712553
-0.1204672
0.6811026
0.1324389
0.1292094
0.1336696
0.2139852
-0.01646988
-0.04146565
-0.119112
-0.1530993
-0.02628897
0.2002735
-0.05510018
0.1446593
0.0324223
0.0823103
0.1847626
0.1388932
0.2887051
-0.09647349
0.07796472
-0.002082199
-0.07557097
-0.01256495
-0.3111324
-0.005494321
0.05671934
-0.06962574
-0.07048073
-0.08595335
-0.3392294
0.07824471
-0.07691576
-0.1682011
-0.003220725
-0.1454964
-0.1947621
-0.1161906
-0.420027
0.01070472
0.03714889
-0.04701329
0.03240365
-0.1327161
0.1111941
0.06735456
-0.0169499
-0.1070322
0.1120039
0.1122529
-0.05013182
-0.09774258
-0.2181941
-0.05088658
0.01089475
0.05336083
-0.03547021
0.03591523
0.04765917
-0.0003608713
0.2420709
0.06970446
0.1167991
-0.2615169
0.2570383
0.08113795
0.02786716
0.01528466
-0.1030792
-0.01396471
-0.01690275
-0.2312315
-0.195679
-0.2643016
-0.2082394
0.04118388
-0.1863258
-0.1788796
-0.02657392
-0.2324848
-0.2769867
-0.02470501
-0.1661792
-0.06608871
-0.183547
-0.07469118
-0.05750354
-0.1954113
0.05641154
0.02255407
0.6148933
0.2429288
0.2181374
0.1945254
0.1660958
0.1233657
0.3657297
0.1835698
0.4658985
0.2443381
0.2450685
-0.1401245
-0.03807737
0.2624324
0.3070443
-0.1368309
0.1181537
0.09214189
-0.3082491
-0.4604478
-0.207297
0.0156051
0.285766
0.3544022
0.4019329
0.280221
0.3063438
0.07403199
-0.2048336
-0.2047968
-0.02126819
0.02695586
-0.2734276
-0.08048618
-0.04976566
-0.3093706
0.04444253
0.3288311
0.4143512
0.2487932
0.02270425
0.1246033
-0.07636836
0.2348982
0.1946123
0.1292423
0.2602896
0.07933597
0.2925899
-0.02544357
0.4189246
0.2325333
0.1936671
-0.04975695
0.01937274
0.1232675
0.1573948
-0.2018606
0.1296546
-0.0730461
-0.1033041
-0.1353101
-0.1887508
-0.003724546
0.08135792
0.2974146
0.4015333
0.224105
0.3342004
-0.0577941
0.04692731
-0.1360782
-0.1331988
0.08087459
-0.04034547
-0.009377816
-0.233499
-0.1365787
0.03804423
0.3275834
0.3833046
0.1178459
0.05723217
0.04715254
0.177339
0.2525219
0.03264138
0.05618215
0.01402076
-0.002686308
-0.05483232
0.1139761
0.009915274
-0.006571729
-0.2151167
-0.1790668
0.1245096
0.05094122
-0.1045628
0.02817084
0.07239591
-0.06798513
-0.166731
-0.2199741
0.1056085
0.1309178
0.391797
0.1473226
0.06016373
0.1167688
0.09493864
0.05929296
-0.04192402
0.1548765
0.04830006
-0.0409136
0.1684386
0.02241466
0.1115563
0.1345811
0.02524975
-0.08622053
-0.01737036
-0.01758058
0.03761677
-0.1031839
-0.02333082
0.004819362
-0.1254267
0.1007976
-0.1496513
0.1461459
-0.2092966
-0.01582693
-0.02538704
0.01653906
-0.009738801
0.03292045
0.01287064
-0.06163055
0.04320628
0.06347949
-0.2210835
-0.2342658
-0.04867464
-0.1231411
0.1520269
-0.009412132
0.1550777
0.02894748
-0.2204252
-0.04061968
0.1641681
0.06780139
0.110026
-0.007070455
-0.04693098
0.1058704
-0.1331832
0.1195236
0.05685192
0.1023143
0.06431201
0.1269487
0.2170888
0.07640935
0.5441638
-0.05329484
0.133212
0.05475354
-0.02411552
-0.06372427
0.04467632
-0.03293114
-0.08044686
-0.1946712
0.04449206
-0.01113821
-0.00950534
-0.04398838
-0.11196
0.02591496
0.1815885
0.1469731
0.0451811
0.1328778
0.2638882
0.1916269
0.2599954
0.1209711
-0.1197647
-0.1818925
0.2609802
-0.03009255
-0.00687267
0.3093348
-0.04528806
0.0367099
0.320896
0.08255835
0.2131595
0.03789458
-0.008805341
0.1276872
0.1535594
0.09139023
0.2533252
-0.1223563
0.05996163
-0.04269282
0.08387747
0.01814033
0.03087683
-0.08022187
-0.02326493
-0.02329792
0.191024
0.005924526
-0.157732
0.05094377
0.009710402
-0.029946
-0.04524643
0.01476066
0.3052246
0.1991984
0.3350739
-0.03551133
-0.04519633
-0.1569444
-0.04194897
0.08610196
0.1561379
0.2038353
0.04635014
0.008152229
0.01297633
0.1907689
0.3045792
0.1044056
-0.08990467
0.1801641
0.02284108
0.2783258
0.3186164
0.2416807
0.3353757
0.2639657
0.1345899
-0.1227025
0.287181
0.1282168
-0.04844813
0.1098526
-0.2396907
-0.163207
-0.2383937
-0.153655
0.07097754
0.1112077
0.176981
0.1394026
-0.1706493
-0.03587884
-0.1445316
-0.114242
-0.09383271
-0.07763307
-0.03214997
-0.02464388
-0.06215797
-0.02758486
0.06287054
-0.2279004
-0.04833359
-0.1049097
-0.1110691
-0.07986526
0.06126305
-0.2970753
0.244506
0.526698
0.2875304
0.2907668
0.02947897
-0.1234385
0.1570528
0.01700295
-0.06158002
0.2158499
0.1251991
-0.200975
-0.221379
-0.1542926
0.1400648
0.08814656
0.1825571
0.1434043
0.1725183
0.1364201
-0.1069258
-0.1840727
-0.2129255
-0.05129723
0.1747339
-0.08086438
0.01033545
-0.02811489
-0.1664145
-0.08070461
0.1551614
0.2507146
0.2962418
0.114348
0.0914544
-0.02287083
0.4872321
0.4979921
0.311411
0.02758961
0.04154372
0.05764482
0.1134757
-0.2843279
-0.1604595
-0.1242059
-0.1602456
-0.2667005
-0.2579584
0.1535078
0.2213511
-0.03178734
-0.09872945
-0.1497362
-0.1270209
0.03018578
-0.1049094
-0.1782801
-0.02388938
-0.02452349
-0.1296051
-0.263333
-0.06852989
0.02663078
-0.08637569
-0.1605457
-0.07715784
-0.1135949
0.1828282
-0.2393296
-0.3002375
0.4876048
0.5002755
-0.09928065
0.1850227
0.2799996
0.2745471
-0.2461402
0.09429582
0.001972007
-0.1368075
-0.4452752
-0.3547934
0.002668796
0.1504968
0.02570646
0.04771118
0.0579545
0.07877996
-0.1445172
-0.02449451
-0.0772283
-0.01418278
0.1727405
-0.02078614
-0.1204163
-0.09958381
-0.2578867
-0.2096748
0.04835196
0.1848509
0.1087479
0.2206641
-0.1220838
-0.09823802
0.4339155
0.1152971
0.009731552
0.4870121
0.4054272
-0.2269338
0.0004281459
-0.1037678
-0.3201276
-0.4006867
-0.3139146
0.202907
0.3163006
0.1504406
0.05591162
-0.0997888
-0.09972641
-0.1145052
-0.147765
-0.0817129
-0.270755
0.1852581
-0.1182907
-0.1560663
-0.1793625
-0.1403378
-0.02762555
0.0127022
0.1584861
-0.169289
-0.1546379
-0.1355828
-0.2580547
0.245382
0.3357148
0.1724974
0.4752959
-0.1639298
0.01388628
-0.08465127
-0.03363519
-0.3080079
0.02736084
0.03317877
-0.126036
-0.06732009
0.2206885
0.02245209
0.2327497
-0.2064391
-0.04379101
-0.01600788
-0.1812958
0.02335931
0.1184784
0.0138876
-0.2819837
-0.2926181
-0.2851691
0.3831401
0.3945394
-0.03494691
-0.1514934
0.2607297
0.1447502
0.2223023
0.1625766
0.1770043
0.1954865
-0.03230098
-0.1541904
0.2817103
0.046593
0.2287883
-0.1670739
-0.4049323
-0.3854845
-0.2437093
-0.4142596
-0.3315342
-0.191647
0.1525292
-0.1359656
-0.254917
-0.2205422
-0.04065067
-0.05293864
-0.2152586
-0.1247766
-0.3060953
-0.02133955
-0.04428321
-0.0765785
-0.1702246
0.1269246
-0.09786479
0.02147256
0.3578801
-0.0217987
0.0464404
-1.36992e-05
0.1306143
-0.04210375
0.1134701
-0.2061651
-0.3454553
-0.4991804
0.07924368
-0.05326187
0.008965703
-0.174517
0.1281793
-0.09210219
0.01208756
-0.06172439
0.1098249
-0.1536411
0.1791013
-0.1098598
-0.2269831
0.1631445
0.1071358
0.08420024
0.07874639
0.1386395
0.1242355
0.5064595
0.1391579
0.2400355
-0.06649077
-0.4212107
-0.4720043
-0.4085671
-0.08810096
0.3822326
0.2900366
0.02165224
-0.2238515
-0.3820797
-0.1831712
-0.2569445
-0.07448945
-0.2934053
0.2669557
-0.1239257
-0.2611257
0.1292332
-0.3019157
-0.1421432
-0.1144469
0.05841075
-0.04045859
-0.2421215
0.0970524
-0.4684845
-0.1368808
0.1154316
-0.0525534
-0.1871301
-0.3459742
-0.1117636
0.02993898
0.1133057
0.04844253
0.2637104
0.03119127
0.03713714
-0.1564255
-0.1457103
0.03532428
0.06638585
0.07217703
0.0973147
-0.01669305
-0.04912237
-0.3631869
-0.1883228
0.1479091
0.2964428
0.07951076
-0.06960321
0.249539
-0.1814733
0.3425427
0.2107923
0.03924778
0.2901418
0.2028234
-0.2488254
-0.09373138
0.006176052
-0.04101734
-0.1088322
-0.3172873
-0.3744676
-0.08462898
-0.007573685
-0.2290017
-0.05751374
-0.07699265
0.09465245
0.01456619
-0.1599281
0.1047316
0.08481391
-0.06773068
0.1063827
-0.3648155
0.01417761
0.03940481
0.1218359
-0.3700239
0.03237382
-0.1293062
-0.1673825
0.1448742
0.1262794
0.2371374
0.03943696
-0.02637948
-0.0004866607
-0.1776755
0.02906056
-0.1772318
0.1375373
-0.02501359
0.2759381
0.07150102
-0.1816846
-0.1196512
0.1274264
0.04038374
0.1660158
-0.1786098
-0.02167567
0.05080709
0.1279748
0.2926964
0.09165849
-0.1224727
-0.001161742
-0.02618967
0.04860279
0.4084863
0.2130037
-0.09349376
-0.02255444
-0.04408393
-0.04046266
0.2319426
-0.03383678
-0.1134518
0.08102332
-0.03119114
-0.03104407
0.1903054
0.1272299
0.4100288
-0.04330289
-0.0597779
-0.003300839
0.4709358
0.3482474
0.04717572
-0.544456
-0.3674667
-0.2418019
-0.1083657
0.05323042
-0.1653383
0.5374505
0.1290426
0.2453844
-0.2129903
0.2236586
0.1039805
-0.1262513
0.3193432
-0.05407555
-0.0271482
-0.014065
-0.002782902
0.3056097
-0.02472349
0.1682681
0.4065224
-0.07125378
-0.3782091
-0.2641901
-0.1319969
-0.04697885
0.03607323
-0.102589
0.2749618
0.06036343
0.0005721767
-0.1371535
0.2016517
0.1661364
-0.1432862
0.3770845
0.03194059
-0.04986185
-0.1125769
-0.02582141
-0.01959043
-0.1077673
0.2990501
-0.135284
-0.4737932
-0.3670554
-0.09203698
-0.06826182
0.1453626
0.2097316
0.08795529
-0.1310222
-0.04295974
-0.4643807
-0.0778941
0.300677
-0.2314354
-0.07252544
0.02862954
0.2481634
-0.0261293
-0.09903982
-0.2265916
-0.03085825
0.3334178
0.09270209
0.2286943
0.185728
0.03664268
0.2210426
0.1721366
0.05078335
0.2157087
0.1358888
-0.0377895
0.1538318
0.1260755
0.2419324
0.3498116
0.2474546
-0.01614879
0.208575
-0.152053
0.1422156
-0.01606729
-0.05022915
0.650397
0.3249134
0.1402718
0.002769445
0.2183332
-0.3892443
0.03878712
0.06181893
0.449434
-0.1628205
-0.1664328
0.302322
-0.01416708
0.1212847
-0.150619
0.02416092
-0.1134753
-0.0298027
-0.1214957
-0.4790425
0.4871622
0.2800426
0.1812378
0.01259093
-0.2510896
0.02994839
0.03679351
0.3025093
-0.08482928
0.006530282
0.1055455
-0.003093269
0.3656288
0.07820089
0.1739365
-0.01373792
-0.01304477
0.1107525
-0.1198202
0.4331536
0.5546484
0.01795836
-0.2356962
0.1135955
0.1713685
0.1306846
0.1725679
0.08946082
0.1170281
-0.01214927
0.1691207
0.514129
0.4830505
0.1969026
-0.07178672
0.3579865
0.06922785
0.681433
0.07329892
-0.08044117
0.07489029
0.1454092
0.3425069
0.169728
0.05402791
-0.06138003
-0.1478039
0.1581367
0.3063183
0.464797
0.3989129
0.2024417
0.1273477
0.2289801
0.2618441
0.02448684
0.05239774
0.2028747
0.1387023
0.1628397
0.1736908
-0.04524755
0.004890732
0.05822442
0.4457521
0.5168279
0.1576966
0.1684358
0.1770321
0.2454478
-0.1799669
-0.08809881
0.1277113
-0.06743651
-0.2329957
0.1977452
0.1629318
0.1275087
0.02222124
-0.02673932
-0.0594099
-0.2949622
0.04343533
-0.2553529
-0.1217017
0.130715
0.05016584
-0.08716488
0.3068877
-0.02638506
-0.09640296
0.1966662
-0.08544638
-0.1781906
-0.1060353
-0.008689739
0.1867654
-0.07869047
0.2002641
0.1112623
0.2661892
0.49459
-0.02649958
0.05513702
0.09000953
0.083052
-0.008850132
0.04057203
-0.1398435
-0.001749874
0.1023779
0.06864866
0.007827007
0.2124272
0.1165413
0.2476953
0.2991457
0.1376072
-0.0642855
-0.1626511
0.1584564
0.4723519
0.08999817
-0.04327298
0.333733
-0.09266938
0.1431726
0.05906875
-0.004895162
-0.06412446
0.08120324
-0.03262224
0.1071901
0.07026688
-0.1331751
0.08207456
0.006315662
0.285729
0.04446216
0.08640443
0.08666046
0.09462014
0.22207
0.3389891
0.09510316
-0.2152016
0.1034592
0.1543991
0.2065454
0.1043252
0.002675082
-0.03389681
0.03370965
0.3215202
0.3007606
0.06775232
-0.1066704
-0.1210719
0.0001809938
0.1579383
0.0394539
-0.4686878
0.02640047
-0.1764049
-0.1601761
-0.2798
0.1724628
-0.09008432
-0.07391419
0.05049207
-0.07084643
0.1015598
0.06057487
-0.06769828
0.1549657
0.406812
0.2468774
-0.07043844
0.2931328
0.2799968
0.1415834
-0.05380365
0.2717207
0.1573637
0.2847099
0.2615541
0.06272222
-0.00917176
-0.08276616
0.05459812
