0.6949313
0.1399507
0.675068
0.5551517
0.3247024
-0.1621851
0.1513867
0.1681469
-0.1855937
0.04484171
-0.1650009
0.09682605
0.7589353
0.276519
0.2317525
0.1173925
0.2193806
0.03130053
-0.005150464
-0.2470828
-0.01579798
-0.3055049
-0.003171453
-0.09771299
-0.4485896
-0.2422584
-0.09582394
0.1523353
0.03630222
-0.1562546
-0.1293426
0.00849276
-0.2959881
-0.2381411
-0.09385475
-0.0689813
-0.3435554
-0.3268126
-0.3417438
-0.1103279
-0.1513318
-0.2992746
-0.260304
-0.4092532
-0.2884979
-0.3998016
0.09901034
0.575111
0.1198642
0.8627961
0.801243
0.6917126
0.08177268
0.4199218
-0.1498477
0.006078041
0.0658515
-0.0119383
0.1449021
-0.2783918
-0.1997851
-0.2891643
0.1240868
0.6785242
0.2709867
0.2412381
0.3407904
0.01702796
-0.07282135
-0.1336992
-0.3587131
0.03066367
-0.1350995
-0.2145134
-0.304386
-0.2972893
-0.02110905
0.3757219
-0.009413283
-0.1536822
0.1500134
-0.255491
-0.3704317
-0.3260387
-0.4554521
-0.2099533
-0.1470183
-0.3174417
-0.06192306
-0.2020837
-0.09315495
-0.2321358
-0.2371071
-0.3030449
0.1355501
0.6883568
0.2236721
-0.2595926
-0.1877177
0.3806623
0.3873235
0.3574495
0.22001
-0.3098742
0.02960271
0.09002995
-0.1635149
-0.05783211
-0.3303932
0.03156528
0.5465513
0.1944457
0.07320819
-0.02496513
0.0140433
-0.02132038
0.09944855
-0.3506866
0.1113701
-0.3445812
-0.1251151
-0.03689109
-0.2896581
-0.3741383
-0.05505318
0.2783338
-0.04352373
-0.1486721
-0.3031632
-0.07591471
-0.3525535
-0.1777317
-0.2051784
-0.05372906
-0.2274099
-0.3145659
-0.4062787
0.1629872
-0.003892691
-0.2345803
-0.1343669
-0.334924
-0.04877493
-0.3307655
-0.1134358
0.4429774
0.1549895
0.5933503
0.7550702
0.4952493
-0.07621811
0.1471069
-0.1962582
0.02777304
-0.09589579
-0.001710208
0.09379264
-0.2532978
-0.2597714
-0.1967314
0.1019692
0.522257
0.1566588
0.1461164
0.1988037
-0.05037264
0.0704666
-0.228919
-0.3279434
-0.1758585
-0.01530577
-0.1692241
-0.1859014
-0.1467893
0.02546602
0.4127031
0.04523042
-0.1241291
0.1748517
-0.003170219
-0.2266463
-0.1141076
-0.3493847
-0.3129032
-0.06334195
-0.2109072
-0.02539396
-0.232497
-0.2416023
-0.05893404
-0.1573132
-0.2373114
-0.08983898
0.5378202
0.1454772
-0.02093631
-0.03996567
0.02571714
0.1214337
0.08259843
0.2722821
-0.06680102
0.05441343
-0.2167975
-0.1541488
-0.1966365
0.1021178
-0.1929335
-0.04035811
0.119467
0.04457719
-0.06981431
-0.07638312
-0.03340272
-0.1096273
-0.3252751
-0.3523907
0.07121786
-0.2075192
0.07331804
-0.1610358
-0.1335
0.0251003
-0.05678901
0.08249453
-0.08019016
-0.1317827
0.1027339
0.1563964
0.1987812
0.02430753
0.1765043
0.2449482
0.08588536
0.08190904
-0.06463139
0.1192951
0.1739665
0.08598092
-0.1622507
-0.254659
-0.01231712
-0.08513554
-0.03705728
-0.01416452
0.3080018
-0.170354
0.182723
0.03113635
0.2341515
0.2192193
-0.1169325
-0.02419792
0.1567538
-0.05757571
-0.1697823
0.1541231
0.1523078
-0.1850055
-0.161867
-0.07174234
-0.02226432
-0.05896451
0.008515002
-0.02454037
-0.3143228
0.1293457
-0.09754376
-0.00139587
0.07251006
-0.08804355
-0.1018453
0.0626679
0.0383713
0.08383932
0.01016236
0.01355247
-0.004230866
0.1569723
0.03384385
-0.004314493
0.1336454
-0.03832399
-0.08441498
0.07297028
-0.02502704
0.08674425
-0.2160631
-0.1656172
-0.2699118
-0.1004626
-0.1850962
0.05279577
0.01425321
0.7167675
0.5669725
0.2051634
0.251854
0.397732
0.01677772
0.0972633
-0.05137815
-0.07227648
0.6387329
0.549244
0.3200468
0.03937833
0.1348955
0.1980123
0.2118998
-0.07199955
0.2845869
-0.03527242
0.04739916
0.02550596
-0.3377461
-0.3222626
-0.08932643
0.1663872
-0.178041
-0.3340387
-0.2432487
-0.1467128
-0.3989661
-0.4177603
0.08638311
-0.4409039
-0.4372107
-0.4113185
-0.3531973
0.05090775
-0.08922872
-0.4567487
-0.3708559
-0.4732623
-0.1650829
-0.3961489
0.2431478
0.7097025
0.365382
0.8027932
0.501455
0.8101196
0.3541665
0.6644023
0.1892237
0.1457974
0.110999
0.1481631
0.2901594
-0.05322488
-0.01563412
-0.2390172
0.006800887
0.6697659
0.3062235
0.2178564
0.3052742
0.1926191
0.009517407
-0.1206857
-0.2063274
-0.016424
-0.07447781
-0.308488
-0.4002268
-0.4873863
0.03636378
0.1784892
-0.08883119
-0.3645759
0.05727566
-0.1730472
-0.5426522
-0.4911548
-0.545911
-0.4905847
-0.255971
-0.3332953
-0.2398313
-0.2992504
-0.2660235
-0.4338014
-0.1632285
-0.449491
0.2957101
0.6601306
0.3006041
-0.1251555
0.1021592
0.6602028
0.1823521
0.3186699
0.4831789
-0.195009
-0.07310634
-0.1807621
0.1383336
0.5269157
0.418461
0.3573646
0.133332
0.205175
0.3099619
0.1749659
-0.1686241
0.06677111
-0.04571705
0.3495525
0.02966832
-0.1589864
-0.1592742
-0.1131299
0.2395163
-0.2161972
-0.1704106
0.01425558
-0.09447135
-0.3074151
-0.3294034
0.2965701
-0.3775566
-0.2401024
-0.3956973
-0.3023023
-0.06775829
-0.2327881
-0.4770196
-0.2857964
-0.3400301
-0.3480911
-0.4417217
0.1646508
0.6746825
0.2185568
0.659601
0.4429767
0.6038759
0.5726985
0.7512419
0.218804
0.2096871
0.1970164
0.2110529
0.3512265
-0.303475
-0.2246505
-0.2377111
0.08703402
0.5195236
0.1800472
-0.003242433
0.3112603
0.3349923
-0.03398242
-0.1804119
-0.3786986
0.176338
-0.0839191
-0.2586262
-0.2872002
-0.380856
0.03258498
0.2222337
-0.1335109
-0.240673
-0.04800271
-0.176121
-0.5777155
-0.4704552
-0.5230817
-0.3738963
-0.225036
-0.4731692
-0.2640377
-0.4575112
-0.1322192
-0.3776667
-0.359374
-0.5216178
0.1243332
0.6232451
0.1337676
-0.2852771
0.08718318
0.2071063
0.4851026
0.4561297
0.008376072
0.05252644
0.02149996
0.1558686
0.3084658
0.3419011
0.3041025
0.1372455
0.1584786
0.3351892
0.05755155
0.1378048
0.1313194
-0.1651874
0.245802
-0.08600472
-0.2249307
-0.1743945
-0.0200705
0.1209015
-0.1606356
-0.1316697
-0.2119525
-0.1574547
-0.4411634
-0.1742697
0.2859219
-0.2615994
-0.252583
-0.2309455
-0.332005
0.0004129355
-0.02127072
-0.3697292
-0.3803811
-0.4799161
-0.308201
-0.4180286
0.2630191
0.4457968
0.2324161
0.4626599
0.2080752
0.4681058
0.7904244
0.6789397
0.212906
0.2986253
0.3363788
0.1986633
0.2841489
-0.1793523
-0.2070738
-0.2670119
0.01176818
0.2990448
0.09424775
0.1778981
0.1636705
0.419674
0.006582909
-0.1563798
-0.3884747
0.1068076
-0.143579
-0.1841448
-0.4843028
-0.4086558
0.1382897
0.08644518
-0.1005504
-0.369851
-0.09370728
-0.07163099
-0.4195624
-0.5077993
-0.5469833
-0.3238843
-0.219171
-0.4368724
-0.3982527
-0.3440024
-0.2635536
-0.5205655
-0.360557
-0.4927581
0.1199883
0.3936174
0.1354213
-0.07878864
0.2838448
-0.1259061
0.01878158
0.1027581
0.0786671
0.05229228
-0.06321353
-0.2825899
0.02370311
0.01846068
-0.241948
-0.2888485
-0.1543877
-0.07126092
0.1689784
-0.1417161
0.05649365
0.1916761
-0.208803
0.2934545
0.05965565
0.02972712
-0.1605387
-0.09454726
0.1017055
-0.0913024
-0.2774579
0.2209992
0.3386147
0.3454524
0.08862299
0.1671647
0.3398385
0.3271836
-0.04152022
-0.02681764
0.05604162
0.1679775
0.1806344
-0.0974785
-0.1378854
0.1771738
-0.1604399
0.05523009
-0.1256259
-0.1644709
-0.1878621
0.5522009
0.4676749
0.821122
0.2712855
-0.1095883
0.01097464
0.07622241
0.3335779
0.07551965
0.1201383
-0.06490803
-0.3371176
-0.2169125
-0.1528402
-0.2305574
-0.0570129
-0.01618645
-0.01578711
0.05613946
0.1488446
0.02595648
-0.09196005
0.2065157
-0.09252391
-0.0454077
-0.2623593
-0.06967848
-0.03662053
-0.2644793
-0.1211143
0.140107
0.1399966
0.2011506
0.2209312
0.3339644
0.2167798
-0.08587877
0.2789373
-0.02375919
0.0462407
-0.1804378
-0.2098816
0.1217762
-0.3650182
-0.2184743
0.1375601
0.2776151
0.6307035
0.2088737
0.1954206
0.3700755
0.5088624
0.1667255
0.2754622
0.1677825
0.6395982
0.5660378
0.5545598
0.1024263
0.2100202
-0.001080738
-0.09251691
0.3730146
0.2073888
-0.3000689
-0.09894129
-0.2072229
0.3525032
0.05273077
-0.2458845
-0.1656184
-0.08667036
-0.4277103
-0.2986722
0.1851769
-0.1741291
-0.3326602
-0.2834056
-0.3797546
-0.01477245
-0.1918582
-0.4124438
-0.3434161
-0.3053671
-0.4309286
-0.3479942
0.02971231
0.3760845
-0.02544701
0.2403217
0.07315865
0.2450304
0.323714
0.2191777
-0.1925514
0.490592
0.8353553
0.6214806
0.6146368
-0.07416728
-0.001347769
0.1201735
0.3025982
0.2500534
0.0003488828
0.2210277
0.5735252
0.4840853
0.1813408
0.2738311
-0.3907268
0.3175076
0.1446849
0.1093335
-0.3351483
-0.3190804
-0.00809048
0.2039445
0.1228384
-0.282514
0.115515
-0.02822121
-0.3799876
-0.3597749
-0.4789656
-0.1738909
-0.2295748
-0.3697958
-0.2384061
-0.2992353
-0.2054419
-0.3299218
-0.4090789
-0.3437387
-0.1188457
0.3546094
0.2496828
-0.1413259
0.06662202
-0.03470125
0.1065208
0.1223516
0.1506913
0.2061579
0.2007432
0.2860701
0.4054987
0.4205173
0.6891952
0.40319
0.09128751
-0.0003899894
0.03869487
0.5129413
0.369815
-0.0852576
0.01916431
-0.2350934
0.05831084
-0.3062114
-0.2735186
-0.06304367
-0.06465146
-0.3744888
-0.4370564
0.4291739
-0.4176968
-0.09023801
-0.3205208
-0.3053559
-0.1040957
-0.3212362
-0.4957274
-0.1522137
-0.2475076
-0.4194665
-0.4043921
0.1287375
0.4738751
0.1774507
0.3037869
0.1441884
0.3605602
0.3589874
0.2370447
-0.02373472
0.2961523
0.4485508
0.6782203
0.8391054
-0.1630716
-0.1119438
-0.1434764
-0.0147292
0.3469457
0.1035717
0.1754237
0.389741
0.67191
0.283478
-0.01246509
-0.3992514
0.3348905
0.3153106
0.05393409
-0.2936039
-0.2532866
0.01465824
0.08555737
0.106893
-0.2343448
0.0616572
-0.1414142
-0.5042235
-0.3957465
-0.5641628
-0.4075472
-0.2806661
-0.3246868
-0.0346445
-0.3785306
-0.1614198
-0.2581161
-0.4101613
-0.3849791
-0.08331762
0.3442947
0.1061927
-0.2379865
0.07562622
0.3029175
0.5457646
0.1148849
-0.1746204
-0.02566444
-0.2221959
-0.1470054
-0.2298354
-0.0805162
-0.2344219
0.2767965
0.2686263
-0.009917202
-0.1007237
-0.08830901
-0.2942542
-0.2795536
0.07463049
-0.0178903
0.1461442
-0.1985991
-0.3510618
-0.4480461
-0.1453037
0.01612672
-0.2213584
0.05664572
-0.3605327
-0.008243774
-0.07094557
0.06685346
0.06808836
-0.1103885
-0.333881
-0.2483947
0.1418654
-0.111287
0.06553545
-0.1224899
-0.112249
-0.2006282
-0.1755284
-0.01029032
-0.07342824
-0.002146999
0.04834751
0.2589601
0.3890256
0.2057907
-0.04304974
0.6005498
0.3432508
0.3062321
0.1999536
-0.168224
-0.04861859
0.06869972
-0.07385777
-0.1188433
-0.0355084
0.2637448
0.1334872
-0.1306597
-0.07331146
-0.0822753
-0.07511955
-0.1805173
-0.07519708
-0.2043066
-0.1066438
-0.1788345
-0.03177852
0.1459765
0.2246079
0.03361495
0.08496787
-0.01192195
0.002581722
0.1605614
-0.05952815
0.1772285
-0.199461
-0.1662329
0.06052066
-0.1175493
0.298961
-0.1122194
0.06032236
0.2810055
0.2977544
0.6242292
0.1532106
-0.07417379
-0.08999239
-0.1844671
0.01537563
-0.008504634
-0.06373458
-0.08593707
0.4511829
-0.02857024
0.1934977
0.03850079
0.0266968
-0.2504484
-0.05230231
-0.2013456
0.08196048
0.02431772
-0.317342
-0.1698868
-0.1367679
-0.1375268
-0.1131218
-0.1925105
0.04662772
-0.261313
-0.05012917
-0.00978431
0.1738689
-0.01339332
-0.2090478
-0.1712224
-0.1182195
-0.09911317
-0.06003734
-0.01389166
0.04157032
-0.05383138
0.0168753
-0.0005557356
0.03511135
-0.004725141
-0.01109747
-0.02118368
0.1508715
0.1466136
0.3802719
0.1462978
0.2703801
0.542546
0.2876092
0.0571735
-0.1015225
-0.180951
0.2368185
-0.01663849
-0.05942388
0.06475445
0.3265641
0.1534139
0.004246211
0.007636787
0.1702258
-0.24365
-0.1827712
-0.2091013
0.1025801
0.0910863
0.01990727
0.1148699
-0.1270161
-0.004032308
0.08419806
-0.05030037
0.008280062
-0.08260474
0.3067697
-0.02684826
0.03695777
-0.1678005
-0.07601668
-0.1231154
-0.02372597
-0.01499388
-0.03456671
0.07341454
0.05955512
0.0562184
0.3367782
-0.1966316
-0.09034637
-0.06312585
0.1605167
0.1056996
0.08304728
-0.09134048
0.6459847
-0.07417873
0.2822193
0.08266207
0.1567885
-0.235559
-0.07557344
-0.2589061
0.02722335
0.08934524
-0.3425721
-0.141232
-0.145183
-0.2101561
-0.1893151
-0.01626796
-0.07368229
-0.3305944
-0.05014678
-0.1009086
-0.06112795
-0.2215969
-0.2095579
-0.2779314
-0.1567901
-0.1721353
-0.1000033
-0.008565564
-0.1126063
-0.1555293
-0.131879
-0.1615885
-0.0787671
-0.0241712
-0.106056
-0.09375149
0.3397195
0.4378241
0.3356487
0.1416633
0.3036691
0.489484
0.4305309
0.2303796
-0.166022
-0.05778275
0.2870254
0.06336781
0.07841262
0.1267194
0.4564364
0.1651493
0.1295019
0.0785996
0.2102254
-0.1815663
-0.1533599
-0.1604786
0.02779276
0.1143471
0.04568049
0.1926329
-0.03441057
0.04141419
0.007872612
-0.033381
-0.04425645
-0.132618
0.2609101
0.05632383
0.01636169
-0.1952432
-0.1280809
-0.08331017
0.05024895
-0.0007958899
-0.09378685
-0.01066629
-0.1225155
0.1343456
-0.0075432
-0.1281383
-0.1242763
0.2778564
0.2036838
0.01085812
-0.3632372
0.1682804
-0.2505216
-0.08217526
0.3358391
0.02872792
-0.3180406
-0.189307
-0.3319615
0.1636788
0.1457534
-0.04278171
0.06382257
-0.1292446
-0.135486
-0.1371298
-0.006534782
0.1238734
-0.2871001
-0.2008287
-0.298939
-0.2089776
-0.2598518
-0.2690562
-0.1016658
-0.1657596
-0.423693
-0.2462338
-0.345381
0.05569789
-0.3101682
0.09147338
0.1588426
-0.06280574
0.1858421
-0.006515439
-0.01971692
0.6182511
0.4464631
0.3160727
0.2588514
-0.2249925
0.01376377
0.2700233
0.7900353
-0.1282122
-0.09580467
0.1058585
0.3621559
0.08017978
-0.03926723
0.2723674
-0.2520518
0.3090143
-0.02057987
0.1512671
-0.105152
-0.09269585
-0.1707192
0.1193164
0.07796347
0.1858318
0.2186496
-0.2193877
0.06796019
0.06855533
-0.01778366
0.2002465
-0.01653292
-0.02628761
0.03018192
-0.2069482
-0.1383378
0.08624004
-0.3982099
-0.1247443
-0.3143742
0.08752466
-0.09090764
-0.1850214
-0.06044897
0.6052853
0.2421202
0.1279629
0.3057367
0.2069911
0.1766193
-0.2581172
0.2921863
-0.0775931
-0.01210239
0.1797162
-0.3485188
-0.2548245
0.05266455
0.2607017
0.01118873
-0.2583558
-0.003058966
0.1977666
-0.3659065
-0.4918696
0.0007939394
-0.3657585
-0.3408839
-0.4336364
-0.3503072
0.07962938
-0.1022645
-0.4173873
-0.260549
-0.4533847
-0.1175461
-0.2453109
0.1836684
0.7665795
0.3617933
0.7535441
0.5688602
0.8081854
-0.03628659
0.3923923
-0.3354244
-0.1672108
0.02253136
-0.02503374
0.08944189
-0.3797031
-0.1577332
-0.4072414
0.03038124
0.8608178
0.5621419
0.1913027
0.3860869
0.1452067
-0.01039344
-0.1620031
-0.281789
-0.1054119
-0.1086069
-0.1663169
-0.3374027
-0.3904188
0.02827652
0.4026106
-0.05609747
-0.2390507
0.148174
-0.2125137
-0.5287089
-0.4391314
-0.5584769
-0.4445718
-0.3520815
-0.3761394
-0.008601261
-0.339017
-0.05039662
-0.2373553
-0.07630619
-0.2304187
0.1735576
0.7685488
0.4121315
-0.3313496
-0.1251032
0.1759338
0.1233487
0.2579442
0.2048219
0.3147481
-0.1903765
0.4939012
0.003179211
-0.1434273
0.1643247
-0.09785395
-0.2736696
0.09288029
0.305829
-0.1013082
-0.4406333
-0.09349502
0.05528135
-0.2174186
-0.4604856
0.1900644
-0.5368752
-0.1778079
-0.2108735
-0.104645
0.3678597
0.0164667
-0.3532678
-0.05795861
-0.2502765
0.1304523
-0.0796941
0.3467197
0.6252708
0.3895516
0.3522769
0.1744435
0.6330427
0.08644658
0.4586835
-0.08839502
-0.09205206
0.08650995
0.03148956
0.1667536
-0.03063921
-0.03279574
-0.1322629
-0.1042345
0.6031174
0.5959211
-0.05239704
0.2763326
0.1267435
-0.004707738
-0.128041
-0.1198085
-0.1530657
-0.1382892
-0.1805689
-0.2208113
-0.4695558
-0.03982378
0.334075
-0.2212954
-0.3720037
-0.01851638
0.1195539
-0.655423
-0.3895974
-0.4818851
-0.554612
-0.4052522
-0.2941465
-0.08503616
-0.1454896
0.04415829
-0.1318465
0.1539879
-0.1338448
0.2264385
0.4848488
0.5277367
-0.07552006
0.05759531
0.493041
0.5116993
0.6605866
0.5051146
0.2169856
-0.07030972
0.1067008
0.3208542
0.2824271
-0.01075965
0.1820103
0.2308202
-0.01832678
-0.301572
0.3185142
0.1971694
0.3908746
-0.1000166
-0.001059524
0.5843948
-0.2202088
0.1371984
0.2052905
-0.002775154
-0.2310895
-0.201697
0.152114
-0.1481844
-0.1639375
-0.04901283
-0.05741692
0.4420775
0.2513714
0.2415297
0.2908882
0.01134204
0.2461188
0.1550859
0.2199567
-0.04583286
-0.05597673
0.1812308
0.0791174
0.1995409
-0.2777941
-0.2154342
-0.2673217
-0.06472384
0.245721
0.2019273
0.3691404
0.3950043
0.5541689
0.2191439
-0.02802215
-0.157524
0.248328
0.1873378
0.1042289
-0.3445159
-0.3054455
0.3583401
0.06107179
0.3152384
-0.2191985
0.1220281
-0.1849841
-0.1627241
-0.4336481
-0.4090507
-0.1936069
0.0571266
-0.2693511
-0.1726445
0.003631594
0.04358148
-0.4646879
-0.1815319
-0.2264811
0.2503554
0.2387201
0.01192837
-0.4034963
-0.09243377
0.7920271
0.6632703
0.2253844
0.2550714
-0.2032672
0.009598303
0.3765094
0.2299668
-0.1611262
0.1064022
-0.1273935
0.2506292
-0.0051278
0.1854854
0.1865329
0.334406
-0.2101156
-0.1844437
0.2727399
-0.1161935
-0.08676583
-0.009409368
-0.1554228
-0.1398337
-0.2480118
-0.0303371
-0.2554496
-0.1635868
-0.2724203
-0.0666742
0.09466479
0.2375305
-0.01879345
0.1570155
0.06711373
0.07590876
0.02015167
0.03831184
-0.3955864
0.1172639
0.5972273
0.3968464
0.3570058
-0.2461298
-0.02821326
0.04097888
0.1713207
0.2320074
0.08486812
0.2555653
0.6613124
0.5218227
0.205158
0.357139
-0.272838
0.423111
0.1148058
0.2872901
-0.3066944
-0.3001537
0.0234869
0.2417448
0.2805806
-0.1391666
0.1280944
-0.07609359
-0.2578203
-0.34889
-0.3701777
-0.06558331
-0.1100095
-0.3260919
-0.2979671
-0.1521911
0.03602353
-0.3508986
-0.3677642
-0.169435
-0.1162789
0.2733607
0.2044946
-0.3966463
-0.09354036
0.6763232
0.3393377
0.1054579
-0.07586404
0.008618686
0.2734968
0.2932457
-0.1864309
0.1193419
-0.03879917
0.2328657
-0.05946238
0.08484929
0.2592845
0.3685231
-0.2152674
-0.3450717
0.2909999
-0.2481627
-0.07506478
-0.09254382
-0.1570619
-0.08033655
-0.24083
-0.1484744
-0.1371828
-0.183378
-0.2523133
-0.07253378
0.1723119
0.3212876
0.003489456
0.2534119
0.1085622
0.2003129
-0.01236768
0.07431919
-0.4121149
0.06203574
0.4458781
0.3174306
0.3635286
-0.3982368
-0.07380176
-0.0755752
0.133325
0.3589528
0.1269659
0.3002034
0.6784914
0.5185505
0.1883431
0.2567923
-0.2578026
0.3783116
0.1114167
0.3244531
-0.3615377
-0.2771051
-0.002450287
0.3547386
0.3334011
-0.08361051
0.1595066
-0.1288301
-0.3581492
-0.4053444
-0.4484437
-0.2226833
-0.2658895
-0.3497421
-0.2222541
-0.2556199
0.03033416
-0.2908254
-0.2929293
-0.1702725
-0.07571407
0.3267583
0.2048552
-0.4951672
-0.235408
0.5671375
0.2315289
-0.02720714
0.1824499
0.5065728
0.5342831
-0.01261888
0.2017127
0.02055745
0.08966424
-0.2687769
0.06782758
0.106284
0.2213733
-0.3160094
-0.2904958
0.552537
-0.3586805
0.001753882
-0.09463336
-0.2007173
-0.1768437
-0.2859826
-0.1695459
-0.1761613
-0.1963777
-0.200307
-0.1582661
0.2289655
0.3207171
0.1549605
0.1642134
-0.09896429
0.2116509
0.1628474
0.08736996
-0.2524813
0.09211429
0.469461
0.5309363
0.5146624
-0.320155
-0.1078551
-0.1341597
-0.01828278
0.3124794
0.09920204
0.2560377
0.5430046
0.7778255
0.3014334
0.1490069
-0.2993469
0.3264725
0.2922712
0.26601
-0.4079375
-0.2992717
0.189862
0.08015588
0.2829623
-0.2759206
0.02646594
-0.1179195
-0.361129
-0.5018809
-0.566274
-0.3662165
-0.1818522
-0.3522487
-0.1902198
-0.2941311
-0.0914195
-0.4168295
-0.3681418
-0.3078129
-0.00149633
0.2827591
0.07263808
-0.4530639
-0.09920812
0.08814492
0.254327
0.3654226
0.1153663
0.7263565
0.374498
0.316064
-0.0596944
0.1029797
-0.3867937
-0.003229345
0.07116329
0.3491047
-0.04867083
-0.1907985
0.4395044
-0.377559
0.3117195
0.001416794
0.08863413
0.04973002
-0.1575138
-0.07938604
0.2349473
0.1884889
0.1845993
0.1075245
0.2370722
0.2196731
0.2324421
0.09551446
-0.1421279
0.2167427
-0.04923445
0.01794291
-0.1414483
-0.06622332
-0.03719957
0.2308199
0.3446566
-0.1466952
-0.07489585
-0.06689544
-0.3237789
0.2818342
0.1619814
0.1883258
0.2944086
0.3913406
0.5811723
-0.03794906
0.1595536
0.08966672
0.6489625
0.2260878
-0.0147713
0.04629504
0.004413855
0.1219463
0.3268781
-0.106028
0.1197152
0.0134194
-0.3223987
-0.1617159
-0.2866688
-0.4173897
-0.1042799
0.008471338
0.1875001
-0.1941127
0.0209937
-0.007243308
0.04288077
0.007807688
0.01106022
0.1434086
0.06362945
-0.1845317
-0.09035093
-0.184552
0.3618461
0.2454681
0.2183166
-0.09815346
0.0894382
-0.08668414
-0.01959577
0.07682814
0.007827627
0.07459518
0.1819529
-0.1472909
-0.06319598
0.1918394
-0.06884901
-0.08411261
0.2139209
0.0333804
-0.09524794
-0.08783486
0.0400979
-0.1941248
-0.129844
-0.1766847
0.06066412
0.09029895
-0.2210857
0.0745839
-0.1612267
-0.3245968
-0.1823666
0.1645316
-0.05910017
0.0135788
0.1988109
0.3046287
0.147897
0.01363964
0.176015
0.3736442
0.2725876
0.08814127
-0.2255911
-0.006879495
0.4015669
0.01408899
0.2339524
0.2969031
0.4120295
0.2001103
0.2667753
0.1500006
0.4337952
-0.1991264
-0.1626038
-0.01801925
-0.06450193
0.2465198
0.1568596
0.167297
-0.004693439
0.1487756
0.03398306
0.02927449
0.02571788
-0.03182784
0.3261786
-0.08833536
0.08377972
-0.04759131
-0.1698343
-0.109361
0.174132
-0.0844483
-0.2518244
-0.07427172
-0.1186996
0.1468576
0.1971237
-0.4235633
0.1591244
-0.08915676
-0.2579244
0.1889736
0.2676739
-0.1783302
-0.3397628
-0.2088591
-0.1384397
-0.05710286
-0.3963125
-0.1329503
-0.4619338
-0.203636
-0.3004798
-0.05041287
0.4408131
0.08159919
-0.4210093
-0.05416784
-0.2305285
0.4449141
0.1444267
0.08827616
0.31948
0.1888466
0.06169439
-0.1170002
0.3795527
-0.115863
0.1709725
-0.1494243
-0.07447993
-0.01873775
-0.008916332
0.002893518
0.2689149
0.119642
-0.007610973
-0.1478919
0.2940644
0.3263769
0.02648871
-0.0679807
0.02845881
0.2552224
-0.1053962
0.3861958
-0.4270451
0.06476676
-0.0941225
-0.1588102
-0.08611606
0.1059488
0.03091779
-0.07416623
-0.1461834
0.0688821
0.2763296
-0.2254522
-0.101729
-0.07703625
-0.4777896
-0.3381824
-0.07691809
0.09042839
-0.238822
-0.02448236
0.002999464
0.4397208
0.02045223
0.1919764
0.2213168
0.3972738
0.1830308
0.2148864
0.1303671
0.6125405
0.2995389
0.3446458
-0.08347115
0.04838091
-0.106668
-0.1010118
0.3282783
0.2093785
0.1866768
-0.1983586
0.1148828
-0.2124045
0.003435732
-0.04145032
0.2280489
-0.05250652
-0.1603434
-0.1219274
0.1299985
0.2656921
0.3393197
0.4532479
-0.008166032
0.01555246
0.06276205
-0.1573512
-0.3830996
-0.0567444
-0.1759845
-0.1163687
-0.09157062
0.04690386
-0.09530261
0.1692565
0.06455537
0.1256014
0.3698434
0.3402689
-0.09174396
-0.01820355
-0.03224187
0.02068898
-0.04624903
0.08505184
0.3535356
0.344536
0.6583809
-0.001086992
0.3725758
0.2309739
0.07778883
0.09449103
-0.01868929
-0.1434061
0.1145058
0.2448765
0.1611926
-0.1345271
-0.1159273
0.08853454
0.07717305
-0.122071
-0.0528216
0.1689591
0.1173037
-0.1837436
0.1250918
0.04894495
0.2684319
0.3500877
0.008592303
0.01855789
-0.009200694
-0.1248316
0.03349277
0.2201445
0.07270347
0.3589457
-0.1927708
-0.03205108
-0.08974854
0.2269746
0.252428
0.1288556
-0.1441887
0.04478562
0.528657
0.1159407
0.07599041
-0.001500883
-0.09701712
-0.4464719
-0.4409068
-0.1285025
-0.0701628
0.06754145
-0.4356243
-0.2237804
-0.0836235
0.1106123
-0.1943604
0.02538107
-0.04337394
-0.02259351
0.367025
0.130402
0.2059336
0.3711219
0.2960648
0.3817997
0.3660586
-0.3351664
-0.09871384
0.06783815
0.218071
0.001877245
-0.1445538
0.1675886
0.4297632
0.554554
0.1562705
0.1160964
-0.2331352
0.7344014
0.2729568
0.3176369
-0.007056673
-0.07384428
-0.09600362
-0.006643006
0.2602275
0.1028748
0.08633463
-0.3429928
-0.05104973
-0.1048568
-0.2668551
0.2250902
0.1473226
0.03446922
-0.06987589
-0.2283581
-0.06376692
-0.1531415
-0.5322103
-0.2337661
-0.2131464
0.0583505
-0.2732345
-0.3728153
-0.2134267
0.2291813
0.3053138
-0.1475161
0.2009216
-0.1510107
-0.05944077
0.2053684
0.333398
-0.04902065
-0.2994712
0.2568674
-0.2758299
0.1000264
-0.169425
-0.004269535
-0.02509921
-0.1785605
-0.1838881
0.2188771
0.2485759
0.1282714
0.2316686
-0.03135111
0.1440119
0.1045779
-0.02596991
-0.2679472
0.07214352
-0.2016717
-0.1896651
-0.3507676
0.1434313
0.1124834
0.410935
0.3793555
-0.139753
0.06842046
0.179405
0.09364051
0.1977425
0.07242817
0.1243919
0.3144759
0.2485571
0.4993672
0.2245155
0.2057563
0.09554138
0.6381759
0.2934904
-0.06409799
0.07354206
-0.05015413
0.07227077
0.2900938
0.01127887
0.2089389
-0.2095149
-0.2278624
-0.05830128
-0.1974704
-0.3508196
-0.1808847
-0.006971078
0.2487928
-0.3593175
-0.05015731
0.08505722
-0.004136464
0.11961
-0.1843336
0.1347519
0.03239491
-0.2693955
-0.1930452
0.6056192
0.07865744
-0.1590838
-0.1675572
0.27228
0.2801545
0.2809813
0.5196574
0.3804126
0.4320472
0.1016488
0.7419762
0.3762883
0.5731074
-0.08724138
0.01308986
0.3310318
0.6380895
0.7584781
0.2511334
0.3276409
0.02781494
-0.349499
0.02116276
-0.4208702
-0.4173083
-0.4076097
0.06605775
-0.1805928
0.2583349
-0.1393765
-0.391159
-0.1417594
-0.04685067
0.04086379
-0.0661137
0.05268363
-0.3640352
-0.305061
-0.2648482
-0.3733734
-0.2201302
-0.01741562
0.1617453
-0.1573019
0.2601179
0.06627134
0.3944422
0.06934629
0.687294
0.5400273
-0.01388144
-0.2989773
0.03068234
0.1526305
-0.2363641
-0.0766076
0.07476825
0.3170411
0.3708496
0.1719975
0.2564727
0.2534655
0.1916
0.1130349
0.2987654
0.3653157
0.1672533
0.2392611
-0.1480092
-0.4548736
-0.3984545
0.04004768
0.01929508
0.126972
-0.2864322
-0.1862635
0.3526892
0.4697987
0.4392019
0.4681177
0.4076052
0.3146602
0.380185
0.5660317
0.3484335
0.547224
-0.3042683
-0.08700409
0.3902178
0.537857
0.6007182
0.172888
0.4445528
0.1117902
-0.2932912
-0.2309491
-0.306039
-0.3826176
-0.3238954
-0.01947718
-0.2235706
-0.03361572
-0.06224994
-0.1587903
0.03005323
-0.03355995
-0.08269675
0.02540551
0.04450657
-0.249799
-0.2345262
-0.2740062
-0.1404461
0.01510615
0.1488647
0.01982233
0.06394478
0.2619916
0.3583045
0.3989963
0.2231663
0.2897095
0.4902929
0.03537319
-0.398906
0.1080937
0.1714082
-0.1195398
-0.2925238
0.0799225
0.0359407
0.1627789
0.3650864
0.2766254
0.1525023
0.1038935
0.08380933
0.3999403
0.1601893
0.07812833
0.2845026
-0.007289877
-0.256093
-0.2520837
-0.1266282
-0.3871952
-0.189092
-0.1530466
0.1045593
0.157624
0.1667658
0.2454693
0.1867638
0.04525152
0.06201834
0.2778606
0.3054557
0.3523704
0.1456749
0.2505617
0.3497969
0.1334897
-0.05784067
0.3301265
0.2697885
0.331881
-0.1159606
0.3277997
-0.1023298
-0.2348925
-0.02579514
-0.1382362
-0.06318782
-0.08439488
-0.3470417
-0.1567215
-0.3218291
-0.2457675
0.1524444
-0.1067981
-0.332141
-0.2118778
-0.01567447
0.1479536
-0.2163553
-0.268858
-0.04696417
-0.2929392
-0.273658
-0.0184295
-0.2836455
-0.2178119
-0.2071565
-0.08056284
-0.1135362
0.6764486
-0.2429396
-0.2569227
-0.1591435
-0.2437731
0.1048078
0.0495405
-0.1859651
0.1019027
0.02399309
-0.01590802
-0.144777
-0.1370419
0.3548292
0.36347
-0.06351541
0.3746091
0.1592158
0.2660221
-0.1439669
0.1996327
0.1195796
0.03308969
0.2901168
-0.1824607
-0.2058304
-0.08088529
-0.2269205
-0.3149324
-0.1313881
-0.2849392
-0.3203477
-0.3322033
-0.2150653
0.4510005
-0.05803184
-0.3533882
-0.1631227
-0.1009459
-0.1232395
-0.1544106
-0.1990464
0.4016721
-0.03902846
0.144355
0.1002233
0.09312118
0.01331485
0.1440314
-0.2028476
0.323176
0.3222839
0.2002844
0.141419
-0.04910338
0.1382147
0.3365263
0.2244681
0.2380204
-0.06009323
-0.04135253
0.2809373
-0.004652925
0.2606125
0.2644553
0.005578822
0.04816602
0.1259139
0.051103
-0.06922156
-0.1570465
-0.1018108
0.5605858
0.1144902
-0.1177458
0.09131026
0.2238368
-0.1964112
-0.008718307
-0.1154304
-0.2189273
-0.163778
-0.1224207
-0.1936682
-0.3711473
-0.2119937
-0.02014454
-0.08838126
-0.1931906
-0.2330548
0.3016579
0.2887877
-0.07364139
0.07520735
0.1023311
-0.007383512
-0.05368679
-0.03426951
0.08115984
-0.3283247
0.2271832
-0.1896475
-0.003486614
-0.1276313
0.09304848
0.1012314
0.0745795
-0.1685748
0.07288742
-0.1813751
-0.01547817
-0.1606832
-0.05437696
-0.1991573
-0.06564022
0.02884471
-0.1863023
-0.04867175
-0.1062531
-0.08697301
0.08999436
0.249132
-0.1198969
-0.1770558
0.07859246
0.1059893
0.2494925
0.1209565
-0.0766233
-0.1451727
-0.0251799
-0.1240543
-0.2523152
-0.04179303
0.2840623
-0.06942051
0.05664326
-0.1763036
0.05596519
0.1667777
-0.008686991
-0.2342054
0.2363802
-0.03557506
0.01611458
-0.0921386
0.09881841
0.1747516
0.3194525
0.09943917
0.2314601
0.07845091
0.08338436
-0.09742587
0.04356501
-0.1086865
0.06701848
-0.1348654
-0.01192016
-0.1805283
-0.03146144
0.1030289
0.01352602
-0.08840649
0.3760933
0.3734746
0.2791157
0.6466878
0.1435609
0.4955961
0.4176537
0.4213147
0.2241796
-0.2879172
0.1835035
0.604403
0.1462565
0.3265275
0.06418185
0.2689262
0.01126018
-0.3805429
-0.2288191
-0.2583728
-0.2285123
-0.4562843
0.06452392
-0.02368654
0.1670326
-0.02473336
-0.133299
-0.2207225
-0.289033
-0.1641754
-0.2085688
-0.0643791
0.03849082
-0.3949991
-0.3557531
-0.04953196
0.03259316
-0.02057762
-0.06290959
-0.05346883
-0.02145125
0.2270816
0.05764222
0.1022405
0.1584144
0.2385931
0.04148016
-0.1958313
0.1833473
0.04150872
-0.1887305
-0.2896319
0.4893269
0.1090005
0.2650393
0.5285183
0.5097782
0.01732398
-0.2245413
0.1702474
0.05797592
-0.0781384
-0.2818218
-0.107434
0.05906186
-0.3897142
-0.4110634
-0.05791859
-0.1635507
0.695632
0.3930716
-0.05003149
0.1991559
-0.0009612294
0.396095
0.2333178
0.3823094
-0.1800676
-0.01952805
0.2463669
0.3387027
0.3706933
0.04804762
0.5197091
0.1403896
-0.08334585
-0.04122318
-0.1728984
-0.1923491
-0.1613057
-0.1361251
-0.1097169
-0.2031177
-0.1838023
-0.1932999
-0.1508028
-0.08113998
-0.2505389
-0.02743414
-0.08086817
0.03450564
-0.08201013
0.1274277
-0.1919793
0.001571952
0.08441372
-0.1756317
-0.02343246
0.08010461
0.2498495
-0.09732647
0.1037903
0.1348667
0.1176149
-0.1086793
-0.1222356
-0.1604994
0.3036084
0.02448212
-0.2989659
-0.1519069
-0.01553947
0.07293749
0.1163992
-0.1791767
-0.08475962
0.009212947
-0.02744806
0.5059995
0.1224609
0.1242039
0.3795292
-0.05065522
-0.1104894
-0.04932591
-0.3181501
-0.2869137
0.1825789
-0.01302216
0.2518368
-0.0429975
0.4251911
0.3390645
0.2925802
0.03471286
0.1554718
0.3777791
0.2943448
0.2565895
0.137056
0.5096608
0.2778106
0.01825123
0.2597297
-0.0223759
-0.145223
0.005333824
-0.2116174
-0.1410971
-0.3583126
-0.3229852
-0.1990208
-0.2085012
-0.1663092
-0.3132973
0.003150076
-0.2031582
-0.106625
0.118701
0.3290355
0.09293707
0.1944623
0.1726168
0.02092842
-0.06469868
0.04734351
0.2228258
0.08117543
0.239169
0.03675341
0.1231892
-0.01381098
0.05187861
0.07525693
0.1364724
0.1968665
-0.2511123
-0.1369069
-0.1226133
-0.05348806
0.000268895
-0.1462954
-0.0357945
0.02585289
0.08938693
0.4587647
0.02628824
0.1509217
0.39382
0.002939523
-0.01862956
0.1306153
-0.243247
-0.1995991
0.3747531
0.108478
0.2408896
0.5385169
0.4626933
0.770379
0.003941167
0.1713307
0.4439954
0.6219799
0.6465169
0.3890862
0.5721333
0.03556019
-0.4000369
-0.1431537
-0.4563214
-0.3089793
-0.4535662
-0.1316313
-0.2597212
0.1461617
-0.07914049
-0.336878
-0.1741937
-0.1861904
0.1603071
0.1052071
0.2066183
-0.01567849
-0.4324993
-0.2137867
-0.3265875
-0.2159563
-0.3115609
-0.1397451
0.1793041
0.3361589
0.01667197
-0.0001921833
0.06347685
0.4951392
0.5057199
-0.026272
-0.3372367
-0.0964886
0.355281
-0.1144135
0.02040177
0.3104627
0.43558
0.6578878
0.4364387
0.1494732
0.1931641
0.2782263
0.3714365
0.5948645
0.5034934
0.3328399
0.4078711
0.002829193
-0.5003594
-0.1539544
0.2286654
-0.1185769
0.005223082
0.8205318
0.4258421
0.57457
0.3726263
-0.205486
0.2839057
0.6759214
0.2434789
0.4318202
0.1401076
0.1459502
0.03841091
-0.5532557
-0.2723201
-0.3910283
-0.2707585
-0.581855
0.07326026
-0.07186997
0.3969941
-0.01620916
-0.1985195
-0.2443586
-0.350195
0.2525121
-0.09065092
0.07449984
-0.1287541
-0.6115362
-0.5085375
-0.2267237
-0.2825726
-0.353117
-0.197356
-0.08116578
0.05730531
0.03268878
0.07354596
-0.1053886
0.3542689
0.3256742
0.1246504
-0.3981068
0.02374612
-0.07945218
-0.3350347
-0.1890844
0.6030922
0.2581036
0.4219424
0.7436506
0.7900122
0.2027446
-0.09864314
0.5219039
0.0377813
0.03677176
-0.135643
-0.07318583
0.1893238
-0.5313233
-0.4424377
0.3188745
-0.03810906
-0.2672148
0.36154
0.2793174
0.2005197
-0.2713739
-0.3538357
-0.03138122
0.1836096
0.1347113
-0.2093527
-0.1160426
0.2648036
0.02488171
0.1423789
-0.03532219
-0.198653
0.0479639
0.4336299
0.1495798
0.2795506
0.09432589
0.09359789
0.1762234
0.3455898
-0.2771207
-0.2589936
-0.1251934
-0.1498534
0.0005204253
0.1371703
0.2191321
0.2478338
0.6557746
0.3113915
-0.1249873
-0.1734553
0.4818512
0.293794
0.3278227
0.1090365
-0.01177094
0.0914746
-0.09872649
0.3098628
0.09026759
0.09589879
-0.1522942
-0.1340428
-0.07031964
-0.1562103
-0.09206504
0.07377782
0.05508185
0.09811698
-0.02360293
0.214685
-0.02724457
-0.2330546
-0.06564794
-0.07705096
-0.1213177
-0.2337182
-0.3333089
-0.01877592
0.2129531
0.3550083
0.1819557
-0.2941758
0.2066399
0.5356169
0.1683464
0.3471852
0.05573433
0.1607437
-0.1859413
-0.4901262
-0.4312115
-0.2469875
-0.0599274
-0.4729005
-0.1023462
-0.2079859
0.1399144
0.06712957
-0.10734
-0.1428218
-0.3172063
0.1829494
-0.03626526
0.1807763
0.10733
-0.4670502
-0.4849745
-0.1652286
-0.1333217
-0.437515
-0.2788183
0.0700982
0.04184142
0.09804003
0.002478202
-0.06057606
0.2624479
0.2916907
-0.04420743
-0.2497755
0.007931249
0.03263883
-0.212742
-0.2571774
0.5337753
0.2656214
0.3231004
0.7806047
0.6500473
0.2042129
-0.06232253
0.3551297
-0.02334712
0.1019102
-0.1614156
0.03998508
0.03319478
-0.3454444
-0.3503766
0.2158911
-0.2400315
0.6502904
0.7052022
-0.03239936
0.06531019
0.5767309
0.7522924
0.6499346
0.2121628
0.3765733
0.268864
-0.3903149
0.04542405
-0.4182148
-0.3556505
-0.4216922
-0.03384557
-0.2372032
0.1342448
-0.2890524
-0.4298562
-0.297131
-0.08474735
-0.02930315
-0.1748752
-0.1568553
-0.2885656
-0.3483984
-0.1024144
-0.3363784
-0.2305884
-0.02059786
-0.007721396
-0.2328377
0.041659
0.08624811
0.2245209
0.04875824
0.5015049
0.4250307
0.04927379
-0.1830698
-0.03195205
0.1326944
-0.2900017
0.01276951
0.1240981
0.156198
0.2857323
0.2680724
0.1450071
0.2041679
0.2758803
0.3650623
0.5457335
0.4385276
0.2193562
0.3039163
-0.05078913
-0.5232333
-0.2305005
0.003315721
-0.09351453
0.7174966
0.1111419
0.2100059
0.7518202
0.4546307
0.3799251
0.2785654
0.3738442
0.5261577
-0.4539665
0.07929797
-0.471466
-0.3865616
-0.4534989
-0.0706579
-0.1805891
0.1857989
-0.1820905
-0.242446
-0.2991674
-0.2873218
0.2362425
0.05650123
-0.02158208
-0.1865518
-0.5252205
-0.02133546
-0.07952949
-0.2307424
-0.09581903
-0.09181988
0.05124652
0.05346878
0.1024861
-0.05650892
0.0932029
0.2344866
0.0891475
-0.03775079
-0.189517
0.0218204
0.04712704
-0.152012
-0.002854975
0.3241032
0.1082894
0.2500261
0.4090133
0.3140008
0.2718041
0.01187263
0.7440723
0.5236929
0.1758273
0.1775835
0.2927462
0.2254914
-0.5462966
-0.05526247
0.1501684
0.1170184
0.1686681
0.1223514
0.519338
0.6775448
0.5653777
0.4429777
0.5523788
0.4279951
-0.3847196
0.007500167
-0.4738322
-0.4248831
-0.4055552
-0.1359118
-0.1672498
0.07804966
-0.1973874
-0.3971706
-0.2684704
-0.252085
0.2839848
0.1668388
0.1193214
-0.2484694
-0.3936113
-0.1188325
-0.3544727
-0.3111454
-0.2338988
-0.116074
0.1243313
0.3420922
-0.004710677
0.01448344
0.04225261
0.4177856
0.2956781
-0.03877297
-0.3157532
-0.1369423
0.2405609
-0.2330796
0.06043345
0.1383745
0.1885512
0.4738729
0.3054893
0.08476308
0.2415737
0.1325001
0.4598747
0.7514294
0.402481
0.4472749
0.4345387
0.1706176
-0.4693631
0.01493003
0.1713151
-0.007233567
0.5002898
0.009135337
0.1365851
-0.08950428
0.3695527
0.2208853
0.2498066
0.2743034
0.367991
-0.1086031
-0.05964928
0.03705116
-0.1395029
0.06278202
-0.1438641
-0.04977358
-0.1198878
0.0002732838
-0.1167876
0.248976
0.3008563
0.08297294
-0.1217991
-0.003916089
0.1679693
-0.21331
-0.2297062
-0.2540032
-0.07004822
0.04667421
0.03013066
-0.3726812
-0.1879378
-0.1716773
-0.1760747
-0.1337397
-0.07338955
0.2328052
-0.2775871
-0.2000279
-0.08671214
0.3723569
-0.1751963
-0.07562727
0.01129943
-0.2759172
-0.2762293
-0.07078905
-0.143261
0.1093904
0.1185225
0.1125257
0.3261185
0.05811307
0.1167542
0.02930082
0.6384002
0.4233223
0.3385586
0.4672363
0.05417604
0.08188274
0.4082209
0.419048
0.1481485
-0.08849986
0.424962
-0.1296594
-0.1406869
-0.1573652
-0.02923585
0.02503492
0.03066802
-0.2170317
-0.191086
-0.1612354
-0.3419036
0.2747605
0.1350115
-0.08161794
-0.07487893
-0.1979995
-0.03753887
-0.2793804
-0.2932757
-0.4632012
-0.4360173
-0.04358677
-0.04797621
-0.4724442
-0.3728458
-0.3844663
-0.1125396
0.115037
0.05991204
-0.1119123
-0.3905023
-0.2773838
-0.2545535
0.1120406
0.1116723
-0.08432136
0.1742919
0.1136947
-0.01377222
-0.2106177
-0.3225644
0.2529658
0.02919466
-0.09520673
0.2379264
0.0716886
0.3093347
-0.1846585
0.2544615
0.6579466
0.2946814
0.382707
0.4480617
0.3508352
0.5216645
0.2696513
-0.468532
0.05273756
-0.3667705
-0.2681083
-0.492628
-0.2289735
-0.3235506
0.06030433
-0.2889932
-0.3287612
-0.4260426
-0.5078779
0.0798985
0.03885614
-0.09916789
-0.1249629
-0.4670731
-0.1399978
-0.2580907
-0.2197531
-0.3206955
-0.3887252
-0.009908819
0.001302344
-0.03979282
-0.1456953
-0.156976
0.2087591
0.2738443
0.1166322
-0.2456372
-0.1539977
-0.08053945
-0.3185577
-0.01356335
0.4187587
0.04644689
0.3141075
0.5235107
0.3878932
0.1242109
-0.1234862
0.6503714
0.3539566
0.09168
0.1862014
0.2843343
0.2584879
-0.4605698
-0.1030631
0.2085598
-0.06175798
0.6936039
0.3173166
0.4937745
0.04471584
-0.298997
-0.09800647
-0.3719583
-0.2211006
-0.3479375
-0.1723432
-0.3083045
0.1133202
-0.04517442
-0.5235138
-0.1819031
-0.05983551
-0.01627706
0.009187327
0.07356035
-0.07645492
-0.2987818
-0.06727978
-0.3904711
-0.1893282
-0.2124307
-0.05463964
-0.1119062
0.1876193
0.06458556
0.2641941
0.07319949
0.4781194
0.5588137
-0.1242527
-0.1306672
-0.1034996
0.2669303
-0.1595537
-0.001122359
0.1037841
0.2901051
0.349803
0.2090387
0.09372996
0.2929475
0.4210868
0.2941623
0.531284
0.7527941
0.3237262
0.4610559
-0.1454619
-0.425801
-0.08937592
0.08023869
-0.2274138
0.2631282
0.541816
-0.1536364
-0.4525719
-0.2498944
-0.5229147
-0.3896015
-0.5487584
-0.1558596
-0.3549703
0.1510034
-0.02828462
-0.3327821
-0.09445923
-0.08092852
0.07992403
0.02131401
0.2697128
-0.07500524
-0.4323619
-0.3787702
-0.3845669
-0.1692655
-0.2926168
0.03579902
0.04636589
0.2949288
0.1817954
0.3174746
0.06471286
0.6761707
0.6373115
-0.2407475
-0.1647121
0.009013258
0.2215702
-0.1917092
-0.1321956
0.21288
0.478546
0.4619771
0.3877449
0.2362523
0.274513
0.2916109
0.1767384
0.2846876
0.5260045
0.1840435
0.3841275
-0.2550163
-0.5226001
-0.3687477
0.03323471
-0.2708681
0.6924395
0.218324
-0.1474696
0.1543558
-0.2979501
-0.2883799
-0.06609763
-0.4384757
-0.2145755
-0.1540002
-0.2691651
-0.4374992
-0.2354245
-0.4173468
0.3125804
0.1354025
0.1041791
-0.2270864
-0.1064015
0.06580452
-0.2140459
-0.2301424
-0.3075178
-0.06254984
-0.002871307
0.5616886
-0.4194926
-0.005487706
-0.1292038
0.1202535
0.1950406
0.0212312
-0.159246
-0.1655402
-0.00437165
-0.05254931
0.2140179
0.07957002
0.07239809
0.2354133
-0.06687426
-0.008028863
0.07535263
0.03305585
0.2313708
0.3027455
0.1573963
0.6847426
0.4288021
0.3433351
-0.1155163
0.2280223
0.4040901
0.08795791
0.08472089
-0.297567
0.08146862
-0.4125846
-0.4146953
-0.2754345
-0.399133
-0.3518741
-0.2386015
-0.2315541
-0.3598127
-0.228188
-0.3750949
0.1449034
0.2311823
0.1331189
-0.09120471
-0.2394343
0.06436131
-0.2057942
-0.1923299
-0.2704281
-0.1512764
0.09470428
0.4902235
-0.09980014
-0.03191085
0.02776576
0.1665403
0.4053309
-0.06514061
-0.1741473
-0.163404
0.2183544
-0.03024842
0.05753771
0.1308192
0.1539394
0.3450198
0.1708222
-0.08501898
0.1126321
0.09798025
0.2351536
0.5194
0.3356498
0.5827327
0.689451
0.08281233
-0.3046949
0.175909
0.2069425
-0.1065195
0.258668
0.4248999
0.06299429
-0.1227091
0.2304119
0.09040152
0.3309861
-0.06996689
-0.2960171
-0.01559457
-0.08405379
0.005647951
0.1625123
-0.003727857
-0.3897489
-0.3946438
0.1084698
0.3929225
-0.04458372
-0.09811096
0.1527081
-0.1285181
-0.09467716
-0.1328289
-0.1192605
-0.1785264
-0.2275568
-0.2431788
-0.3952372
0.07748827
-0.06358095
-0.2362036
-0.3830682
-0.1937441
-0.0001679648
-0.3297222
-0.5082993
-0.3230779
-0.1804338
-0.1357793
-0.2253002
-0.1968933
0.394845
0.4382691
-0.3010481
0.1968487
-0.05423946
0.6867083
0.1352291
0.4195328
-0.002627405
0.2619194
0.3537407
0.6976865
0.5261628
0.7380458
0.1418892
0.490883
-0.1738078
0.02969694
0.1867189
0.2465647
0.3284425
-0.2679696
0.02120656
-0.2684178
0.007963834
0.7236618
0.453559
0.02586605
0.3741077
0.2544337
-0.01272061
-0.03450345
-0.2994283
-0.03465773
-0.07232368
-0.3139138
-0.4295011
-0.4952543
0.006467656
0.3991121
-0.2188911
-0.4358328
-0.004104304
-0.07465666
-0.6789432
-0.5409016
-0.6585164
-0.4760461
-0.35555
-0.474733
-0.1743995
-0.3352322
-0.127807
-0.3442384
-0.1607939
-0.3794022
0.2710033
0.8179859
0.5583045
-0.2345417
0.08077138
0.3047223
0.0480771
0.381547
0.09692259
0.2333199
-0.03779327
-0.3455315
-0.1250134
-0.08470816
0.04228211
0.0765581
0.04216031
-0.453857
-0.2101142
0.3734238
0.4633851
0.04843241
-0.05510691
0.09312176
-0.04538538
-0.171542
-0.1839305
-0.3801607
-0.151778
-0.2807193
-0.2669842
-0.2732092
0.269916
0.08136782
-0.1555535
-0.2613815
-0.003664972
0.07250245
-0.3444961
-0.3600325
-0.2588774
-0.4364017
-0.3388572
-0.2465394
-0.1471622
0.05642833
0.1104982
-0.2322485
0.2153066
0.01185614
0.2457097
0.2323859
0.4057587
0.1988187
0.5234098
0.7836621
0.8102671
0.2053421
0.4884736
-0.06812083
0.008597907
0.09251172
0.009134528
0.1746047
-0.3243123
-0.1451021
-0.3559505
0.07696814
0.7862662
0.323302
0.2520564
0.3800959
0.151787
-0.0590139
-0.1381616
-0.3341695
-0.03682932
-0.1103269
-0.3147085
-0.3904233
-0.3810773
0.1156212
0.3180873
-0.05923353
-0.2420025
0.08711085
-0.1774421
-0.5083746
-0.4760357
-0.5716918
-0.3650489
-0.2283183
-0.4097349
-0.1660995
-0.3284465
-0.2133441
-0.3757791
-0.228399
-0.3473654
0.1573941
0.8107781
0.3061933
-0.2611676
-0.03514089
0.5881055
0.02672474
0.2738313
-0.07009564
0.006638695
-0.04322891
-0.03593098
0.08584322
-0.3406983
-0.1712295
-0.2331869
0.142117
0.6058582
0.2337537
0.1431724
0.2840965
-0.05934726
-0.155738
-0.1283935
-0.3880617
-0.01443013
-0.2201442
-0.2775661
-0.1738455
-0.1984058
-0.0980133
0.3857073
-0.1052971
-0.04041376
0.1303717
-0.04086657
-0.3056257
-0.1659936
-0.3607268
-0.1773867
-0.1142106
-0.2723945
-0.005159818
-0.1618401
-0.1731794
-0.08450672
-0.237138
-0.2364666
0.01835883
0.6391042
0.198993
-0.1583783
-0.07907052
0.09946306
0.4510269
-0.1508214
-0.08042047
0.07726
0.06735206
0.2062424
-0.2250516
-0.1453279
-0.396129
-0.06235089
0.8744762
0.6150166
0.3352754
0.3804705
0.2850021
0.01875371
-0.212845
-0.2277546
-0.05880019
-0.1292677
-0.2098497
-0.406403
-0.4264779
0.004935729
0.2941945
-0.05991207
-0.2396057
0.2440491
-0.07475924
-0.6179137
-0.5023341
-0.6567398
-0.5913458
-0.4145661
-0.3451216
-0.03700514
-0.3037767
-0.07533149
-0.3135049
0.0008127936
-0.1994292
0.2462723
0.8005145
0.4484523
-0.2001391
0.01236693
0.6577303
0.6003104
0.3623527
0.2764503
0.1713693
0.2693828
-0.1304316
-0.1760293
-0.1197898
0.02778221
-0.05985233
-0.1673207
0.05735284
0.03687798
0.3562327
0.008963236
-0.103917
-0.3237437
0.2786382
-0.06195473
-0.05956885
-0.1160838
-0.1097074
0.04618118
-0.08763546
-0.03340717
-0.138941
-0.1673315
-0.08139704
-0.1352564
-0.1530193
-0.1616005
-0.0005905103
0.02998716
-0.1976026
-0.2751506
-0.2177251
-0.183185
-0.2766013
-0.4609804
-0.4511282
-0.04143598
0.007405777
-0.1494226
0.000192647
0.2849469
0.408825
0.1297861
0.1748125
0.05544397
0.1147644
0.03249912
-0.03526844
-0.1739739
-0.0007079101
0.3140631
0.1767284
-0.05441604
0.09908505
0.1101947
-0.1084933
-0.1461609
-0.203704
0.03592204
-0.232951
-0.3152163
-0.2742698
-0.416724
-0.03207055
0.09649029
-0.2481704
-0.353242
-0.2125593
-0.1317631
-0.3745139
-0.4226531
-0.3538779
-0.1861419
-0.06557765
-0.3779166
-0.3414077
-0.1721871
-0.1437585
-0.4268042
-0.2884837
-0.5466237
0.3896514
0.3836502
0.2073105
-0.02296648
0.3219002
0.2672265
-0.1703311
-0.0893176
0.004455867
0.1713178
-0.03991403
0.05052837
-0.0209222
-0.3590407
-0.273323
-0.07761059
-0.2093823
-0.03707698
-0.06208236
-0.1787959
-0.004167675
0.1775836
0.02563451
-0.1089358
0.2896177
0.1088833
-0.02345827
-0.2177046
-0.01093397
0.02615639
-0.1893434
-0.04072995
0.2839505
0.2362898
0.230725
0.3048117
0.439723
0.265201
-0.01724452
0.2324341
-0.1794892
0.0883305
-0.240685
-0.2598297
0.08621879
-0.3766789
-0.4000786
0.2456454
0.2456811
0.4401687
0.4874994
0.4013337
0.03042771
0.1151188
0.5070147
0.5685637
-0.1779749
-0.3679648
0.08155408
0.3157738
0.1235332
0.1738381
0.33446
-0.1024499
0.416642
0.24274
0.1146394
-0.09606655
-0.02321049
-0.2034348
0.07387067
0.1405319
-0.00339624
0.1210321
-0.1708692
0.06635254
0.0675777
-0.04639012
0.1008641
0.08876512
0.0284073
-0.1484736
-0.2730727
-0.3440805
0.01368638
-0.4479744
-0.3184514
-0.2965679
0.009336337
-0.1397844
-0.01161855
0.02311955
0.6044433
0.5199455
0.07420173
0.02934294
0.1831059
0.318175
0.08915087
-0.03519734
0.277594
0.4314132
0.4418445
0.2167586
0.3739223
-0.2993358
0.2744462
0.09969845
0.1387575
-0.3019487
-0.2923648
0.05318419
0.1199676
0.1791414
-0.2458006
0.1190353
0.05451964
-0.1233892
-0.2040118
-0.2965049
-0.05970936
-0.1203262
-0.2900425
-0.2133246
-0.2003844
-0.2430266
-0.3970594
-0.410807
-0.3692179
-0.06015139
0.2137391
0.1740231
-0.1133073
0.1070684
0.7583531
0.04331409
0.11586
0.2596767
0.2220554
0.0522682
-0.1819536
0.167962
0.4073518
0.3932799
0.2929603
0.3364832
-0.1911775
0.2445205
0.3233727
0.2111424
-0.2881632
-0.1208822
-0.1356973
0.03531494
0.2221049
-0.1601568
0.1936102
-0.1373096
-0.1648462
-0.08394792
-0.2700102
-0.1668781
-0.08801004
-0.1316461
-0.03892112
-0.2849167
-0.2771607
-0.1438728
-0.4586844
-0.36235
-0.1243103
0.1585273
0.0762432
-0.04455313
0.05307271
-0.05949554
-0.1454043
0.02202034
0.07937813
0.2083685
-0.02915892
0.1769596
0.3545363
0.5231164
0.4085106
0.04069978
-0.3158972
0.2481606
0.4000379
0.1059047
-0.1400559
-0.1686093
0.01065885
0.1437696
0.2240295
-0.1322777
0.1936411
-0.1118739
-0.3762624
-0.1139848
-0.370521
-0.3019228
-0.1938479
-0.2290981
0.1075739
-0.2958516
-0.1687436
-0.05415144
-0.3739194
-0.3175468
-0.227675
0.1984434
0.03739395
-0.1658802
0.01185915
0.4230589
0.3573897
-0.09553714
-0.3128029
-0.1417675
-0.2264596
-0.4204465
-0.3892464
-0.0604139
0.1764731
0.3473047
-0.3338256
-0.02215641
-0.2506324
0.1054786
-0.0832597
-0.009639183
-0.2865976
-0.2300252
-0.2180517
-0.2529755
0.1385293
0.1424949
0.1074516
0.2611996
0.04765613
0.1113571
0.2064601
-0.08418969
0.3329869
-0.01289229
-0.03284147
0.2794283
0.0295932
0.2897074
-0.2990875
0.09538775
0.4825479
0.4059047
0.5004805
0.1842809
-0.1709112
-0.06475982
-0.1051445
-0.06589073
-0.2068927
-0.1095771
0.5164274
0.3488137
-0.0426978
-0.08858597
0.0369887
-0.1183155
-0.06836404
-0.220504
-0.04815446
-0.1860221
-0.05804361
-0.1289239
-0.04699204
0.04438963
0.009549572
0.1296971
0.009123863
-0.09564691
0.2663782
-0.07519957
0.1334714
-0.01528612
-0.0131286
0.09177277
0.05612595
0.1245113
-0.06460543
0.2122394
0.1116828
0.2052646
0.3601102
-0.3685264
-0.4256795
-0.09592129
0.05320676
-0.238556
0.1984167
0.6485719
0.4423378
0.2178948
0.1295315
0.325295
0.2024656
0.09458108
-0.3430226
0.02173339
0.1202939
0.2424774
0.07909882
0.06034681
0.1813689
0.4108992
0.340372
0.1697884
0.1144819
0.2818529
-0.02909922
-0.1122549
-0.1217883
0.1947486
-0.01579859
0.09196095
-0.2932765
-0.2341324
-0.1489473
0.1157018
-0.08835658
-0.07151459
-0.09793428
0.03231007
0.4241224
-0.125682
-0.1786096
0.3833906
-0.1927594
0.2284112
-0.1356067
0.07363748
-0.1619828
-0.07472318
-0.1805051
0.1519186
0.03463587
0.09900425
0.1623587
-0.2293531
0.1590251
0.02630493
0.04742251
0.1165296
-0.1057311
-0.0664661
0.01442698
-0.1961234
-0.2088671
0.06973169
-0.3045337
-0.166882
-0.2635444
0.06341437
-0.09274572
-0.1546358
-0.08712787
0.5383484
0.2210406
0.4776776
0.2624045
0.07828368
-0.1299344
-0.2328171
-0.0718029
-0.04073422
-0.1563879
-0.3177953
-0.353211
0.04708888
0.4161849
-0.005575886
-0.2173313
0.184126
-0.009367064
-0.6560748
-0.4682443
-0.6303681
-0.5986486
-0.4744258
-0.4083129
-0.05262044
-0.4132951
-0.07616552
-0.2632261
-0.01848342
-0.1747351
0.07601003
0.8343635
0.4383322
-0.3339848
-0.09309286
0.1869394
0.1351998
0.1904252
-0.04655012
-0.2718644
-0.1246889
-0.07964799
-0.2105683
-0.08944641
-0.2307279
-0.329722
-0.02000178
0.2456196
-0.2019256
-0.1013727
0.2361995
0.1332931
-0.4105254
-0.3345765
-0.3976509
-0.4316044
-0.4226138
-0.1231335
0.2395606
0.1358029
0.3219471
0.00258686
0.2979408
0.2401585
0.3125499
0.3903029
0.5558284
-0.1560382
0.1090535
0.3744859
0.4759182
0.5493555
0.1132308
0.03742679
0.2883418
0.2466452
0.5530618
-0.2693214
-0.06913229
-0.05279469
0.1749938
0.7603537
0.2964895
0.7177637
-0.03144436
0.1755962
0.08196446
-0.2050615
-0.1258493
0.009996
0.2054472
0.1935687
-0.1045674
-0.2042953
-0.1710064
-0.1647596
0.03148928
-0.1329417
0.1279376
-0.0584569
-0.1336507
-0.05370364
0.4355969
0.2169693
0.3208914
-0.2734698
0.4660153
0.2082585
0.3048753
-0.2382509
-0.1876018
-0.1767357
0.3774065
0.4179324
-0.05720072
0.3740248
-0.1846108
-0.2229783
-0.2665218
-0.4271998
-0.1272436
-0.1364088
-0.2099317
-0.09732848
-0.2879834
-0.1338825
-0.2025977
-0.4196783
-0.254929
-0.1379106
0.4474374
0.08187157
-0.35009
-0.2298986
0.4167222
-0.05025955
-0.24266
0.4674087
0.2807047
0.4080854
-0.2555187
-0.1750877
0.1549234
0.04995084
0.4032321
-0.01600809
0.2586345
-0.0179331
-0.2725904
-0.3055173
-0.4805282
-0.3193316
-0.1705552
-0.1460528
-0.04378118
-0.2736369
0.003402713
-0.3010588
-0.304105
-0.1862057
-0.1373149
0.2101068
0.01019712
-0.4115449
-0.03557612
0.1579936
0.3440201
0.186557
0.7294128
0.5891814
0.1353513
0.08460953
-0.0834526
0.196034
0.7278992
0.2868525
0.4946086
0.1113556
0.05335221
0.3430576
-0.01338911
-0.2071962
0.05589842
0.2805808
0.3041153
-0.2605231
-0.1732723
0.1045264
-0.06955179
0.05550411
-0.3505704
-0.02466146
-0.1378433
-0.1191581
0.05944673
0.2132279
0.174359
0.01766451
0.3325204
-0.1313661
-0.10326
-0.2635263
0.08671376
0.1998442
0.1252445
0.08186581
0.002580597
0.07497602
0.06783309
0.08992694
0.1238081
-0.07120507
0.02221277
-0.1849517
-0.0906726
-0.04772395
-0.07980189
-0.1601506
-0.02136902
-0.1234541
0.026725
0.0700613
-0.04568947
0.03936618
-0.1628737
0.3068636
0.2610213
0.3041902
0.2882645
-0.05450033
-0.2133613
0.1599079
0.405242
0.1920353
0.1291891
0.2300375
0.4168534
0.4730253
0.1129373
0.1236641
0.4369781
0.247096
0.02908637
0.126105
0.2385205
0.5755647
0.5067553
0.06878327
-0.2387396
-0.08473992
0.173349
0.00430328
0.2391175
0.501945
0.1442612
0.1186352
-0.3173193
0.09290258
0.3653455
0.2681353
0.2243712
-0.2201532
0.08503119
0.08827633
-0.07302186
0.2730098
0.1450898
0.1789785
0.05541547
-0.05774876
0.1077378
0.07377489
-0.4334449
-0.01427712
-0.2972394
-0.08990284
-0.2481258
-0.3831545
-0.3386174
0.3704964
0.2909582
0.3538993
0.04575109
-0.0568287
0.5502872
0.14349
0.2609637
-0.09566348
0.144341
0.2762019
0.07360866
0.02445009
0.3059556
0.3555318
0.4077117
-0.1236531
-0.1391663
0.2269691
-0.08790079
0.06682818
-0.2377185
-0.1087645
-0.2448918
-0.07664309
-0.1271984
0.1042091
0.1933726
-0.1857278
0.04536587
0.7355051
0.5982559
0.5493464
0.01502816
0.3033745
0.4086987
0.1965065
0.08222955
0.07692367
0.461037
0.264577
-0.09594069
0.09447641
0.2408217
-0.131211
0.2498317
-0.4750827
-0.2848811
-0.2586695
-0.228674
-0.2841565
0.6084097
-0.2041845
-0.1807088
0.07201474
0.4243508
-0.01680149
0.1128571
0.3236483
0.6828756
0.623882
0.4194114
0.3530786
0.4287234
0.4556182
0.2305096
0.3109318
0.5964189
0.2510757
0.3823457
-0.211637
-0.4818458
-0.4297927
0.1568289
-0.1022143
-0.09662776
-0.2605943
0.185246
0.493074
0.1172099
0.10951
0.4920852
0.5442547
0.6014754
0.4196751
0.2667309
0.3627628
0.4876216
0.07286607
0.2449096
0.6153546
0.244979
0.4379917
-0.2661204
-0.4649052
-0.3764717
0.2689125
-0.1772362
-0.3344783
-0.06393987
-0.2146505
-0.134388
0.03963809
0.04309743
-0.2474175
0.02411817
-0.03215027
0.1465094
-0.2829427
-0.1197929
0.104713
0.009445663
-0.2891454
0.1375675
-0.08906924
0.1483098
0.02949842
0.02550323
-0.003612762
0.01506188
0.1289809
-0.08031229
0.1762682
0.2167837
-0.3187628
-0.09435007
-0.4373601
-0.2858822
-0.3749829
-0.06637423
-0.01696796
-0.2094217
-0.1772407
0.0868738
-0.1283628
-0.0653412
-0.202431
0.3585039
0.2972531
-0.2565844
0.02393315
0.4236503
0.6245727
-0.06419639
0.3718398
0.3466116
0.07546581
0.05853614
0.2632106
0.3438625
0.2316104
-0.1598886
-0.1940057
0.04748678
-0.2420805
-0.005287623
-0.3801387
-0.1350289
-0.3821573
-0.1735114
-0.1736819
0.5705031
0.1476169
0.3697472
0.6435508
0.5640989
0.2702607
0.05087047
0.4931048
0.4559143
-0.0639485
0.3441067
0.5611827
0.2189508
0.5807201
-0.4249603
-0.3261319
-0.3096404
0.03008181
-0.1636434
0.01994233
0.1332127
0.3059573
0.03273045
-0.1103606
-0.07312582
0.2242457
0.3589615
-0.1318637
0.01709551
0.1378355
0.08643503
0.3169138
-0.245507
0.1149559
-0.01969652
-0.005212033
-0.05995608
0.06884212
0.1840504
0.191252
-0.116079
-0.2343697
0.1273725
0.1314591
0.163205
0.1776088
0.2947609
0.4313229
0.2816661
0.0110652
-0.119842
0.3479437
0.391034
0.2721381
0.6096974
0.6964541
0.6668384
0.6322936
0.5560795
0.2582163
0.4250518
-0.0588332
0.3071987
-0.03807284
0.1433271
-0.07786315
-0.6793218
-0.4784168
0.3218509
-0.01630611
0.7386759
0.4034471
0.3461669
0.6280477
0.4994642
0.1741977
0.046472
0.6423208
0.123544
0.4073363
-0.4387876
-0.5892221
-0.4265383
0.2681824
-0.0934148
0.5467137
0.3599195
0.4750517
0.3208508
0.3165457
0.2860387
0.5347853
0.3206916
0.4194961
-0.1509413
-0.7150117
-0.3638418
0.3950039
0.01790878
0.6766582
0.3380484
0.08986096
0.4643714
0.1702662
0.2504207
-0.1185646
0.1325996
0.04837527
-0.4957183
-0.3672229
0.2432055
-0.170055
0.3350858
0.03372698
0.3963793
-0.137085
0.02748258
-0.2613234
-0.1469716
0.1492948
-0.3582158
-0.4793922
0.196412
-0.1111597
0.4571634
0.3177304
0.05806469
0.5386541
0.1309361
0.3982785
-0.2018779
-0.5396125
-0.3254537
0.1245721
-0.05652172
0.1975532
0.2591762
0.6992588
0.3111514
0.451241
-0.1715998
-0.2451942
-0.1314915
-0.01938728
-0.1967342
0.4146675
0.2364791
0.2470353
0.2884224
0.431199
-0.465916
0.08565555
0.3303126
0.1396096
0.417064
0.5143927
0.5986955
0.179367
-0.1761489
0.2868852
0.05816803
-0.09266577
0.3469893
0.5808253
-0.3544246
-0.4537975
-0.08658354
0.1557315
-0.1775015
0.7201466
0.2204184
-0.1133211
0.311961
0.3357385
0.05658642
-0.1371598
-0.3227988
0.09048437
0.1517943
-0.1429951
0.1840922
0.31848
0.2415067
0.2802001
0.4927643
-0.2895766
-0.03003691
0.1628172
0.2161349
0.4441103
